4.959999999999999964e+00
2.919999999999999929e+00
1.459999999999999964e+00
7.639999999999999680e+00
2.242000000000000171e+01
4.625000000000000000e+00
4.469999999999999751e+00
4.490000000000000213e+00
6.509999999999999787e+00
2.075000000000000178e+00
5.110000000000000320e+00
1.088000000000000078e+01
3.797000000000000153e+00
2.166000000000000014e+01
5.544999999999999929e+00
3.044999999999999929e+00
9.705000000000000071e+00
1.141999999999999993e+01
7.589999999999999858e+00
1.118999999999999950e+01
9.925000000000000711e+00
1.899999999999999911e+00
1.033000000000000007e+01
8.740000000000000213e+00
8.269999999999999574e+00
2.078999999999999915e+01
4.799999999999999822e+00
2.495000000000000107e+00
2.001000000000000156e+01
3.210000000000000142e+01
3.242000000000000171e+01
3.060500000000000043e+01
9.904999999999999361e+00
1.410999999999999943e+01
1.623000000000000043e+01
2.823000000000000043e+01
1.960999999999999943e+01
3.407999999999999829e+01
3.817999999999999972e+01
3.862500000000000000e+01
4.536500000000000199e+01
1.258999999999999986e+01
2.048999999999999844e+01
3.239500000000000313e+01
3.710000000000000142e+01
3.367999999999999972e+01
3.239000000000000057e+01
4.139000000000000057e+01
3.442999999999999972e+01
2.173000000000000043e+01
