3.193438858466655927e-02
1.987523391433870454e-02
3.868095019947740548e-02
8.629656744662421441e-03
2.491029646803880754e-02
2.034680319403587428e-02
3.483145956020156780e-02
8.586303465447971822e-03
1.071126209404098945e-02
1.127639141486138155e-02
3.003442344365839060e-03
9.603302474159832250e-03
1.262153632267770144e-02
1.709367800412107605e-02
4.544939832946865571e-02
2.168310245049778415e-02
2.290179995203124250e-02
4.838172294469402640e-02
1.104104938734654963e-02
2.175077708646316194e-02
8.344507994891746383e-03
1.582195627751467604e-02
2.410122808786554355e-02
1.450163934174377237e-02
1.803146622202805166e-02
2.385918598882420111e-02
6.756938343647255277e-03
8.107718462707389634e-03
1.348341978311614090e-03
9.939654486596940716e-03
2.878946427367150198e-03
2.228874707338438302e-03
9.927225308089759025e-04
5.485613853421878600e-03
1.703559041329135576e-02
1.765009194870269943e-02
1.342903903530850290e-03
7.460789831977843178e-04
1.792074177258730317e-03
8.168530067845807983e-04
3.169927012831873486e-03
4.162913879765116343e-02
7.848236077224983454e-02
2.042838137986675573e-01
1.350747493777394552e-02
3.621306465436004152e-02
1.029237861890787697e-01
2.965594243541847495e-03
4.060222120039534699e-02
1.376849864243843424e-01
