4.672671183657180899e-02
2.052300970437340860e-02
2.525123371676695275e-02
1.938537412960528172e-02
3.417579520117984548e-02
1.675892447930013920e-02
2.357747056460464050e-02
6.639246645513433194e-03
1.753441135376182514e-02
1.381349479556302946e-02
2.254527503580799983e-03
7.036358991759401535e-03
2.256785112398134938e-02
2.440080829217020769e-02
2.465900618474949416e-02
1.400650874497312050e-02
8.039369638690806175e-03
7.886261866313713786e-02
7.009451273160496702e-03
1.818343513784757143e-02
1.222126223511863646e-02
2.587182866882211177e-02
3.114625500338953287e-02
1.222949293455425149e-02
2.867512337221875263e-02
1.773057819328970400e-02
4.643616692626103756e-03
1.244493208736040420e-02
1.509293567021758415e-03
7.403405992621514553e-03
4.301128217702824934e-03
1.085268719614553620e-03
1.262404086956875251e-03
5.341939008036319415e-03
1.516104548705558483e-02
1.360806820928380477e-02
1.658860786957129302e-03
6.374986457267650414e-04
2.182993583293242092e-03
4.714608854810315862e-04
3.524010833076050148e-03
4.555209035397864148e-02
6.261037851675736732e-02
2.702556195708064601e-01
1.247259726928641628e-02
2.506359353190807868e-02
1.231532601243340019e-01
2.391047818520305665e-03
3.704750832690315021e-02
1.507492904334563066e-01
