1.455052153809399895e+00
9.217659887859999124e-01
1.507333371595795724e+00
8.095920489865704450e-01
2.572045693489300344e+00
1.132155356037999994e+00
1.459877043000500363e+00
7.294664617762980363e-01
9.581240689969197089e-01
8.654230279982499940e-01
4.147398710186125381e-01
9.873953359617997361e-01
9.280976052505123253e-01
1.563132804704000733e+00
1.834261682175005514e+00
1.016280878068524851e+00
1.414394442037300248e+00
2.368965526611997774e+00
9.687618778680502363e-01
1.194774767945700145e+00
9.704567093912397358e-01
1.030545365076599662e+00
2.000130894421661587e+00
1.013553106208024968e+00
1.340152177262372790e+00
2.013713758994303049e+00
6.351908394710998884e-01
5.678932128141499502e-01
4.620320827455261514e-01
2.088475629454238813e+00
7.443530944071161670e-01
8.793992596527375749e-01
4.078366909780611893e-01
1.093088378222953461e+00
2.149801876836072712e+00
2.501807800270415161e+00
6.184860053935558044e-01
4.954348884072941606e-01
9.108053779512852444e-01
5.445194359238408888e-01
1.334421981276133984e+00
2.931547648421689356e+00
4.532448463780211156e+00
8.253914758581359479e+00
2.721956021760485456e+00
3.337999527379807763e+00
6.009109300983682900e+00
1.021607512568371678e+00
3.895552232781081869e+00
6.488985136508458318e+00
