6.070000000000000284e+00
3.140000000000000124e+00
2.609999999999999876e+00
6.339999999999999858e+00
2.419999999999999929e+01
4.490000000000000213e+00
3.959999999999999964e+00
3.549999999999999822e+00
8.169999999999999929e+00
6.115000000000000213e+00
7.629999999999999893e+00
7.059999999999999609e+00
5.924999999999999822e+00
2.092000000000000171e+01
5.740000000000000213e+00
1.735000000000000098e+00
4.605000000000000426e+00
7.480000000000000426e+00
7.004999999999999893e+00
9.750000000000000000e+00
1.182499999999999929e+01
4.219999999999999751e+00
1.345500000000000007e+01
7.424999999999999822e+00
8.320000000000000284e+00
1.905999999999999872e+01
5.099999999999999645e+00
2.540000000000000036e+00
1.794000000000000128e+01
3.807000000000000028e+01
3.093499999999999872e+01
1.864000000000000057e+01
1.052999999999999936e+01
1.591000000000000014e+01
1.915500000000000114e+01
2.030000000000000071e+01
2.376000000000000156e+01
3.263000000000000256e+01
3.775999999999999801e+01
3.821500000000000341e+01
3.485999999999999943e+01
1.457000000000000028e+01
1.556499999999999950e+01
3.185000000000000142e+01
3.302000000000000313e+01
2.510000000000000142e+01
3.442999999999999972e+01
3.832000000000000028e+01
3.954999999999999716e+01
2.108999999999999986e+01
