1.000000000000000021e-02
1.000000000000000021e-02
1.000000000000000021e-02
1.000000000000000021e-02
1.000000000000000021e-02
5.000000000000000104e-03
1.000000000000000021e-02
1.000000000000000021e-02
1.000000000000000021e-02
5.000000000000000104e-03
5.000000000000000104e-03
2.000000000000000042e-02
2.500000000000000052e-03
2.000000000000000042e-02
5.000000000000000104e-03
5.000000000000000104e-03
5.000000000000000104e-03
2.000000000000000042e-02
5.000000000000000104e-03
1.000000000000000021e-02
5.000000000000000104e-03
2.000000000000000042e-02
5.000000000000000104e-03
5.000000000000000104e-03
5.000000000000000104e-03
5.000000000000000104e-03
1.000000000000000021e-02
5.000000000000000104e-03
5.000000000000000104e-03
2.999999999999999889e-02
5.000000000000000104e-03
5.000000000000000104e-03
5.000000000000000104e-03
5.000000000000000104e-03
5.000000000000000104e-03
1.000000000000000021e-02
1.000000000000000021e-02
1.000000000000000021e-02
1.000000000000000021e-02
5.000000000000000104e-03
5.000000000000000104e-03
5.000000000000000104e-03
5.000000000000000104e-03
5.000000000000000104e-03
1.000000000000000021e-02
1.000000000000000021e-02
1.000000000000000021e-02
1.000000000000000021e-02
1.000000000000000021e-02
1.000000000000000021e-02
