-1.087880000000000054e-03
-1.072250000000000069e-03
-1.068439999999999928e-03
-1.055640000000000051e-03
-1.051630000000000013e-03
-1.033929999999999962e-03
-1.021119999999999927e-03
-9.981379999999999766e-04
-9.953920000000001083e-04
-9.957550000000000776e-04
-1.014909999999999944e-03
-1.032179999999999946e-03
-1.067790000000000102e-03
-1.091380000000000084e-03
-1.116620000000000026e-03
-1.133190000000000065e-03
-1.164340000000000036e-03
-1.192080000000000093e-03
-1.229660000000000041e-03
-1.226829999999999934e-03
-1.174630000000000075e-03
-1.074969999999999962e-03
-9.748779999999999859e-04
-9.847930000000000832e-04
-1.162480000000000024e-03
-1.402229999999999970e-03
-1.662159999999999983e-03
-1.920519999999999996e-03
-2.049019999999999921e-03
-1.971909999999999896e-03
-1.824389999999999953e-03
-1.671039999999999939e-03
-1.525700000000000060e-03
-1.354249999999999985e-03
-1.208689999999999895e-03
-1.086780000000000081e-03
-9.710320000000000366e-04
-8.624760000000000412e-04
-9.728879999999999863e-04
-1.322669999999999966e-03
-1.749200000000000017e-03
-2.159349999999999985e-03
-2.520290000000000117e-03
-2.681269999999999921e-03
-2.639310000000000180e-03
-2.556559999999999822e-03
-2.492269999999999989e-03
-2.422500000000000174e-03
-2.301749999999999977e-03
-2.115099999999999966e-03
-1.638109999999999913e-03
-1.594479999999999899e-03
-2.377799999999999792e-03
-2.914570000000000008e-03
-2.385120000000000122e-03
-1.792760000000000013e-03
-1.890039999999999949e-03
-2.293470000000000144e-03
-2.183309999999999938e-03
-1.477079999999999973e-03
-8.283809999999999958e-04
-1.575449999999999941e-03
-2.503120000000000171e-03
-6.758299999999999854e-04
3.474140000000000127e-03
4.653730000000000019e-03
7.626240000000000492e-04
-5.612879999999999779e-03
-9.416280000000000830e-03
-7.864609999999999310e-03
-3.598539999999999899e-03
-7.503409999999999637e-04
-1.816040000000000102e-03
-4.013889999999999993e-03
-4.395510000000000042e-03
-3.958009999999999654e-03
-4.131680000000000422e-03
-5.379939999999999722e-03
-4.938879999999999659e-03
7.356139999999999944e-04
9.601409999999999459e-03
-8.043220000000000014e-04
-1.579380000000000020e-02
-1.168579999999999966e-02
3.404739999999999850e-03
1.040310000000000019e-02
-1.126100000000000104e-03
-1.874440000000000134e-02
-1.698159999999999947e-02
5.168909999999999651e-03
1.462469999999999916e-02
2.800599999999999878e-03
-9.957940000000000194e-03
-4.418749999999999935e-03
1.314919999999999978e-02
1.283770000000000050e-02
-9.963790000000000147e-03
-2.021970000000000017e-02
-3.996640000000000088e-03
1.256170000000000030e-02
4.251809999999999964e-03
-2.024300000000000058e-02
-3.939150000000000290e-02
-2.496119999999999936e-02
1.646099999999999994e-02
3.117479999999999904e-02
4.737879999999999869e-03
-1.667249999999999982e-02
-8.436710000000000043e-03
1.200840000000000067e-02
1.697560000000000041e-02
4.739939999999999778e-03
-9.235880000000000131e-03
-1.145520000000000045e-02
1.306890000000000005e-03
9.403170000000000625e-03
-1.018339999999999957e-03
-9.306889999999999954e-03
-4.488279999999999874e-03
-7.068489999999999539e-04
-5.326530000000000327e-03
-1.006040000000000059e-02
-9.839399999999999882e-03
-2.505799999999999868e-03
1.217599999999999932e-02
1.582180000000000045e-02
-6.794539999999999955e-03
-2.313389999999999891e-02
-9.774730000000000571e-03
1.719089999999999854e-02
2.280940000000000051e-02
2.009500000000000001e-03
-2.287120000000000125e-02
-2.451340000000000116e-02
-4.436709999999999959e-03
1.138529999999999924e-02
8.047759999999999289e-03
-6.275349999999999852e-03
-1.035589999999999948e-02
8.787699999999999635e-04
7.249010000000000176e-03
-1.015709999999999964e-03
-5.697510000000000248e-03
2.760799999999999886e-03
1.273859999999999923e-02
1.546239999999999941e-02
7.962429999999999508e-03
-6.621260000000000340e-03
-2.067940000000000056e-02
-1.541509999999999929e-02
7.484310000000000311e-04
-3.561770000000000127e-03
-1.607060000000000086e-02
-1.518289999999999917e-02
-4.291610000000000390e-03
5.763859999999999990e-03
1.199350000000000069e-02
1.408730000000000052e-02
7.056060000000000283e-03
1.796010000000000011e-03
7.472880000000000321e-03
1.432340000000000002e-02
8.911719999999999711e-03
-5.124890000000000001e-03
-4.714939999999999930e-03
1.245120000000000081e-02
2.080589999999999870e-02
1.176020000000000017e-02
-1.707670000000000108e-03
-1.383739999999999970e-02
-6.601019999999999978e-03
1.320960000000000016e-02
9.360230000000000633e-03
-3.025490000000000037e-03
1.158730000000000003e-02
3.674630000000000257e-02
3.688539999999999874e-02
1.406959999999999981e-02
-8.946110000000000173e-03
-8.176430000000000156e-03
1.366799999999999959e-02
1.727040000000000172e-02
-4.307929999999999746e-03
-1.267229999999999919e-02
-2.844150000000000150e-03
4.597870000000000429e-03
4.405670000000000419e-03
2.252660000000000079e-03
2.657459999999999944e-03
3.354310000000000104e-03
2.781379999999999963e-03
4.922069999999999744e-03
9.406299999999999384e-03
7.970829999999999929e-03
6.529769999999999845e-03
1.240420000000000064e-02
1.576009999999999911e-02
5.215560000000000161e-03
-1.695190000000000065e-03
3.090880000000000060e-04
-2.910709999999999947e-03
1.722539999999999944e-04
6.811219999999999775e-03
1.154269999999999949e-02
1.772220000000000045e-02
1.817339999999999928e-02
1.067539999999999982e-02
5.555389999999999677e-04
-1.873840000000000098e-03
5.176960000000000416e-03
1.496480000000000032e-02
2.050700000000000092e-02
1.460730000000000015e-02
3.749669999999999761e-04
-2.818399999999999985e-03
6.204349999999999969e-03
7.216619999999999979e-03
2.293700000000000079e-04
-1.663779999999999903e-03
-1.933489999999999948e-03
-6.296799999999999967e-03
-3.112419999999999857e-03
7.415480000000000335e-03
1.093009999999999989e-02
4.601090000000000388e-03
-3.996180000000000218e-03
-6.125519999999999750e-03
-3.236600000000000067e-03
-1.984950000000000028e-04
9.593720000000000026e-04
1.770080000000000047e-03
2.834699999999999893e-03
3.289219999999999818e-03
1.014219999999999922e-03
-1.342819999999999995e-03
4.082129999999999787e-03
1.690219999999999917e-02
1.542999999999999927e-02
2.016790000000000076e-03
-7.453000000000000423e-03
-8.745879999999999280e-03
-5.648969999999999686e-03
-2.781459999999999922e-03
-2.920320000000000121e-04
3.930480000000000085e-03
7.549179999999999953e-03
8.606110000000000149e-03
8.578979999999999939e-03
8.947240000000000401e-03
9.636769999999999364e-03
6.988659999999999838e-03
-5.677589999999999964e-05
-7.073770000000000058e-03
-9.013250000000000428e-03
-6.028870000000000409e-03
-6.682170000000000297e-04
6.657340000000000306e-03
1.361330000000000005e-02
1.272709999999999987e-02
3.860409999999999883e-03
1.267749999999999953e-02
1.255659999999999936e-02
5.718789999999999638e-04
-8.496540000000000342e-04
-9.214899999999999827e-03
-2.104409999999999961e-02
-1.352169999999999934e-02
1.169380000000000072e-02
2.960180000000000103e-02
9.501749999999999780e-03
-1.338229999999999975e-02
-5.836730000000000043e-03
1.200170000000000056e-02
2.264530000000000015e-02
1.774709999999999829e-02
-1.447909999999999952e-03
-1.441319999999999928e-02
-2.375819999999999842e-03
6.993130000000000179e-03
-6.184620000000000048e-03
-1.920869999999999869e-02
-6.638960000000000174e-03
2.157059999999999880e-02
4.709789999999999810e-02
4.056599999999999789e-02
1.531109999999999936e-02
1.021180000000000004e-02
2.031389999999999932e-02
2.740649999999999857e-03
-1.936840000000000089e-02
-1.412960000000000084e-02
-9.877099999999999335e-05
-5.942539999999999628e-03
-3.089209999999999873e-02
-4.598959999999999854e-02
-3.051989999999999911e-02
2.854530000000000088e-03
7.281440000000000135e-03
-2.412459999999999952e-02
-6.140049999999999675e-02
-8.975650000000000295e-02
-1.000159999999999938e-01
-8.560979999999999979e-02
-6.650920000000000443e-02
-6.789870000000000627e-02
-6.548189999999999567e-02
-7.054670000000000385e-02
-1.027030000000000026e-01
-1.170479999999999993e-01
-7.529629999999999657e-02
-1.648470000000000144e-02
1.499160000000000076e-02
2.170410000000000048e-02
9.970639999999999364e-03
-1.023899999999999984e-02
-4.247899999999999766e-03
2.294759999999999855e-02
2.546860000000000096e-02
1.798450000000000049e-02
1.948239999999999954e-03
-1.759739999999999915e-02
-2.217720000000000108e-02
-3.393999999999999795e-02
-2.974080000000000126e-02
1.175320000000000011e-02
6.819250000000000311e-02
9.888429999999999442e-02
9.825079999999999925e-02
7.712919999999999499e-02
5.377300000000000135e-02
4.283519999999999689e-02
1.288109999999999949e-02
-3.863790000000000280e-02
-4.500959999999999683e-02
5.820050000000000223e-03
2.774350000000000080e-02
6.069950000000000172e-03
-1.798599999999999852e-02
-3.617419999999999664e-02
-1.266770000000000049e-02
5.749760000000000287e-02
1.256510000000000127e-01
1.710129999999999983e-01
1.775980000000000059e-01
1.159469999999999945e-01
1.016300000000000016e-02
-1.281320000000000028e-02
6.697580000000000200e-02
1.101379999999999998e-01
6.131600000000000245e-02
-1.735570000000000168e-02
-7.761469999999999481e-02
-1.204210000000000003e-01
-1.079959999999999948e-01
-2.400149999999999853e-02
3.786570000000000213e-02
2.906419999999999837e-02
-1.417889999999999949e-02
-5.131070000000000075e-02
-5.511259999999999770e-02
-1.988149999999999987e-02
1.851799999999999974e-02
3.453830000000000094e-02
2.330520000000000161e-02
-1.973599999999999834e-03
-1.184370000000000041e-02
1.650439999999999893e-02
7.027619999999999700e-02
1.236669999999999991e-01
1.598749999999999893e-01
1.495039999999999980e-01
9.971090000000000508e-02
4.780709999999999821e-02
4.455279999999999657e-02
9.839249999999999385e-02
1.520870000000000000e-01
1.765599999999999947e-01
1.489820000000000033e-01
8.812870000000000426e-02
3.882449999999999790e-02
1.747659999999999839e-02
1.224210000000000055e-02
-1.365279999999999966e-02
-6.614799999999999847e-02
-1.069200000000000012e-01
-1.149420000000000025e-01
-9.734800000000000397e-02
-9.338490000000000679e-02
-1.138330000000000036e-01
-1.089119999999999949e-01
-4.750519999999999743e-02
-9.322769999999999321e-03
-3.652939999999999660e-02
-7.672339999999999716e-02
-8.986199999999999743e-02
-9.187639999999999696e-02
-1.090819999999999984e-01
-1.248940000000000050e-01
-1.343989999999999907e-01
-1.518230000000000135e-01
-1.694199999999999873e-01
-1.463700000000000001e-01
-8.218459999999999654e-02
-1.154859999999999914e-02
4.841949999999999726e-02
7.672819999999999641e-02
5.275610000000000022e-02
-4.430790000000000423e-03
-6.017490000000000339e-02
-7.447429999999999328e-02
-2.189570000000000058e-02
2.653000000000000150e-02
3.810539999999999761e-02
6.291449999999999820e-02
1.186439999999999995e-01
1.750120000000000009e-01
2.077279999999999960e-01
2.272009999999999863e-01
2.438349999999999962e-01
2.306499999999999939e-01
1.806939999999999935e-01
1.113330000000000014e-01
3.890459999999999752e-02
1.275729999999999920e-02
3.878510000000000291e-02
5.075090000000000157e-02
2.345670000000000047e-02
3.567009999999999799e-03
2.064080000000000081e-02
5.399659999999999876e-02
5.068469999999999920e-02
2.548059999999999995e-03
-2.375369999999999912e-02
-4.432499999999999808e-03
2.473819999999999839e-02
1.328359999999999957e-02
-4.476129999999999692e-02
-9.490640000000000187e-02
-5.706939999999999930e-02
4.820170000000000010e-02
8.837190000000000323e-02
5.223459999999999909e-02
2.181740000000000068e-02
9.630239999999999981e-03
-1.476509999999999975e-02
-3.376259999999999678e-02
-1.364910000000000082e-02
5.236949999999999765e-03
-1.170440000000000022e-02
-4.223609999999999864e-02
-6.180150000000000227e-02
-4.011789999999999801e-02
1.381119999999999917e-02
6.247289999999999788e-02
6.754789999999999406e-02
3.884139999999999815e-02
2.066389999999999894e-02
3.209130000000000316e-02
4.630990000000000106e-02
2.992919999999999955e-02
-2.613719999999999932e-02
-8.802920000000000189e-02
-1.139489999999999947e-01
-1.029299999999999937e-01
-8.296299999999999508e-02
-7.719020000000000048e-02
-8.709169999999999412e-02
-9.455249999999999766e-02
-8.783689999999999554e-02
-7.495580000000000298e-02
-7.484200000000000574e-02
-8.729629999999999335e-02
-1.004970000000000030e-01
-9.754519999999999857e-02
-7.305630000000000457e-02
-4.864779999999999799e-02
-4.165630000000000027e-02
-2.706810000000000119e-02
1.483229999999999965e-02
7.114360000000000128e-02
1.063579999999999942e-01
9.495820000000000649e-02
3.017680000000000015e-02
-1.429219999999999970e-02
-1.997070000000000095e-03
2.739209999999999909e-02
4.630200000000000288e-02
5.618549999999999933e-02
5.517629999999999757e-02
3.315200000000000091e-02
9.309029999999999876e-05
3.279080000000000189e-03
5.855810000000000182e-02
1.090659999999999963e-01
1.152389999999999942e-01
7.667830000000000479e-02
1.621030000000000040e-02
-1.671490000000000128e-02
4.980390000000000338e-03
5.276929999999999815e-02
6.323310000000000042e-02
3.295349999999999668e-02
2.813050000000000099e-03
-5.530449999999999472e-04
2.223179999999999948e-02
4.062310000000000226e-02
2.409980000000000108e-02
-2.078500000000000139e-02
-6.456459999999999977e-02
-8.178059999999999496e-02
-7.962070000000000258e-02
-1.251450000000000062e-01
-1.913400000000000101e-01
-2.108230000000000104e-01
-1.938829999999999998e-01
-1.831329999999999902e-01
-1.894929999999999948e-01
-1.977079999999999949e-01
-1.983999999999999930e-01
-1.952740000000000031e-01
-1.931579999999999964e-01
-1.901329999999999965e-01
-1.804620000000000113e-01
-1.655999999999999972e-01
-1.560920000000000085e-01
-1.584000000000000130e-01
-1.601980000000000071e-01
-1.451010000000000078e-01
-1.217580000000000051e-01
-9.962329999999999797e-02
-7.833360000000000323e-02
-6.897409999999999652e-02
-4.853980000000000100e-02
-7.413129999999999546e-04
4.999440000000000134e-02
8.340110000000000579e-02
9.626999999999999447e-02
9.010609999999999453e-02
7.426000000000000656e-02
5.796930000000000138e-02
4.378640000000000310e-02
3.720939999999999664e-02
4.518980000000000219e-02
4.060890000000000333e-02
1.666180000000000092e-02
1.292289999999999932e-02
3.802330000000000293e-02
5.215609999999999691e-02
3.536899999999999766e-02
6.691230000000000268e-03
-8.958950000000000247e-03
-1.053630000000000018e-02
-1.184430000000000031e-02
-2.413939999999999836e-02
-4.841039999999999927e-02
-7.452229999999999965e-02
-7.642010000000000469e-02
-4.422399999999999942e-02
-2.218389999999999945e-02
-3.322060000000000290e-02
-5.784829999999999833e-02
-7.999489999999999379e-02
-9.958820000000000172e-02
-1.194869999999999960e-01
-1.079940000000000067e-01
-8.308160000000000545e-02
-8.657099999999999518e-02
-9.805919999999999914e-02
-9.936150000000000537e-02
-1.008140000000000008e-01
-1.040169999999999983e-01
-9.596119999999999650e-02
-7.723399999999999710e-02
-6.392009999999999359e-02
-6.629920000000000258e-02
-6.962519999999999820e-02
-5.447430000000000327e-02
-2.383599999999999955e-02
6.692980000000000283e-03
2.368649999999999922e-02
2.257879999999999956e-02
2.489879999999999871e-02
4.058649999999999758e-02
5.186120000000000313e-02
4.796349999999999919e-02
3.947640000000000177e-02
3.449809999999999682e-02
3.632439999999999974e-02
5.178420000000000245e-02
7.811189999999999800e-02
9.771789999999999643e-02
1.032409999999999994e-01
1.019300000000000067e-01
1.027720000000000022e-01
1.109160000000000007e-01
1.237209999999999976e-01
1.194970000000000060e-01
8.533150000000000457e-02
4.156579999999999997e-02
1.439460000000000045e-02
3.470979999999999812e-03
1.186350000000000078e-02
3.329239999999999977e-02
2.845229999999999981e-02
-3.959009999999999786e-03
-7.094139999999999648e-03
2.965529999999999902e-02
6.672690000000000565e-02
7.235640000000000127e-02
5.335659999999999709e-02
3.185620000000000118e-02
5.656259999999999760e-02
1.280769999999999964e-01
1.957399999999999973e-01
2.189859999999999862e-01
2.123849999999999905e-01
2.141579999999999873e-01
2.240080000000000127e-01
2.118039999999999923e-01
1.646209999999999896e-01
9.848769999999999747e-02
5.700000000000000205e-02
4.145970000000000211e-02
1.859099999999999989e-02
-9.353610000000000049e-03
-9.583549999999999708e-03
1.924359999999999959e-02
3.505330000000000251e-02
1.534489999999999986e-02
-6.514480000000000010e-04
1.341870000000000042e-02
3.839519999999999739e-02
5.673419999999999852e-02
4.814449999999999980e-02
2.309850000000000098e-02
1.336979999999999939e-02
1.510869999999999921e-02
6.757220000000000414e-03
-1.226750000000000063e-02
-3.163969999999999977e-02
-3.961830000000000213e-02
-3.870620000000000310e-02
-4.584490000000000093e-02
-6.673389999999999878e-02
-8.375230000000000175e-02
-9.223220000000000030e-02
-1.056580000000000019e-01
-1.084139999999999965e-01
-9.262149999999999550e-02
-9.299440000000000484e-02
-9.618050000000000210e-02
-6.734729999999999883e-02
-1.613399999999999904e-02
3.168159999999999726e-02
6.872019999999999518e-02
9.123770000000000491e-02
1.075030000000000013e-01
1.279959999999999987e-01
1.327280000000000126e-01
1.138880000000000031e-01
9.136360000000000314e-02
8.016099999999999615e-02
6.820289999999999686e-02
4.646290000000000142e-02
2.256760000000000016e-02
4.965589999999999761e-03
-8.391419999999999695e-04
1.702279999999999972e-04
-1.013080000000000057e-02
-3.358119999999999855e-02
-5.921180000000000193e-02
-8.148769999999999625e-02
-1.006699999999999956e-01
-9.252820000000000489e-02
-5.036000000000000199e-02
2.159879999999999873e-03
4.979229999999999767e-02
9.285079999999999723e-02
1.287669999999999926e-01
1.520019999999999982e-01
1.663380000000000136e-01
1.697680000000000022e-01
1.500420000000000087e-01
1.221860000000000029e-01
1.077940000000000009e-01
1.038580000000000059e-01
1.035439999999999972e-01
1.045600000000000002e-01
1.085290000000000005e-01
1.154730000000000062e-01
1.224760000000000015e-01
1.279180000000000039e-01
1.204459999999999975e-01
9.799140000000000628e-02
7.560930000000000428e-02
5.897920000000000246e-02
4.469669999999999893e-02
3.640970000000000317e-02
3.216949999999999671e-02
1.541780000000000060e-02
-1.057109999999999994e-02
-2.343539999999999859e-02
-2.081080000000000083e-02
-2.229389999999999844e-02
-4.608580000000000315e-02
-8.611449999999999660e-02
-1.207440000000000041e-01
-1.399720000000000131e-01
-1.470839999999999925e-01
-1.505859999999999976e-01
-1.482269999999999976e-01
-1.396100000000000119e-01
-1.286269999999999913e-01
-1.144799999999999984e-01
-9.250800000000000689e-02
-6.498400000000000010e-02
-3.812610000000000304e-02
-2.927340000000000150e-02
-4.325079999999999897e-02
-6.365279999999999549e-02
-5.449550000000000227e-02
-9.343239999999999185e-03
4.418529999999999680e-02
8.507530000000000647e-02
1.016900000000000026e-01
1.033079999999999971e-01
1.039920000000000011e-01
1.071809999999999985e-01
1.097640000000000005e-01
1.118790000000000062e-01
1.141540000000000055e-01
1.163619999999999932e-01
1.030520000000000047e-01
5.019440000000000013e-02
-3.211030000000000134e-02
-1.145290000000000058e-01
-1.746290000000000064e-01
-1.933300000000000018e-01
-1.952450000000000019e-01
-2.095740000000000103e-01
-2.343619999999999870e-01
-2.570359999999999867e-01
-2.712459999999999871e-01
-2.509990000000000276e-01
-1.969700000000000062e-01
-1.375860000000000138e-01
-9.550119999999999443e-02
-7.287209999999999521e-02
-5.601849999999999885e-02
-3.812480000000000036e-02
-3.676360000000000045e-02
-4.534789999999999655e-02
-2.165040000000000020e-02
3.533800000000000135e-02
7.108499999999999541e-02
6.197169999999999762e-02
3.697580000000000311e-02
4.173389999999999739e-02
6.588660000000000350e-02
8.234099999999999753e-02
1.025640000000000024e-01
1.331519999999999926e-01
1.563049999999999995e-01
1.620270000000000044e-01
1.486840000000000106e-01
1.178949999999999998e-01
8.229219999999999591e-02
4.825770000000000060e-02
2.057060000000000138e-02
-1.049180000000000034e-03
-1.058450000000000016e-02
-1.409730000000000011e-02
-2.195880000000000054e-02
-3.325340000000000240e-02
-2.874029999999999987e-02
1.715179999999999960e-03
4.385239999999999971e-02
8.047949999999999549e-02
8.829330000000000511e-02
7.017320000000000502e-02
4.978479999999999711e-02
4.502969999999999889e-02
5.317709999999999798e-02
4.454530000000000295e-02
6.364790000000000378e-03
-4.473429999999999768e-02
-8.455980000000000441e-02
-9.563989999999999991e-02
-8.686750000000000027e-02
-8.939049999999999774e-02
-1.089920000000000055e-01
-1.295030000000000070e-01
-1.267119999999999913e-01
-1.029739999999999961e-01
-7.865659999999999319e-02
-6.460029999999999939e-02
-5.698670000000000124e-02
-5.595170000000000005e-02
-6.196519999999999806e-02
-7.003389999999999616e-02
-7.711990000000000511e-02
-8.211079999999999768e-02
-8.525950000000000195e-02
-7.390819999999999335e-02
-4.609730000000000077e-02
-1.477430000000000063e-02
1.351450000000000047e-02
3.932610000000000272e-02
5.833399999999999697e-02
6.869169999999999443e-02
8.083010000000000195e-02
9.881170000000000231e-02
1.156049999999999994e-01
1.245639999999999942e-01
1.277480000000000004e-01
1.211630000000000068e-01
1.035260000000000069e-01
9.603349999999999387e-02
1.067879999999999940e-01
1.229699999999999960e-01
1.437749999999999861e-01
1.708089999999999886e-01
1.967150000000000010e-01
2.149399999999999922e-01
2.274930000000000008e-01
2.091169999999999973e-01
1.525249999999999939e-01
8.410099999999999520e-02
2.124260000000000037e-02
-3.688770000000000243e-02
-9.606649999999999912e-02
-1.563519999999999910e-01
-2.094239999999999990e-01
-2.351969999999999894e-01
-2.422070000000000056e-01
-2.494999999999999996e-01
-2.293699999999999906e-01
-1.719499999999999917e-01
-1.038359999999999977e-01
-4.498510000000000009e-02
-3.565490000000000326e-02
-6.658769999999999967e-02
-8.191469999999999307e-02
-8.393059999999999410e-02
-9.889900000000000080e-02
-1.241730000000000056e-01
-1.424970000000000125e-01
-1.495529999999999915e-01
-1.380649999999999933e-01
-1.112029999999999963e-01
-7.719629999999999548e-02
-3.932109999999999772e-02
-7.255490000000000290e-04
3.672500000000000070e-02
6.526940000000000519e-02
8.494580000000000186e-02
1.026910000000000045e-01
1.182109999999999966e-01
1.174670000000000020e-01
1.002510000000000068e-01
8.152199999999999724e-02
7.079570000000000307e-02
6.563779999999999615e-02
6.140520000000000006e-02
5.927930000000000005e-02
5.915829999999999700e-02
5.411470000000000169e-02
4.639580000000000093e-02
5.327819999999999778e-02
7.386979999999999935e-02
7.637270000000000170e-02
5.181840000000000057e-02
2.667639999999999942e-02
8.989600000000000368e-03
-1.285419999999999965e-02
-4.300190000000000262e-02
-7.475519999999999388e-02
-1.031210000000000043e-01
-1.126800000000000024e-01
-1.081899999999999945e-01
-1.057680000000000009e-01
-1.068599999999999967e-01
-9.778299999999999492e-02
-5.937950000000000172e-02
1.261169999999999989e-04
5.908789999999999876e-02
9.401859999999999384e-02
1.036760000000000043e-01
1.024919999999999998e-01
9.037860000000000338e-02
6.910199999999999676e-02
4.616540000000000227e-02
3.841499999999999776e-02
4.706989999999999785e-02
5.612679999999999753e-02
4.767289999999999722e-02
2.421610000000000082e-02
3.632349999999999902e-03
-6.716340000000000331e-03
-1.194210000000000063e-02
-1.554879999999999977e-02
-1.464709999999999970e-02
-1.007049999999999959e-02
-4.091570000000000103e-03
1.500589999999999997e-03
4.286919999999999620e-03
-3.054530000000000179e-03
-1.874289999999999984e-02
-3.504560000000000314e-02
-3.872110000000000135e-02
-2.602940000000000115e-02
-1.302960000000000056e-02
-4.403560000000000113e-02
-1.047639999999999960e-01
-1.415829999999999866e-01
-1.496629999999999905e-01
-1.517630000000000090e-01
-1.448069999999999913e-01
-1.190620000000000012e-01
-9.387700000000000211e-02
-7.126240000000000352e-02
-3.955489999999999701e-02
-1.375739999999999949e-02
-3.533660000000000100e-03
1.107310000000000065e-02
3.852169999999999900e-02
6.692770000000000663e-02
8.101440000000000030e-02
5.954659999999999814e-02
2.042139999999999928e-02
1.609379999999999838e-02
4.743010000000000281e-02
7.878599999999999492e-02
9.148810000000000275e-02
9.570710000000000328e-02
9.784030000000000504e-02
1.023519999999999985e-01
1.218420000000000059e-01
1.518079999999999985e-01
1.435180000000000067e-01
9.016509999999999803e-02
2.806579999999999839e-02
-2.320099999999999940e-02
-5.225420000000000065e-02
-5.240659999999999763e-02
-4.836710000000000315e-02
-6.110310000000000047e-02
-7.420110000000000594e-02
-6.657230000000000092e-02
-4.482880000000000198e-02
-3.186010000000000231e-02
-4.187960000000000294e-02
-6.483229999999999549e-02
-8.539879999999999693e-02
-8.419680000000000220e-02
-6.799139999999999351e-02
-5.805880000000000069e-02
-5.627589999999999676e-02
-4.995750000000000191e-02
-3.290830000000000144e-02
-1.216519999999999928e-02
4.511740000000000195e-03
8.347230000000000621e-03
-2.244400000000000128e-03
-1.837700000000000097e-02
-2.293330000000000021e-02
-2.999459999999999800e-03
2.982339999999999991e-02
3.873179999999999679e-02
2.344569999999999987e-02
1.728729999999999850e-02
2.803200000000000136e-02
4.066079999999999695e-02
4.199950000000000211e-02
3.354010000000000324e-02
2.247149999999999842e-02
1.262749999999999984e-02
2.883259999999999903e-03
-1.008399999999999921e-02
-2.502089999999999870e-02
-2.873770000000000144e-02
-2.043439999999999840e-02
-1.359020000000000020e-02
-1.445549999999999960e-02
-1.795679999999999846e-02
-1.940559999999999855e-02
-9.160230000000000108e-03
1.397930000000000006e-02
3.944149999999999739e-02
4.038100000000000023e-02
9.529469999999999955e-03
-4.004480000000000366e-03
1.966390000000000152e-02
5.275590000000000140e-02
7.043800000000000061e-02
6.524389999999999357e-02
3.218309999999999921e-02
-1.804110000000000089e-02
-5.096799999999999942e-02
-7.925119999999999387e-02
-1.050490000000000035e-01
-1.142600000000000005e-01
-1.153730000000000033e-01
-1.208690000000000042e-01
-1.020699999999999941e-01
-4.982410000000000311e-02
1.082480000000000074e-02
6.436899999999999566e-02
1.032730000000000037e-01
1.056249999999999967e-01
7.544919999999999405e-02
2.916919999999999930e-02
-2.459030000000000070e-03
-1.806099999999999936e-03
1.006320000000000001e-03
-2.429660000000000153e-02
-5.193869999999999737e-02
-4.574779999999999819e-02
-2.555779999999999857e-02
-1.891309999999999866e-02
-1.831810000000000035e-02
-1.835149999999999976e-02
-3.077219999999999955e-02
-5.104290000000000216e-02
-6.909959999999999714e-02
-6.601970000000000061e-02
-4.283229999999999676e-02
-2.142679999999999932e-02
-1.202950000000000026e-02
-2.453520000000000006e-02
-5.687709999999999988e-02
-7.075330000000000508e-02
-6.847179999999999933e-02
-5.357939999999999925e-02
-1.263479999999999985e-02
4.293290000000000300e-02
6.628870000000000595e-02
4.860790000000000249e-02
3.625420000000000031e-02
5.571199999999999763e-02
9.248309999999999864e-02
1.238400000000000056e-01
1.351769999999999916e-01
1.064910000000000023e-01
6.624410000000000021e-02
5.789249999999999952e-02
6.974900000000000544e-02
7.471690000000000276e-02
6.982829999999999593e-02
5.718609999999999666e-02
4.925829999999999792e-02
5.790340000000000070e-02
7.650999999999999468e-02
9.363660000000000039e-02
1.060019999999999990e-01
9.188230000000000008e-02
5.347129999999999939e-02
1.883380000000000123e-02
-2.450659999999999991e-02
-7.999689999999999579e-02
-1.076590000000000047e-01
-1.131510000000000016e-01
-1.079299999999999982e-01
-8.104980000000000517e-02
-5.781879999999999659e-02
-6.204040000000000249e-02
-8.742640000000000133e-02
-1.158929999999999960e-01
-1.115270000000000011e-01
-7.175389999999999546e-02
-2.863949999999999829e-02
-1.315820000000000010e-02
-1.289709999999999988e-02
1.852300000000000084e-03
3.063130000000000019e-02
6.050889999999999741e-02
8.526029999999999720e-02
1.055900000000000033e-01
1.177239999999999953e-01
1.234070000000000028e-01
1.251599999999999935e-01
1.237779999999999991e-01
1.208749999999999963e-01
1.186159999999999992e-01
1.190610000000000002e-01
1.225760000000000044e-01
1.048140000000000044e-01
5.376340000000000285e-02
-9.349559999999999815e-03
-3.769809999999999828e-02
-2.579400000000000096e-02
-2.155069999999999902e-02
-3.187500000000000056e-02
-2.958610000000000059e-02
-1.073709999999999942e-02
6.384070000000000369e-03
1.315559999999999907e-03
-2.129800000000000096e-02
-4.338820000000000177e-02
-4.509339999999999876e-02
-2.672930000000000098e-02
-6.990579999999999711e-03
2.394789999999999940e-03
-1.844179999999999951e-03
-1.297839999999999931e-02
-1.041500000000000065e-02
1.621279999999999943e-02
2.473399999999999904e-02
1.262079999999999973e-02
7.037800000000000306e-03
5.712080000000000239e-04
-2.091279999999999875e-02
-5.248789999999999706e-02
-7.176269999999999871e-02
-6.795760000000000689e-02
-5.330750000000000072e-02
-4.227870000000000239e-02
-3.676279999999999826e-02
-2.353850000000000040e-02
2.959750000000000141e-03
3.396140000000000270e-02
6.056480000000000197e-02
5.120870000000000283e-02
-6.140930000000000173e-03
-5.589700000000000224e-02
-5.435929999999999929e-02
-2.744239999999999874e-02
-1.592330000000000134e-02
-3.114139999999999964e-02
-5.340990000000000321e-02
-4.033470000000000111e-02
5.464939999999999728e-03
2.843319999999999875e-02
-2.960249999999999991e-04
-2.804929999999999923e-02
-3.437359999999999721e-02
-4.895830000000000320e-02
-8.316969999999999918e-02
-1.244330000000000019e-01
-1.541929999999999967e-01
-1.393060000000000132e-01
-8.837330000000000185e-02
-4.610759999999999859e-02
-2.351090000000000124e-02
-1.615159999999999860e-02
-2.763699999999999837e-02
-3.518339999999999662e-02
-1.958589999999999984e-02
-9.012980000000000297e-03
-2.792240000000000000e-02
-5.787029999999999952e-02
-6.190459999999999713e-02
-3.402960000000000013e-02
6.143830000000000298e-03
4.329449999999999965e-02
7.721970000000000223e-02
1.040739999999999998e-01
8.366619999999999613e-02
1.602019999999999833e-02
-2.788190000000000113e-02
-1.538600000000000037e-02
1.963089999999999974e-02
2.869439999999999838e-02
1.102709999999999975e-02
-1.413790000000000012e-02
-3.621690000000000326e-02
-2.427640000000000006e-02
7.026469999999999938e-03
1.594179999999999903e-02
1.891930000000000001e-02
1.323520000000000078e-02
-1.556150000000000068e-02
-5.772159999999999791e-02
-8.161259999999999348e-02
-7.168069999999999997e-02
-4.638040000000000218e-02
-4.601949999999999791e-02
-7.643170000000000519e-02
-1.056900000000000062e-01
-8.074059999999999571e-02
-2.130229999999999971e-02
-7.178470000000000163e-03
-3.162580000000000252e-02
-3.553440000000000071e-02
-1.156330000000000031e-02
1.144680000000000003e-02
2.271240000000000064e-02
3.112149999999999986e-02
4.405160000000000325e-02
5.940270000000000272e-02
7.351009999999999489e-02
8.616490000000000260e-02
9.868059999999999332e-02
1.064819999999999933e-01
1.075149999999999995e-01
1.059760000000000008e-01
1.021330000000000016e-01
8.542520000000000668e-02
5.321780000000000260e-02
1.619019999999999834e-02
-1.829410000000000064e-02
-3.553749999999999964e-02
-2.711169999999999899e-02
-1.582439999999999888e-02
-1.702220000000000122e-02
-1.578879999999999867e-02
-9.389079999999999301e-03
-9.276869999999999561e-03
-1.210319999999999972e-02
-1.429779999999999940e-02
-2.816890000000000019e-02
-5.394539999999999752e-02
-7.855959999999999332e-02
-9.125830000000000053e-02
-1.010370000000000018e-01
-9.578470000000000040e-02
-6.934379999999999711e-02
-3.358730000000000049e-02
2.720349999999999852e-03
3.748449999999999699e-02
6.998500000000000554e-02
6.580400000000000138e-02
-9.064849999999999297e-03
-7.639229999999999632e-02
-7.659720000000000417e-02
-4.047959999999999753e-02
-8.046670000000000558e-03
-1.843130000000000115e-02
-5.432069999999999954e-02
-5.227899999999999908e-02
-6.719290000000000158e-03
1.865050000000000041e-02
1.771580000000000030e-03
-1.479669999999999944e-02
-7.412730000000000187e-03
8.807129999999999820e-03
1.807680000000000051e-02
1.365459999999999938e-02
2.968559999999999862e-03
6.546340000000000318e-03
3.089089999999999892e-02
4.016879999999999756e-02
1.551939999999999917e-02
-1.424070000000000023e-02
-2.034410000000000038e-02
-4.352149999999999942e-03
1.600829999999999961e-02
2.730909999999999935e-02
2.964289999999999980e-02
3.755440000000000167e-02
5.551949999999999941e-02
7.273759999999999948e-02
7.911849999999999439e-02
7.423069999999999669e-02
5.698779999999999818e-02
3.123940000000000050e-02
1.898050000000000084e-02
1.617270000000000166e-02
1.345389999999999954e-02
1.507509999999999926e-02
1.490600000000000085e-02
2.062119999999999925e-02
3.950970000000000176e-02
6.369229999999999337e-02
8.501699999999999535e-02
1.000680000000000042e-01
1.078550000000000064e-01
1.068299999999999944e-01
1.055730000000000002e-01
9.639520000000000033e-02
6.467489999999999351e-02
1.802420000000000064e-02
-2.723880000000000051e-02
-4.640550000000000230e-02
-3.134560000000000124e-02
-2.585099999999999898e-03
2.270319999999999977e-02
3.520960000000000062e-02
4.959159999999999957e-02
8.659269999999999468e-02
1.396000000000000019e-01
1.793349999999999944e-01
1.811689999999999967e-01
1.615090000000000137e-01
1.570640000000000092e-01
1.535410000000000108e-01
1.284190000000000054e-01
9.059419999999999973e-02
5.476700000000000318e-02
2.452800000000000119e-02
4.441269999999999767e-03
-3.817679999999999945e-03
-7.243730000000000308e-03
-1.022239999999999954e-02
-1.318079999999999946e-02
-1.548730000000000072e-02
-1.829650000000000026e-02
-3.509650000000000269e-02
-6.784840000000000315e-02
-1.025790000000000035e-01
-1.203369999999999995e-01
-1.146660000000000040e-01
-9.463059999999999528e-02
-7.592870000000000175e-02
-7.392609999999999459e-02
-7.654249999999999943e-02
-6.882240000000000579e-02
-5.413029999999999925e-02
-5.889479999999999715e-02
-8.900879999999999903e-02
-1.252199999999999980e-01
-1.449070000000000080e-01
-1.415869999999999906e-01
-1.393099999999999894e-01
-1.542580000000000062e-01
-1.478599999999999914e-01
-1.045689999999999953e-01
-5.263260000000000161e-02
-2.785810000000000022e-02
-3.558320000000000233e-02
-5.150400000000000117e-02
-6.149049999999999655e-02
-5.139300000000000118e-02
-2.241829999999999865e-02
1.062309999999999990e-02
3.204980000000000329e-02
3.041819999999999941e-02
1.424339999999999981e-02
4.269700000000000405e-03
4.732150000000000072e-03
7.063449999999999764e-03
6.670390000000000000e-03
5.456459999999999783e-03
8.730250000000000163e-03
1.921950000000000047e-02
2.407719999999999999e-02
1.718099999999999836e-02
2.137299999999999964e-02
4.694890000000000174e-02
7.997700000000000642e-02
1.084760000000000030e-01
1.149889999999999940e-01
7.677100000000000590e-02
2.084880000000000067e-02
8.896800000000000064e-04
2.108629999999999879e-02
5.395649999999999752e-02
8.141500000000000126e-02
8.584590000000000276e-02
7.007599999999999940e-02
7.366759999999999975e-02
1.052040000000000058e-01
1.278829999999999967e-01
1.244630000000000042e-01
1.201590000000000019e-01
1.150230000000000002e-01
8.613049999999999873e-02
3.712069999999999953e-02
-1.014909999999999944e-02
-3.522739999999999899e-02
-4.369340000000000029e-02
-5.493649999999999922e-02
-6.136490000000000000e-02
-4.282539999999999958e-02
-4.665200000000000423e-03
3.418929999999999886e-02
6.184329999999999689e-02
5.972039999999999987e-02
3.290850000000000025e-02
3.262249999999999959e-03
-1.947919999999999860e-02
-3.748970000000000080e-02
-4.472229999999999955e-02
-3.910539999999999849e-02
-2.866990000000000163e-02
-7.466269999999999678e-03
2.495649999999999952e-02
5.942510000000000153e-02
8.164269999999999861e-02
9.032070000000000376e-02
9.542549999999999644e-02
1.016790000000000055e-01
1.003249999999999975e-01
8.610370000000000523e-02
7.344399999999999540e-02
8.042409999999999837e-02
1.027779999999999944e-01
1.210859999999999992e-01
1.272419999999999940e-01
1.275239999999999985e-01
1.285060000000000091e-01
1.219309999999999977e-01
9.295459999999999834e-02
4.656099999999999822e-02
-4.726470000000000167e-05
-2.870309999999999875e-02
-3.210149999999999809e-02
-3.131699999999999762e-02
-4.092699999999999810e-02
-5.544999999999999929e-02
-6.736499999999999433e-02
-7.170110000000000372e-02
-6.686659999999999826e-02
-5.771049999999999791e-02
-4.919679999999999886e-02
-4.873279999999999973e-02
-6.075400000000000245e-02
-7.955660000000000509e-02
-9.790390000000000204e-02
-1.138580000000000009e-01
-1.186360000000000053e-01
-1.090629999999999933e-01
-9.916490000000000027e-02
-9.934120000000000450e-02
-1.053339999999999971e-01
-1.087309999999999943e-01
-1.023870000000000058e-01
-8.910949999999999427e-02
-8.059710000000000485e-02
-7.991860000000000630e-02
-7.901049999999999740e-02
-7.312950000000000006e-02
-6.826790000000000636e-02
-6.981900000000000606e-02
-6.149910000000000099e-02
-2.683489999999999834e-02
2.354650000000000146e-02
6.761480000000000268e-02
8.914679999999999827e-02
9.485789999999999500e-02
9.914620000000000377e-02
8.800769999999999427e-02
5.557299999999999740e-02
1.682509999999999908e-02
-1.846290000000000084e-02
-5.014369999999999938e-02
-7.334530000000000216e-02
-8.194010000000000182e-02
-9.652439999999999631e-02
-1.143340000000000051e-01
-1.039270000000000055e-01
-6.655679999999999930e-02
-2.543569999999999859e-02
8.009759999999999450e-03
2.153520000000000087e-02
6.320499999999999730e-03
-1.956590000000000065e-02
-3.941730000000000234e-02
-5.410009999999999819e-02
-6.514689999999999370e-02
-6.937079999999999635e-02
-6.328670000000000129e-02
-4.709279999999999716e-02
-3.342849999999999988e-02
-2.841149999999999926e-02
-2.642159999999999995e-02
-2.327119999999999883e-02
-2.493700000000000083e-02
-3.662250000000000227e-02
-5.308500000000000024e-02
-6.208199999999999830e-02
-5.997149999999999703e-02
-5.377969999999999973e-02
-4.332260000000000277e-02
-1.452720000000000053e-02
3.155530000000000140e-02
7.997089999999999754e-02
1.244809999999999944e-01
1.668300000000000061e-01
2.087249999999999939e-01
2.304479999999999862e-01
2.144969999999999932e-01
1.746479999999999977e-01
1.215100000000000069e-01
5.955769999999999814e-02
-3.547579999999999831e-03
-6.345099999999999352e-02
-8.801040000000000252e-02
-6.485090000000000299e-02
-2.241189999999999849e-02
1.527189999999999971e-02
4.736289999999999945e-02
8.046590000000000686e-02
1.146589999999999970e-01
1.305070000000000119e-01
1.193950000000000011e-01
8.741210000000000646e-02
4.653720000000000079e-02
6.793379999999999905e-03
-3.015429999999999847e-02
-4.952320000000000333e-02
-4.138979999999999743e-02
-1.934069999999999886e-02
-4.506210000000000077e-04
-1.611289999999999945e-02
-6.702840000000000187e-02
-1.169020000000000059e-01
-1.338360000000000105e-01
-1.272220000000000018e-01
-1.443629999999999913e-01
-1.922220000000000040e-01
-2.445829999999999949e-01
-2.688470000000000026e-01
-1.884079999999999921e-01
-2.485089999999999869e-02
8.815389999999999338e-02
1.220579999999999998e-01
1.389360000000000039e-01
1.731640000000000124e-01
1.890330000000000066e-01
1.613209999999999922e-01
1.131579999999999947e-01
7.041609999999999536e-02
3.623110000000000219e-02
3.073129999999999959e-02
5.561649999999999927e-02
7.459200000000000552e-02
5.890080000000000315e-02
2.204329999999999831e-02
1.586639999999999925e-02
5.037090000000000317e-02
9.226610000000000367e-02
1.113770000000000038e-01
8.766110000000000568e-02
3.859440000000000093e-02
-4.319489999999999940e-04
-2.122450000000000031e-02
-4.483569999999999917e-02
-7.870099999999999318e-02
-1.084579999999999989e-01
-9.739490000000000647e-02
-4.892529999999999796e-02
4.420949999999999880e-03
4.883040000000000297e-02
8.214100000000000568e-02
7.639970000000000094e-02
3.227680000000000132e-02
-1.894020000000000079e-02
-6.294049999999999645e-02
-1.027969999999999995e-01
-1.366249999999999964e-01
-1.579309999999999881e-01
-1.527509999999999979e-01
-1.116489999999999982e-01
-5.124320000000000264e-02
9.810769999999999907e-03
6.937260000000000648e-02
1.299430000000000029e-01
1.875699999999999867e-01
1.861009999999999887e-01
1.097920000000000007e-01
1.014310000000000038e-02
-7.269240000000000423e-02
-1.236460000000000059e-01
-1.570969999999999867e-01
-1.889460000000000028e-01
-1.922850000000000115e-01
-1.541099999999999970e-01
-1.007969999999999977e-01
-5.318919999999999898e-02
-2.366930000000000076e-02
-2.408079999999999943e-02
-4.534529999999999811e-02
-6.425880000000000480e-02
-6.586569999999999925e-02
-6.487700000000000411e-02
-7.940139999999999698e-02
-1.030849999999999961e-01
-1.256180000000000074e-01
-1.370149999999999979e-01
-1.100030000000000036e-01
-4.684359999999999913e-02
2.100269999999999915e-02
7.893120000000000691e-02
8.885750000000000592e-02
3.754620000000000180e-02
-3.836309999999999720e-02
-9.659260000000000068e-02
-1.146859999999999963e-01
-1.145599999999999952e-01
-1.228699999999999931e-01
-1.374120000000000064e-01
-1.372760000000000091e-01
-1.040620000000000017e-01
-5.143679999999999780e-02
6.743569999999999946e-04
4.735620000000000107e-02
9.074459999999999471e-02
8.777340000000000142e-02
1.915110000000000076e-02
-4.089079999999999798e-02
-5.049159999999999759e-02
-4.028570000000000068e-02
-3.190950000000000036e-02
-2.106289999999999898e-02
-2.131089999999999981e-03
1.969600000000000170e-02
3.927760000000000279e-02
4.134639999999999843e-02
1.856970000000000148e-02
-1.631149999999999961e-02
-4.537540000000000323e-02
-6.243300000000000238e-02
-7.294449999999999545e-02
-8.182739999999999458e-02
-6.184470000000000245e-02
-9.317600000000000535e-03
4.977800000000000280e-02
1.022430000000000005e-01
1.504999999999999949e-01
2.005000000000000115e-01
2.513630000000000031e-01
2.909300000000000219e-01
3.002920000000000034e-01
2.859639999999999960e-01
2.704900000000000082e-01
2.648479999999999723e-01
2.668220000000000036e-01
2.678679999999999950e-01
2.494510000000000061e-01
1.794610000000000094e-01
7.113540000000000141e-02
-2.645619999999999916e-02
-8.372029999999999750e-02
-1.169130000000000030e-01
-1.499890000000000112e-01
-1.721290000000000042e-01
-1.745400000000000007e-01
-1.690450000000000008e-01
-1.410250000000000115e-01
-8.044210000000000249e-02
-7.403700000000000038e-03
2.842189999999999994e-02
1.502470000000000021e-02
-1.311490000000000052e-02
-3.330570000000000058e-02
-3.848089999999999844e-02
-3.833469999999999933e-02
-5.269200000000000272e-02
-8.165219999999999423e-02
-1.121240000000000014e-01
-1.386310000000000042e-01
-1.608900000000000052e-01
-1.555259999999999976e-01
-1.193280000000000035e-01
-7.688879999999999326e-02
-4.072690000000000338e-02
-9.220090000000000230e-03
2.356750000000000164e-02
5.718700000000000172e-02
9.037630000000000663e-02
1.217519999999999991e-01
1.532989999999999908e-01
1.844840000000000091e-01
2.132570000000000021e-01
2.162969999999999893e-01
1.866609999999999936e-01
1.460450000000000081e-01
1.197730000000000045e-01
1.165110000000000035e-01
1.132699999999999957e-01
8.702290000000000025e-02
4.505420000000000258e-02
4.203639999999999807e-03
-3.139940000000000092e-02
-6.151279999999999942e-02
-8.229010000000000491e-02
-9.573579999999999590e-02
-1.079409999999999953e-01
-1.205969999999999959e-01
-1.242319999999999952e-01
-1.119030000000000025e-01
-9.142369999999999663e-02
-7.186789999999999845e-02
-5.484449999999999742e-02
-4.023609999999999687e-02
-3.184460000000000068e-02
-2.898600000000000135e-02
-2.716189999999999924e-02
-2.439349999999999852e-02
-2.128460000000000074e-02
-1.847559999999999827e-02
-1.415270000000000070e-02
-7.443950000000000393e-03
1.227330000000000055e-04
7.376970000000000055e-03
1.423199999999999986e-02
2.091940000000000119e-02
2.606009999999999924e-02
2.752780000000000157e-02
2.629919999999999827e-02
2.502040000000000167e-02
2.630659999999999943e-02
3.552879999999999927e-02
5.066650000000000320e-02
5.363260000000000249e-02
3.895860000000000295e-02
2.946980000000000086e-02
3.927350000000000285e-02
5.675260000000000027e-02
6.704609999999999737e-02
7.025199999999999501e-02
7.315460000000000018e-02
7.074339999999999795e-02
5.772929999999999728e-02
3.933480000000000310e-02
2.161499999999999880e-02
5.854129999999999924e-03
-5.367910000000000043e-03
-6.632270000000000006e-03
-6.256760000000000316e-04
6.055729999999999620e-03
1.119000000000000029e-02
1.591029999999999875e-02
1.983129999999999962e-02
1.594560000000000075e-02
3.901299999999999907e-03
-9.459429999999999575e-03
-2.088349999999999929e-02
-2.716980000000000089e-02
-2.772389999999999924e-02
-2.587499999999999870e-02
-2.589510000000000076e-02
-3.203410000000000285e-02
-4.076140000000000319e-02
-4.016820000000000113e-02
-2.992710000000000162e-02
-1.825299999999999839e-02
-8.891339999999999313e-03
-1.185150000000000049e-03
2.300819999999999862e-03
1.303069999999999923e-03
-7.930059999999999627e-04
-2.230320000000000046e-03
-3.285569999999999810e-03
-4.662570000000000429e-03
-7.586999999999999994e-03
-1.384900000000000020e-02
-2.195029999999999898e-02
-2.383829999999999977e-02
-1.584570000000000076e-02
-3.774749999999999894e-03
7.361689999999999727e-03
1.710269999999999846e-02
2.615460000000000007e-02
2.233989999999999934e-02
3.850000000000000124e-03
-1.753690000000000110e-02
-3.609140000000000265e-02
-5.154489999999999766e-02
-6.237999999999999795e-02
-6.873869999999999980e-02
-7.365249999999999575e-02
-7.138970000000000038e-02
-5.826950000000000185e-02
-4.021170000000000300e-02
-2.732470000000000038e-02
-2.118290000000000103e-02
-1.737249999999999905e-02
-1.461840000000000014e-02
-8.353899999999999174e-03
4.016969999999999916e-03
1.873659999999999909e-02
3.267960000000000309e-02
4.206929999999999698e-02
4.313229999999999842e-02
3.837600000000000039e-02
3.266369999999999690e-02
1.875949999999999840e-02
-5.122680000000000115e-03
-3.132209999999999855e-02
-5.484630000000000061e-02
-6.650480000000000280e-02
-6.240409999999999707e-02
-4.497600000000000209e-02
-1.714509999999999992e-02
1.482149999999999961e-02
4.608519999999999978e-02
7.042160000000000086e-02
8.478059999999999763e-02
9.232369999999999466e-02
7.614260000000000472e-02
2.852740000000000137e-02
-3.053029999999999980e-02
-8.470339999999999814e-02
-1.103569999999999968e-01
-1.045269999999999949e-01
-8.825429999999999386e-02
-7.566839999999999677e-02
-6.657639999999999392e-02
-6.541629999999999667e-02
-6.418139999999999956e-02
-5.844529999999999864e-02
-5.857899999999999913e-02
-6.610989999999999922e-02
-7.002220000000000666e-02
-6.365030000000000687e-02
-5.315639999999999948e-02
-4.949560000000000071e-02
-5.653810000000000086e-02
-5.849410000000000026e-02
-4.745420000000000194e-02
-3.187689999999999968e-02
-2.095810000000000034e-02
-1.685309999999999933e-02
-1.527039999999999995e-02
-1.287229999999999971e-02
-9.851560000000000525e-03
-7.122360000000000323e-03
-2.837800000000000131e-03
9.595650000000000707e-03
2.960609999999999978e-02
5.051100000000000034e-02
6.936960000000000348e-02
8.299729999999999608e-02
8.827210000000000611e-02
8.541640000000000343e-02
7.073690000000000533e-02
4.652470000000000216e-02
2.120500000000000163e-02
-2.317850000000000205e-03
-2.448900000000000035e-02
-4.242230000000000306e-02
-5.379830000000000029e-02
-6.260549999999999449e-02
-7.156410000000000549e-02
-8.064119999999999622e-02
-7.875890000000000668e-02
-6.402700000000000058e-02
-4.620289999999999814e-02
-3.995970000000000077e-02
-4.545830000000000010e-02
-5.190519999999999856e-02
-4.690930000000000100e-02
-2.912649999999999961e-02
-8.402019999999999628e-03
4.905920000000000246e-03
1.023079999999999996e-02
1.183969999999999988e-02
8.726269999999999513e-03
1.636199999999999981e-03
-6.383449999999999715e-03
-1.354469999999999980e-02
-1.756790000000000088e-02
-1.632429999999999992e-02
-1.181289999999999944e-02
-7.222519999999999635e-03
-3.365809999999999896e-03
5.083060000000000356e-04
6.983669999999999982e-03
1.630240000000000161e-02
2.607390000000000055e-02
3.206819999999999810e-02
3.221589999999999870e-02
2.917869999999999839e-02
2.180460000000000037e-02
8.896130000000000357e-03
-4.119280000000000337e-03
-1.160770000000000031e-02
-1.762510000000000118e-02
-2.926460000000000172e-02
-4.493189999999999684e-02
-5.963059999999999888e-02
-5.690339999999999981e-02
-3.628750000000000031e-02
-1.263919999999999974e-02
7.389470000000000413e-03
2.575269999999999990e-02
4.518409999999999788e-02
6.418699999999999406e-02
6.596849999999999936e-02
4.172159999999999758e-02
5.983170000000000328e-03
-2.681709999999999997e-02
-4.356140000000000012e-02
-3.526549999999999824e-02
-1.217419999999999961e-02
1.093580000000000073e-02
3.067150000000000085e-02
4.702780000000000155e-02
5.163739999999999997e-02
4.450169999999999820e-02
3.520689999999999931e-02
2.791570000000000162e-02
2.179880000000000012e-02
1.526850000000000082e-02
1.463850000000000047e-02
2.279410000000000117e-02
3.453849999999999976e-02
4.508000000000000201e-02
5.236260000000000220e-02
5.473719999999999974e-02
5.378310000000000035e-02
5.248189999999999800e-02
5.178880000000000289e-02
5.107069999999999665e-02
4.741360000000000019e-02
3.718799999999999883e-02
2.235629999999999909e-02
7.349299999999999583e-03
-5.944190000000000237e-03
-9.761960000000000082e-03
-3.582709999999999801e-03
4.555879999999999999e-03
1.098850000000000000e-02
1.647500000000000006e-02
2.195259999999999920e-02
1.703759999999999997e-02
-1.332649999999999894e-03
-2.363180000000000142e-02
-4.184519999999999906e-02
-5.197360000000000174e-02
-5.734940000000000176e-02
-6.256820000000000437e-02
-6.600759999999999961e-02
-6.259330000000000449e-02
-5.382130000000000247e-02
-4.347829999999999750e-02
-3.291000000000000175e-02
-2.204300000000000009e-02
-1.100310000000000003e-02
-4.866100000000000048e-04
3.329589999999999893e-03
-2.563280000000000029e-04
-5.367779999999999947e-03
-9.186740000000000531e-03
-1.228869999999999962e-02
-1.557850000000000033e-02
-1.576380000000000142e-02
-1.189800000000000059e-02
-7.029529999999999980e-03
-2.878209999999999970e-03
1.261210000000000022e-03
1.457570000000000046e-02
4.142280000000000267e-02
6.850240000000000495e-02
7.518460000000000421e-02
6.398860000000000658e-02
5.125500000000000195e-02
4.265970000000000178e-02
3.520059999999999856e-02
2.618569999999999925e-02
1.655020000000000102e-02
7.516260000000000302e-03
6.133160000000000348e-04
6.679830000000000316e-04
7.117860000000000159e-03
1.455730000000000045e-02
2.239750000000000074e-02
3.253179999999999961e-02
4.471350000000000324e-02
5.681579999999999964e-02
6.568499999999999339e-02
6.890359999999999541e-02
6.999450000000000116e-02
7.638240000000000307e-02
8.342549999999999966e-02
7.768250000000000155e-02
6.054760000000000003e-02
4.220940000000000109e-02
2.670439999999999967e-02
1.218119999999999967e-02
-3.115370000000000118e-03
-1.874079999999999843e-02
-3.297400000000000331e-02
-3.220810000000000339e-02
-1.311170000000000044e-02
1.126839999999999960e-02
3.230199999999999738e-02
4.064799999999999663e-02
3.770710000000000034e-02
3.079739999999999908e-02
2.136170000000000083e-02
9.705129999999999313e-03
-2.288309999999999997e-03
-7.236460000000000115e-03
-2.549280000000000122e-03
5.654959999999999674e-03
1.259820000000000037e-02
1.759540000000000062e-02
2.214330000000000118e-02
2.703619999999999982e-02
3.210339999999999722e-02
3.669370000000000270e-02
3.936610000000000109e-02
3.744129999999999681e-02
3.205220000000000291e-02
2.635169999999999874e-02
2.159590000000000121e-02
1.848939999999999959e-02
1.810679999999999928e-02
1.956070000000000031e-02
2.116039999999999935e-02
2.073780000000000068e-02
1.755759999999999960e-02
1.329639999999999989e-02
9.330299999999999705e-03
5.646009999999999918e-03
1.895629999999999928e-03
-1.870380000000000046e-03
-5.336630000000000193e-03
-4.192229999999999915e-03
6.057680000000000183e-03
1.589660000000000031e-02
8.773859999999999645e-03
-1.247799999999999951e-02
-3.322909999999999753e-02
-3.861309999999999742e-02
-4.533800000000000330e-02
-5.265779999999999766e-02
-6.092199999999999699e-02
-6.568960000000000077e-02
-6.621900000000000008e-02
-6.601629999999999998e-02
-6.660420000000000229e-02
-6.751600000000000656e-02
-6.806009999999999838e-02
-6.788420000000000565e-02
-6.017030000000000295e-02
-4.161019999999999996e-02
-2.435029999999999833e-02
-1.498840000000000068e-02
-7.027300000000000213e-03
3.994700000000000334e-03
1.647929999999999881e-02
2.789480000000000084e-02
3.680110000000000325e-02
4.314570000000000211e-02
4.839720000000000133e-02
5.199290000000000161e-02
5.006309999999999927e-02
4.328810000000000296e-02
3.619069999999999926e-02
3.398269999999999763e-02
3.698540000000000161e-02
4.100990000000000191e-02
4.490530000000000216e-02
4.971509999999999818e-02
5.552239999999999953e-02
5.912950000000000150e-02
5.779410000000000103e-02
5.328890000000000016e-02
4.922080000000000205e-02
4.696260000000000018e-02
4.575690000000000313e-02
4.437909999999999772e-02
4.270179999999999809e-02
4.102270000000000222e-02
3.951740000000000114e-02
3.767449999999999966e-02
3.067309999999999828e-02
1.773980000000000001e-02
3.874209999999999893e-03
-8.689620000000000330e-03
-2.025990000000000082e-02
-3.149330000000000185e-02
-3.667399999999999827e-02
-3.489470000000000072e-02
-3.131599999999999662e-02
-2.893379999999999910e-02
-2.724060000000000023e-02
-2.543439999999999937e-02
-2.420780000000000154e-02
-2.391659999999999967e-02
-2.387629999999999961e-02
-2.369840000000000141e-02
-2.332959999999999895e-02
-2.304890000000000064e-02
-2.279259999999999967e-02
-2.252389999999999948e-02
-2.157689999999999955e-02
-1.983920000000000128e-02
-1.785499999999999934e-02
-1.606269999999999920e-02
-1.439960000000000025e-02
-1.278020000000000024e-02
-1.116059999999999969e-02
-9.615359999999999879e-03
-8.001350000000000823e-03
-6.295259999999999571e-03
-4.571360000000000007e-03
-2.959390000000000111e-03
-1.415379999999999937e-03
2.789550000000000083e-05
1.377250000000000002e-03
1.763990000000000002e-03
-9.165500000000000253e-04
-6.085499999999999764e-03
-1.072590000000000002e-02
-1.356680000000000039e-02
-1.542140000000000004e-02
-1.742869999999999836e-02
-1.947319999999999954e-02
-2.036299999999999916e-02
-1.978159999999999988e-02
-1.871950000000000003e-02
-1.580010000000000095e-02
-1.031059999999999963e-02
-3.824150000000000119e-03
2.119219999999999784e-03
7.380710000000000395e-03
1.151360000000000057e-02
1.454659999999999981e-02
1.713150000000000089e-02
1.966089999999999852e-02
2.204280000000000128e-02
2.406540000000000068e-02
2.458760000000000112e-02
2.376850000000000143e-02
2.273429999999999895e-02
2.192010000000000139e-02
2.112879999999999966e-02
2.019390000000000074e-02
1.837329999999999866e-02
1.511389999999999956e-02
1.112450000000000071e-02
7.305080000000000254e-03
3.857989999999999944e-03
6.345619999999999733e-04
-2.783659999999999867e-03
-6.846849999999999811e-03
-1.127180000000000022e-02
-1.540159999999999967e-02
-1.912710000000000105e-02
-2.225629999999999969e-02
-2.103090000000000168e-02
-1.423420000000000067e-02
-9.388950000000000073e-03
-1.139130000000000004e-02
-1.686570000000000083e-02
-2.139030000000000098e-02
-2.453160000000000063e-02
-2.734390000000000084e-02
-3.030700000000000061e-02
-3.294289999999999718e-02
-3.464749999999999774e-02
-3.169160000000000033e-02
-2.449259999999999979e-02
-1.707600000000000090e-02
-1.110790000000000041e-02
-6.026700000000000286e-03
-1.202380000000000072e-03
3.092380000000000042e-03
5.224559999999999621e-03
5.195230000000000334e-03
3.427320000000000193e-03
5.638169999999999857e-04
-2.253349999999999884e-03
-4.693430000000000171e-03
-6.810970000000000392e-03
-8.432349999999999915e-03
-9.291390000000000066e-03
-9.702739999999999629e-03
-1.002519999999999974e-02
-1.036340000000000004e-02
-1.064410000000000009e-02
-1.084330000000000016e-02
-1.088949999999999987e-02
-1.071019999999999958e-02
-1.037210000000000042e-02
-1.003809999999999945e-02
-9.747789999999999233e-03
-9.475459999999999786e-03
-9.144219999999999779e-03
-8.681060000000000859e-03
-8.148080000000000253e-03
-7.666270000000000202e-03
-7.256030000000000119e-03
-6.898890000000000404e-03
-6.579510000000000219e-03
-6.313700000000000215e-03
-6.285449999999999718e-03
-6.535680000000000309e-03
-6.838730000000000329e-03
-7.037329999999999627e-03
-7.116579999999999954e-03
-7.016419999999999775e-03
-6.770560000000000120e-03
-6.506549999999999834e-03
-6.259230000000000176e-03
-6.018210000000000399e-03
-5.779959999999999785e-03
-5.589969999999999661e-03
-5.430690000000000170e-03
-5.251470000000000270e-03
-5.035829999999999820e-03
-4.817390000000000387e-03
-4.617139999999999612e-03
-4.407549999999999663e-03
-4.149049999999999613e-03
-3.815429999999999863e-03
-3.438200000000000197e-03
-3.065239999999999892e-03
-2.715589999999999931e-03
-2.382360000000000033e-03
-2.049200000000000153e-03
-1.712830000000000038e-03
-1.375289999999999933e-03
-1.039819999999999894e-03
-7.074880000000000405e-04
-3.756429999999999947e-04
-4.206479999999999746e-05
2.873829999999999961e-04
6.059499999999999565e-04
9.133779999999999547e-04
1.218359999999999929e-03
1.529119999999999915e-03
1.831469999999999973e-03
2.109209999999999818e-03
2.356800000000000041e-03
2.585399999999999851e-03
2.809120000000000020e-03
3.030940000000000197e-03
3.247310000000000214e-03
3.459279999999999907e-03
3.672069999999999935e-03
3.886179999999999930e-03
4.098759999999999903e-03
4.307870000000000102e-03
4.513429999999999699e-03
4.716090000000000039e-03
4.916079999999999756e-03
5.112959999999999727e-03
5.306100000000000226e-03
5.495120000000000039e-03
5.680120000000000308e-03
5.861159999999999808e-03
6.038220000000000393e-03
6.211239999999999817e-03
6.380120000000000409e-03
