7.675340000000000276e-05
-7.074109999999999936e-05
7.704469999999999776e-05
-7.181699999999999358e-05
8.066179999999999401e-05
-6.220810000000000499e-05
9.225139999999999567e-05
-5.801960000000000266e-05
9.779369999999999849e-05
-5.199940000000000226e-05
1.065659999999999958e-04
-4.597079999999999700e-05
1.156990000000000047e-04
-4.137879999999999759e-05
1.164739999999999965e-04
-1.194459999999999945e-04
9.016689999999999894e-05
2.530929999999999839e-05
2.263479999999999952e-04
8.376760000000000076e-05
2.424589999999999905e-04
2.161280000000000083e-05
1.340980000000000026e-04
-8.848050000000000777e-06
1.464799999999999935e-04
-1.150940000000000029e-05
1.952700000000000125e-05
-3.618520000000000178e-04
-2.626560000000000006e-04
-4.079999999999999968e-04
-1.623469999999999959e-04
-2.751469999999999933e-05
2.695090000000000246e-04
3.036940000000000098e-05
-1.596679999999999898e-04
-1.057910000000000014e-03
-1.379250000000000051e-03
-8.832650000000000483e-04
6.711080000000000127e-04
1.601540000000000038e-03
1.770579999999999897e-03
7.424340000000000410e-04
6.709969999999999997e-04
3.230759999999999947e-04
8.794369999999999488e-04
1.553960000000000063e-03
2.032369999999999923e-03
1.327000000000000055e-03
7.655439999999999467e-04
-3.664590000000000230e-04
-1.543539999999999929e-03
-1.958500000000000171e-03
-1.072569999999999904e-03
-2.000249999999999966e-04
7.529179999999999900e-04
1.162550000000000042e-04
-1.599949999999999940e-03
-3.015949999999999881e-03
-2.540039999999999919e-03
-1.367689999999999965e-03
2.025550000000000093e-03
5.134279999999999747e-03
6.936770000000000089e-03
7.060959999999999806e-03
5.635189999999999991e-03
1.734539999999999910e-03
-1.120759999999999942e-03
-8.691660000000000358e-03
-1.271549999999999937e-02
-9.572270000000000778e-03
-3.713240000000000030e-03
-1.311440000000000088e-03
2.014200000000000062e-04
2.306260000000000081e-03
2.813200000000000076e-03
6.414669999999999487e-04
-5.621029999999999950e-03
-9.351430000000000853e-03
-6.896440000000000209e-03
-2.423690000000000100e-04
4.739710000000000277e-03
5.542110000000000265e-03
4.210470000000000011e-03
2.948220000000000094e-03
6.180030000000000419e-03
1.005379999999999989e-02
1.346849999999999957e-02
1.459739999999999996e-02
1.258130000000000012e-02
6.550799999999999852e-03
-2.402710000000000175e-03
-1.522330000000000037e-02
-2.618219999999999922e-02
-2.697010000000000032e-02
-1.041229999999999933e-02
8.853750000000000508e-03
1.774130000000000151e-02
5.478570000000000315e-03
-1.202720000000000004e-02
-2.557960000000000095e-02
-2.110240000000000032e-02
-1.469809999999999997e-03
1.757490000000000094e-02
2.499439999999999995e-02
2.454330000000000053e-02
2.387109999999999926e-02
1.821110000000000090e-02
7.384840000000000154e-03
6.425149999999999698e-04
-4.827079999999999869e-04
2.390250000000000014e-03
2.051190000000000044e-03
-4.072219999999999659e-03
-1.114539999999999975e-02
-1.137379999999999988e-02
-6.908870000000000115e-03
-3.880530000000000090e-03
-3.246670000000000111e-03
-6.184770000000000024e-03
-1.133080000000000025e-02
-2.080769999999999842e-02
-2.872850000000000056e-02
-3.128899999999999737e-02
-3.126890000000000225e-02
-2.299230000000000024e-02
-6.813320000000000314e-03
9.831400000000000555e-03
1.391509999999999969e-02
8.187069999999999417e-03
9.135740000000000050e-04
-1.721069999999999892e-03
6.912109999999999956e-03
2.819189999999999890e-02
3.357960000000000111e-02
2.494729999999999864e-02
1.704340000000000022e-02
1.388290000000000010e-02
1.369390000000000017e-02
1.389379999999999955e-02
1.200159999999999942e-02
4.119789999999999910e-03
-5.163919999999999795e-03
-7.661170000000000133e-03
-8.120870000000000519e-03
-9.785230000000000664e-03
-1.222999999999999955e-02
-1.566019999999999912e-02
-1.823489999999999833e-02
-1.557749999999999933e-02
-6.737019999999999814e-03
-7.846190000000000174e-05
1.249590000000000076e-04
-3.917760000000000247e-05
2.540070000000000175e-03
1.075369999999999972e-02
2.085839999999999916e-02
2.723369999999999957e-02
2.511470000000000022e-02
1.655329999999999996e-02
1.020899999999999933e-02
5.652810000000000300e-03
-7.151069999999999822e-03
-2.042209999999999859e-02
-2.452609999999999860e-02
-2.472289999999999904e-02
-2.140600000000000142e-02
-1.835830000000000101e-02
-1.481239999999999987e-02
-8.911660000000000068e-03
-4.133340000000000104e-03
-3.897139999999999892e-03
-9.248589999999999242e-03
-1.898580000000000059e-02
-2.026510000000000117e-02
-1.560229999999999950e-02
-1.403869999999999944e-02
-9.322699999999999737e-03
2.205280000000000001e-03
1.090570000000000081e-02
1.914280000000000148e-02
2.901250000000000009e-02
3.194450000000000067e-02
2.926420000000000063e-02
2.477110000000000076e-02
2.092029999999999931e-02
1.877530000000000171e-02
1.972919999999999882e-02
1.939439999999999914e-02
1.826979999999999923e-02
7.192660000000000026e-03
-3.771490000000000172e-03
-6.494399999999999999e-03
-1.054800000000000008e-02
-1.646390000000000006e-02
-1.916560000000000138e-02
-1.984110000000000040e-02
-1.549410000000000023e-02
-1.197720000000000035e-02
-9.110079999999999567e-03
-4.863479999999999887e-03
1.391649999999999918e-03
9.779929999999999179e-03
1.440420000000000068e-02
1.456310000000000070e-02
1.443769999999999949e-02
1.136539999999999946e-02
9.877250000000000613e-03
6.970910000000000301e-03
1.480119999999999917e-03
-3.068700000000000160e-03
-6.604869999999999665e-03
-1.028130000000000016e-02
-1.210630000000000039e-02
-1.292609999999999940e-02
-1.373399999999999968e-02
-1.456039999999999938e-02
-1.893890000000000157e-02
-2.690939999999999999e-02
-3.079930000000000168e-02
-2.879960000000000159e-02
-1.948480000000000004e-02
-3.388980000000000204e-03
7.129550000000000123e-03
8.952679999999999319e-03
7.257790000000000075e-03
2.802030000000000059e-03
1.963509999999999908e-04
-3.495550000000000046e-03
-6.951780000000000286e-03
-5.989490000000000092e-03
-1.426559999999999894e-03
1.784940000000000138e-02
3.401540000000000119e-02
3.322490000000000165e-02
2.888030000000000111e-02
2.250620000000000051e-02
1.593730000000000147e-02
1.074899999999999987e-02
5.975770000000000040e-03
-3.230760000000000055e-03
-1.286069999999999922e-02
-1.765260000000000093e-02
-1.660369999999999902e-02
-1.010119999999999942e-02
-1.909040000000000086e-03
1.147189999999999972e-03
9.890359999999999950e-04
-2.364740000000000158e-03
-3.250460000000000155e-03
-6.060520000000000040e-05
7.503710000000000241e-03
1.045259999999999939e-02
1.285339999999999920e-02
1.319829999999999962e-02
1.735870000000000121e-02
1.414250000000000056e-02
2.752660000000000089e-03
-2.263480000000000006e-03
-4.243120000000000398e-03
-1.989650000000000099e-02
-4.002739999999999770e-02
-5.639140000000000125e-02
-7.320770000000000055e-02
-7.663129999999999942e-02
-6.497419999999999585e-02
-3.584060000000000024e-02
-1.990739999999999957e-03
2.795960000000000112e-02
4.498019999999999796e-02
3.845579999999999832e-02
3.233930000000000138e-02
2.359489999999999851e-02
1.349790000000000018e-02
1.011959999999999943e-02
1.629229999999999914e-02
1.952709999999999863e-02
1.947360000000000063e-02
1.509789999999999917e-02
1.728120000000000003e-02
2.349570000000000131e-02
3.008409999999999904e-02
2.887529999999999958e-02
2.608069999999999833e-02
1.685189999999999952e-02
9.413440000000000349e-03
7.722279999999999769e-03
1.102479999999999953e-02
1.079090000000000084e-02
-1.522200000000000029e-04
-1.174350000000000047e-02
-9.096609999999999766e-03
-8.128180000000000474e-03
-6.700499999999999859e-03
-1.979529999999999831e-02
-3.966560000000000225e-02
-5.409970000000000057e-02
-4.996690000000000159e-02
-4.490310000000000135e-02
-4.296559999999999963e-02
-4.105400000000000021e-02
-3.840650000000000314e-02
-2.506540000000000157e-02
1.356190000000000000e-02
5.075369999999999882e-02
8.578860000000000652e-02
1.219009999999999955e-01
1.520620000000000027e-01
1.484630000000000116e-01
1.382819999999999883e-01
1.160169999999999951e-01
7.366999999999999937e-02
3.206839999999999691e-02
-5.665779999999999601e-03
-2.790609999999999966e-02
-2.544530000000000056e-02
-5.109340000000000409e-03
2.706640000000000087e-02
5.518809999999999688e-02
7.552949999999999942e-02
6.810230000000000450e-02
4.940119999999999928e-02
2.692759999999999945e-02
1.084740000000000010e-02
-6.896700000000000400e-03
-2.023780000000000023e-02
-3.038189999999999988e-02
-3.551660000000000234e-02
-3.619440000000000157e-02
-2.418419999999999945e-02
-1.857949999999999879e-02
-2.430490000000000081e-02
-4.301660000000000206e-02
-8.818130000000000412e-02
-1.430009999999999892e-01
-1.961019999999999985e-01
-2.207810000000000050e-01
-1.969619999999999982e-01
-1.832910000000000095e-01
-1.559679999999999955e-01
-8.529929999999999457e-02
-1.572339999999999979e-03
6.110039999999999916e-02
1.147480000000000028e-01
1.404789999999999928e-01
1.097769999999999996e-01
7.176050000000000484e-02
9.245309999999999639e-02
8.427669999999999606e-02
2.246559999999999876e-02
-7.808199999999999863e-02
-1.581440000000000068e-01
-2.532679999999999931e-01
-2.351489999999999969e-01
-1.982909999999999950e-01
-1.049830000000000069e-01
5.057219999999999771e-02
1.153160000000000018e-01
1.526750000000000052e-01
3.448740000000000139e-01
3.711800000000000099e-01
2.882469999999999755e-01
2.461460000000000037e-01
2.526070000000000260e-01
2.951710000000000167e-01
2.722490000000000188e-01
1.801359999999999906e-01
8.502919999999999923e-02
2.634720000000000009e-04
-4.447120000000000239e-02
-6.860439999999999594e-02
-1.188850000000000046e-01
-1.379029999999999978e-01
-1.240880000000000039e-01
-1.726129999999999887e-01
-2.565779999999999728e-01
-3.210819999999999785e-01
-3.812550000000000106e-01
-4.458630000000000093e-01
-4.798560000000000048e-01
-4.615489999999999871e-01
-4.376530000000000142e-01
-4.076089999999999991e-01
-2.845559999999999756e-01
-1.289859999999999896e-01
-4.683579999999999688e-03
3.195280000000000342e-02
2.435450000000000115e-02
2.578110000000000124e-02
2.201410000000000172e-02
1.897149999999999878e-02
1.586550000000000113e-02
2.205669999999999853e-02
3.561380000000000101e-02
6.323840000000000017e-02
7.815679999999999850e-02
7.249809999999999588e-02
4.495640000000000053e-02
3.263749999999999984e-02
3.525570000000000093e-02
6.447060000000000290e-02
1.202789999999999970e-01
1.738159999999999983e-01
2.231879999999999975e-01
2.732950000000000101e-01
3.150410000000000155e-01
3.307820000000000205e-01
3.209219999999999851e-01
3.036590000000000122e-01
2.930719999999999992e-01
2.646330000000000071e-01
2.076900000000000135e-01
1.450859999999999927e-01
1.209620000000000001e-01
1.238270000000000065e-01
1.507449999999999901e-01
1.817870000000000041e-01
1.864240000000000064e-01
1.836740000000000039e-01
1.813780000000000114e-01
1.341569999999999985e-01
6.383039999999999548e-02
-4.222420000000000139e-05
-3.759370000000000073e-02
-5.131619999999999931e-02
-7.352459999999999551e-02
-1.384360000000000035e-01
-2.135569999999999968e-01
-2.789189999999999725e-01
-3.436830000000000163e-01
-4.083339999999999748e-01
-4.424150000000000027e-01
-4.273540000000000116e-01
-4.039849999999999830e-01
-3.759640000000000204e-01
-3.536230000000000206e-01
-3.354010000000000047e-01
-3.167400000000000215e-01
-3.010459999999999803e-01
-2.891469999999999874e-01
-2.815050000000000052e-01
-2.725219999999999865e-01
-2.578119999999999856e-01
-2.139860000000000095e-01
-1.504459999999999964e-01
-9.504930000000000323e-02
-5.555349999999999872e-02
-1.424429999999999967e-02
4.834190000000000015e-02
1.413760000000000017e-01
2.293900000000000106e-01
3.088380000000000014e-01
3.931390000000000162e-01
4.502390000000000003e-01
4.877319999999999989e-01
5.164570000000000549e-01
4.940760000000000152e-01
4.655560000000000254e-01
4.518800000000000039e-01
4.337440000000000184e-01
4.060880000000000045e-01
3.878139999999999921e-01
4.083200000000000163e-01
3.909000000000000252e-01
3.170069999999999832e-01
2.490970000000000129e-01
1.914329999999999921e-01
1.418040000000000134e-01
9.594129999999999325e-02
8.171580000000000510e-02
8.558330000000000104e-02
8.104530000000000067e-02
7.198269999999999669e-02
6.315339999999999843e-02
5.809279999999999999e-02
5.011159999999999920e-02
1.581530000000000089e-02
-2.558320000000000038e-02
-6.151269999999999655e-02
-9.643480000000000107e-02
-1.297810000000000075e-01
-1.508579999999999921e-01
-1.486460000000000004e-01
-1.447839999999999960e-01
-1.444429999999999881e-01
-1.545080000000000064e-01
-2.034380000000000077e-01
-2.590660000000000185e-01
-3.077280000000000015e-01
-3.561869999999999759e-01
-4.035770000000000191e-01
-4.463889999999999803e-01
-4.575110000000000010e-01
-4.387889999999999846e-01
-4.277980000000000116e-01
-4.062899999999999845e-01
-3.905520000000000103e-01
-2.967569999999999930e-01
-1.498929999999999985e-01
-1.848460000000000034e-02
2.798089999999999952e-02
4.684970000000000107e-02
8.211720000000000130e-02
9.046740000000000337e-02
8.776240000000000430e-02
8.195959999999999357e-02
7.323140000000000205e-02
7.548449999999999604e-02
1.074709999999999971e-01
1.826919999999999933e-01
2.641209999999999947e-01
3.240520000000000067e-01
3.721240000000000103e-01
4.158410000000000162e-01
4.238819999999999810e-01
4.052089999999999859e-01
3.881370000000000098e-01
3.592279999999999918e-01
3.234469999999999845e-01
2.772800000000000264e-01
2.330250000000000099e-01
2.009229999999999905e-01
1.691350000000000076e-01
1.264450000000000018e-01
5.689219999999999694e-02
-3.308880000000000154e-02
-7.889050000000000229e-02
-8.290680000000000271e-02
-9.341389999999999416e-02
-1.115400000000000003e-01
-1.263279999999999959e-01
-1.419009999999999994e-01
-1.759390000000000120e-01
-2.342309999999999948e-01
-2.828849999999999976e-01
-3.326100000000000168e-01
-3.505840000000000067e-01
-3.410170000000000146e-01
-3.364920000000000133e-01
-2.940740000000000021e-01
-1.890390000000000126e-01
-1.764040000000000052e-01
-1.871089999999999975e-01
-2.044829999999999981e-01
-2.377829999999999944e-01
-2.498239999999999905e-01
-2.586490000000000178e-01
-2.753260000000000152e-01
-2.896509999999999918e-01
-2.908029999999999782e-01
-2.877449999999999730e-01
-2.784090000000000176e-01
-2.622579999999999911e-01
-2.429880000000000095e-01
-2.205769999999999953e-01
-1.953870000000000051e-01
-1.565799999999999970e-01
-7.073949999999999683e-02
-3.967260000000000231e-03
1.199579999999999917e-02
5.250690000000000218e-02
1.169459999999999944e-01
1.726209999999999967e-01
2.246370000000000033e-01
2.760839999999999961e-01
3.276810000000000000e-01
3.531819999999999959e-01
3.359539999999999749e-01
3.090080000000000049e-01
2.966889999999999805e-01
3.012920000000000043e-01
2.995050000000000212e-01
2.971509999999999985e-01
2.868350000000000066e-01
2.631879999999999775e-01
2.317049999999999943e-01
1.942369999999999930e-01
1.614680000000000004e-01
1.222590000000000066e-01
8.340240000000000153e-02
5.762110000000000148e-02
5.145700000000000274e-02
5.014310000000000295e-02
4.858269999999999950e-02
6.306219999999999881e-02
7.441549999999999554e-02
7.156559999999999311e-02
5.848040000000000183e-02
3.712460000000000065e-02
1.348159999999999983e-02
-8.126639999999999212e-03
-3.933099999999999791e-02
-9.233629999999999616e-02
-1.064969999999999944e-01
-1.077309999999999934e-01
-1.492559999999999998e-01
-1.956189999999999873e-01
-1.968179999999999930e-01
-1.886529999999999874e-01
-1.817499999999999949e-01
-1.683300000000000074e-01
-1.573489999999999889e-01
-1.489350000000000118e-01
-1.533220000000000138e-01
-1.672059999999999935e-01
-1.826780000000000070e-01
-1.856099999999999972e-01
-1.841540000000000121e-01
-1.753049999999999886e-01
-1.454090000000000105e-01
-1.142470000000000013e-01
-8.585009999999999863e-02
-5.938829999999999804e-02
-5.007330000000000114e-02
-4.870590000000000336e-02
-4.075140000000000012e-02
-3.107499999999999846e-02
7.447780000000000199e-03
6.734339999999999771e-02
1.204059999999999991e-01
1.721910000000000107e-01
2.151619999999999922e-01
2.313959999999999906e-01
2.330160000000000009e-01
2.313860000000000083e-01
2.171359999999999957e-01
1.581519999999999870e-01
7.897319999999999340e-02
4.313990000000000186e-02
4.008649999999999713e-02
3.782049999999999995e-02
3.675649999999999751e-02
4.027569999999999761e-02
3.968540000000000262e-02
3.403269999999999906e-02
2.847389999999999990e-02
2.624910000000000090e-02
2.885249999999999967e-02
3.860269999999999674e-02
6.108530000000000210e-02
5.163910000000000028e-02
6.862629999999999772e-03
-3.121559999999999960e-02
-6.828889999999999960e-02
-9.217780000000000418e-02
-1.054660000000000042e-01
-1.178460000000000063e-01
-1.118819999999999953e-01
-1.042410000000000003e-01
-1.102670000000000039e-01
-1.100830000000000003e-01
-1.123900000000000038e-01
-1.105109999999999981e-01
-7.844790000000000096e-02
-3.901229999999999976e-02
-7.949080000000000729e-03
2.550900000000000042e-02
4.239509999999999806e-02
4.779490000000000127e-02
6.559689999999999965e-02
8.820169999999999400e-02
1.056389999999999968e-01
1.251750000000000085e-01
1.313209999999999933e-01
1.291980000000000073e-01
1.301529999999999909e-01
1.384450000000000125e-01
1.525569999999999982e-01
1.698959999999999915e-01
1.756109999999999893e-01
1.727450000000000097e-01
1.682720000000000049e-01
1.618910000000000071e-01
1.525009999999999977e-01
1.346940000000000082e-01
1.085549999999999987e-01
8.682819999999999427e-02
8.180529999999999746e-02
8.875550000000000106e-02
9.359580000000000677e-02
9.188499999999999446e-02
8.280350000000000210e-02
6.955659999999999621e-02
5.181510000000000282e-02
2.687609999999999999e-02
-5.623349999999999616e-04
-6.869200000000000306e-02
-1.491659999999999930e-01
-1.740210000000000090e-01
-1.806649999999999923e-01
-1.907250000000000056e-01
-1.778139999999999998e-01
-1.474280000000000035e-01
-1.302899999999999892e-01
-1.250139999999999862e-01
-1.356829999999999981e-01
-1.573410000000000086e-01
-1.801939999999999931e-01
-2.016149999999999887e-01
-2.223209999999999908e-01
-2.402950000000000086e-01
-2.379479999999999928e-01
-1.681699999999999862e-01
-7.035339999999999649e-02
-3.469160000000000212e-03
8.162310000000000745e-03
-3.403049999999999825e-02
-1.355139999999999956e-01
-2.227010000000000101e-01
-2.220209999999999961e-01
-2.061070000000000124e-01
-2.003669999999999896e-01
-1.844210000000000016e-01
-1.638100000000000112e-01
-1.386360000000000092e-01
-7.268339999999999523e-02
2.361400000000000044e-03
6.875850000000000017e-02
1.112889999999999990e-01
1.211269999999999986e-01
1.252089999999999870e-01
1.232609999999999956e-01
1.023049999999999932e-01
5.090780000000000305e-02
1.129229999999999947e-03
-1.240869999999999994e-02
-1.080399999999999937e-02
6.499819999999999903e-03
7.597890000000000199e-02
1.504179999999999962e-01
2.156309999999999893e-01
2.797370000000000134e-01
3.063910000000000244e-01
3.018870000000000164e-01
2.785549999999999971e-01
2.373740000000000017e-01
2.015319999999999889e-01
1.642510000000000081e-01
1.383939999999999892e-01
1.546460000000000057e-01
1.399259999999999948e-01
6.433070000000000455e-02
1.187560000000000048e-03
-6.322949999999999404e-02
-1.035670000000000063e-01
-1.118070000000000036e-01
-1.076499999999999957e-01
-1.007289999999999991e-01
-8.247430000000000039e-03
1.406330000000000080e-02
-1.031379999999999970e-02
-3.603689999999999671e-02
-5.880819999999999798e-02
-7.506500000000000672e-02
-9.222750000000000392e-02
-1.103780000000000039e-01
-1.292649999999999910e-01
-1.350629999999999886e-01
-1.304460000000000064e-01
-1.250580000000000025e-01
-1.161309999999999981e-01
-1.124349999999999933e-01
-1.125209999999999960e-01
-1.475960000000000050e-01
-1.634390000000000009e-01
-1.575769999999999949e-01
-1.528799999999999881e-01
-1.450849999999999917e-01
-1.294710000000000027e-01
-1.060630000000000045e-01
-7.863770000000000482e-02
-5.249659999999999743e-02
-3.204669999999999741e-02
8.391100000000000295e-03
7.169449999999999434e-02
9.905129999999999491e-02
1.071890000000000065e-01
1.110919999999999963e-01
1.113460000000000005e-01
1.021610000000000018e-01
9.408370000000000621e-02
1.112969999999999932e-02
-4.899019999999999764e-02
-4.225149999999999739e-02
2.901660000000000003e-02
8.104250000000000342e-02
8.312150000000000094e-02
9.916049999999999864e-02
1.169710000000000055e-01
1.362990000000000035e-01
1.532439999999999913e-01
1.701670000000000127e-01
1.784699999999999898e-01
1.787340000000000040e-01
1.703909999999999869e-01
1.641160000000000119e-01
1.216629999999999934e-01
5.063229999999999814e-02
-1.267380000000000069e-02
-7.361479999999999413e-02
-1.080799999999999955e-01
-1.124209999999999932e-01
-1.100229999999999958e-01
-1.097940000000000027e-01
-7.613029999999999797e-02
3.920790000000000386e-03
7.849109999999999421e-02
1.030979999999999952e-01
9.447029999999999317e-02
8.819209999999999550e-02
6.922689999999999400e-02
3.965459999999999818e-02
-3.971490000000000263e-03
-1.626860000000000112e-02
8.641630000000000839e-03
1.088429999999999953e-01
1.658570000000000044e-01
1.377549999999999886e-01
1.021230000000000054e-01
7.857989999999999420e-02
7.143420000000000325e-02
6.234130000000000227e-02
8.218290000000000317e-02
1.386229999999999962e-01
1.882079999999999864e-01
2.176949999999999996e-01
2.451669999999999960e-01
2.683050000000000157e-01
2.728140000000000009e-01
2.825019999999999754e-01
2.944490000000000163e-01
3.030809999999999893e-01
3.088009999999999922e-01
3.016989999999999950e-01
2.888800000000000257e-01
2.734449999999999936e-01
2.508050000000000002e-01
2.236059999999999992e-01
1.824169999999999958e-01
1.395280000000000131e-01
1.098879999999999996e-01
9.370349999999999513e-02
5.271549999999999847e-02
8.544549999999999715e-03
-1.309199999999999947e-02
-5.143779999999999880e-02
-1.090480000000000060e-01
-1.627300000000000135e-01
-2.120110000000000050e-01
-2.614870000000000250e-01
-3.074589999999999823e-01
-3.411750000000000060e-01
-3.630840000000000178e-01
-3.762490000000000001e-01
-3.768000000000000238e-01
-3.755839999999999734e-01
-3.688529999999999864e-01
-3.583310000000000106e-01
-3.435699999999999865e-01
-3.248460000000000236e-01
-3.032000000000000250e-01
-2.816710000000000047e-01
-2.605680000000000218e-01
-2.417999999999999872e-01
-2.294519999999999893e-01
-2.221069999999999989e-01
-2.164220000000000033e-01
-2.132989999999999886e-01
-2.076890000000000125e-01
-1.997480000000000089e-01
-1.901359999999999995e-01
-1.816750000000000032e-01
-1.737509999999999888e-01
-1.715329999999999910e-01
-1.719549999999999967e-01
-1.738830000000000098e-01
-1.764239999999999975e-01
-1.796820000000000084e-01
-1.800609999999999988e-01
-1.829490000000000005e-01
-1.891940000000000011e-01
-2.002919999999999978e-01
-2.128849999999999909e-01
-2.266869999999999996e-01
-2.365889999999999938e-01
-2.474880000000000135e-01
-2.565569999999999795e-01
-2.661600000000000077e-01
-2.685119999999999729e-01
-2.624639999999999751e-01
-2.509739999999999749e-01
-2.360909999999999953e-01
-2.129610000000000114e-01
-1.801369999999999916e-01
-1.357800000000000118e-01
-9.356659999999999977e-02
-5.815569999999999767e-02
-3.194280000000000036e-02
-1.091450000000000059e-02
8.100009999999999502e-03
2.483420000000000072e-02
4.118390000000000245e-02
5.983460000000000167e-02
7.949119999999999797e-02
1.010169999999999957e-01
1.257139999999999924e-01
1.497169999999999890e-01
1.730559999999999876e-01
2.018620000000000136e-01
2.258169999999999900e-01
2.423299999999999899e-01
2.604259999999999908e-01
2.791009999999999880e-01
2.940570000000000128e-01
3.084660000000000180e-01
3.260529999999999817e-01
3.383660000000000001e-01
3.527939999999999965e-01
3.856870000000000021e-01
4.121159999999999823e-01
4.352710000000000190e-01
4.084679999999999978e-01
3.631900000000000128e-01
3.189290000000000180e-01
3.231339999999999768e-01
3.119540000000000091e-01
2.311060000000000059e-01
1.667939999999999978e-01
1.026490000000000041e-01
1.226669999999999983e-01
1.613189999999999902e-01
1.374630000000000019e-01
1.203999999999999931e-01
1.278299999999999992e-01
1.670010000000000105e-01
2.323119999999999907e-01
2.720310000000000228e-01
2.587090000000000223e-01
2.391770000000000007e-01
2.144620000000000137e-01
1.294549999999999867e-01
2.610650000000000123e-02
-1.962349999999999858e-03
3.273739999999999810e-03
-1.628850000000000100e-04
1.662089999999999965e-03
5.994069999999999780e-03
-6.427890000000000340e-03
-2.864090000000000039e-02
-4.921799999999999786e-02
-6.253380000000000050e-02
-6.115820000000000284e-02
-5.596639999999999948e-02
-4.776520000000000071e-02
-4.061870000000000064e-02
-3.769109999999999822e-02
-3.564930000000000182e-02
-3.730560000000000126e-02
-4.117620000000000308e-02
-4.220659999999999690e-02
-4.483419999999999767e-02
-4.828940000000000315e-02
-5.048079999999999928e-02
-5.758979999999999655e-02
-6.437279999999999391e-02
-7.138200000000000101e-02
-7.936719999999999886e-02
-9.216159999999999630e-02
-1.035120000000000068e-01
-1.142940000000000067e-01
-1.237280000000000046e-01
-1.316140000000000088e-01
-1.370119999999999949e-01
-1.346469999999999889e-01
-1.287709999999999966e-01
-1.174250000000000016e-01
-1.042059999999999931e-01
-8.879869999999999430e-02
-7.202039999999999831e-02
-5.386500000000000316e-02
-3.275369999999999671e-02
-1.881419999999999967e-02
-6.046550000000000362e-03
1.053869999999999980e-02
2.598119999999999943e-02
3.820380000000000303e-02
5.064840000000000314e-02
6.491170000000000273e-02
7.621139999999999859e-02
8.643140000000000545e-02
9.352090000000000403e-02
1.021829999999999961e-01
1.118309999999999998e-01
1.139479999999999937e-01
1.169430000000000053e-01
1.193570000000000048e-01
1.145380000000000009e-01
1.097479999999999983e-01
1.073380000000000029e-01
1.036519999999999941e-01
9.627059999999999784e-02
8.852999999999999758e-02
7.793970000000000065e-02
5.177980000000000083e-02
3.587680000000000036e-02
4.659510000000000041e-02
4.937989999999999741e-02
5.568510000000000126e-02
7.301589999999999470e-02
6.639720000000000344e-02
-1.751350000000000129e-02
-1.170410000000000061e-01
-1.510599999999999998e-01
-1.561710000000000043e-01
-1.576819999999999888e-01
-1.550509999999999944e-01
-1.500940000000000052e-01
-1.452330000000000010e-01
-1.339470000000000105e-01
-1.200900000000000023e-01
-1.107559999999999933e-01
-1.028280000000000027e-01
-9.421259999999999357e-02
-8.279930000000000623e-02
-6.549049999999999316e-02
-5.337540000000000340e-02
-4.292990000000000000e-02
-3.154620000000000341e-02
-2.174469999999999875e-02
-1.689989999999999895e-02
-1.671179999999999888e-02
-1.722330000000000041e-02
-2.029150000000000051e-02
-3.422379999999999867e-02
-5.954580000000000289e-02
-8.422659999999999869e-02
-1.051259999999999972e-01
-1.080710000000000004e-01
-1.054309999999999969e-01
-1.053459999999999952e-01
-1.042399999999999993e-01
-1.028069999999999956e-01
-1.040220000000000034e-01
-1.073500000000000010e-01
-1.086270000000000013e-01
-1.069699999999999956e-01
-1.007630000000000053e-01
-9.366789999999999838e-02
-8.500580000000000636e-02
-7.534459999999999769e-02
-6.297170000000000545e-02
-5.249240000000000156e-02
-4.469830000000000331e-02
-3.555160000000000264e-02
-2.819949999999999887e-02
-2.234950000000000131e-02
-1.569169999999999940e-02
-9.689190000000000302e-03
-3.768940000000000137e-03
-3.990169999999999779e-05
3.879230000000000005e-03
9.646590000000000026e-03
1.607690000000000161e-02
2.320039999999999950e-02
3.305129999999999874e-02
3.917799999999999755e-02
4.202440000000000342e-02
5.446129999999999721e-02
7.816190000000000637e-02
8.406389999999999696e-02
7.535550000000000581e-02
6.134160000000000307e-02
3.485819999999999891e-02
2.133379999999999999e-02
2.153969999999999843e-02
3.039580000000000060e-02
5.618660000000000321e-02
7.696500000000000563e-02
8.579660000000000064e-02
8.849239999999999884e-02
7.481129999999999725e-02
5.225889999999999702e-02
3.640299999999999786e-02
3.405389999999999806e-02
3.574979999999999825e-02
4.017749999999999794e-02
4.606079999999999897e-02
4.860579999999999762e-02
4.657159999999999772e-02
4.442619999999999902e-02
3.968180000000000318e-02
2.892940000000000095e-02
8.495020000000000696e-03
-1.446910000000000036e-02
-3.848420000000000313e-02
-6.416420000000000456e-02
-8.975650000000000295e-02
-1.115150000000000030e-01
-1.259919999999999929e-01
-1.345790000000000042e-01
-1.412269999999999914e-01
-1.440879999999999939e-01
-1.436469999999999969e-01
-1.439370000000000094e-01
-1.399279999999999968e-01
-1.322160000000000002e-01
-1.221209999999999934e-01
-1.132119999999999932e-01
-1.041709999999999997e-01
-9.227870000000000517e-02
-8.068870000000000209e-02
-6.724479999999999347e-02
-4.964060000000000000e-02
-2.567900000000000044e-02
-5.773129999999999798e-04
2.391329999999999845e-02
4.617570000000000008e-02
6.160209999999999991e-02
7.188940000000000607e-02
8.157010000000000649e-02
9.171600000000000585e-02
9.934239999999999737e-02
1.043479999999999963e-01
1.106120000000000020e-01
1.167030000000000012e-01
1.243179999999999980e-01
1.313640000000000085e-01
1.387369999999999992e-01
1.471040000000000125e-01
1.495609999999999995e-01
1.492269999999999985e-01
1.481510000000000049e-01
1.443609999999999893e-01
1.404940000000000078e-01
1.391590000000000049e-01
1.399050000000000016e-01
1.422889999999999988e-01
1.434100000000000097e-01
1.447549999999999948e-01
1.404610000000000025e-01
1.293100000000000083e-01
1.148310000000000025e-01
1.008710000000000023e-01
8.816069999999999462e-02
7.751039999999999319e-02
6.324059999999999404e-02
4.744960000000000150e-02
3.046979999999999827e-02
1.386270000000000037e-02
-1.562950000000000016e-03
-1.938809999999999839e-02
-3.576970000000000149e-02
-4.641250000000000236e-02
-5.664820000000000272e-02
-7.031270000000000575e-02
-8.291500000000000259e-02
-9.521399999999999308e-02
-1.113979999999999970e-01
-1.264959999999999973e-01
-1.432460000000000122e-01
-1.603729999999999878e-01
-1.719970000000000110e-01
-1.819199999999999984e-01
-1.899980000000000002e-01
-1.879240000000000077e-01
-1.864280000000000104e-01
-1.827979999999999883e-01
-1.758619999999999906e-01
-1.664229999999999876e-01
-1.570409999999999862e-01
-1.475360000000000005e-01
-1.393079999999999874e-01
-1.336160000000000125e-01
-1.256430000000000047e-01
-1.149799999999999989e-01
-9.990069999999999506e-02
-8.158590000000000286e-02
-6.316910000000000580e-02
-4.592879999999999879e-02
-3.234399999999999775e-02
-2.103560000000000152e-02
-1.563010000000000094e-02
-1.395240000000000022e-02
-1.517139999999999982e-02
-1.855160000000000142e-02
-2.126060000000000103e-02
-2.424919999999999853e-02
-2.572249999999999884e-02
-2.705029999999999935e-02
-2.642490000000000117e-02
-2.474840000000000026e-02
-2.340089999999999879e-02
-2.300839999999999830e-02
-2.442460000000000117e-02
-2.506800000000000000e-02
-2.454370000000000163e-02
-2.369550000000000128e-02
-2.059750000000000122e-02
-1.308349999999999964e-02
-2.492649999999999900e-03
7.764700000000000248e-03
2.109640000000000126e-02
3.992140000000000272e-02
5.632670000000000038e-02
7.023139999999999938e-02
8.200849999999999806e-02
8.712240000000000262e-02
9.325959999999999805e-02
1.024759999999999976e-01
1.102910000000000001e-01
1.152880000000000016e-01
1.223930000000000018e-01
1.343280000000000030e-01
1.455649999999999999e-01
1.575129999999999864e-01
1.690740000000000021e-01
1.760039999999999938e-01
1.761000000000000065e-01
1.714120000000000088e-01
1.654720000000000080e-01
1.596420000000000061e-01
1.524280000000000079e-01
1.450589999999999935e-01
1.347079999999999944e-01
1.255239999999999967e-01
1.198120000000000018e-01
1.160250000000000031e-01
1.159830000000000028e-01
1.200689999999999952e-01
1.257060000000000122e-01
1.321499999999999897e-01
1.317750000000000032e-01
1.264780000000000071e-01
1.201089999999999935e-01
1.131000000000000061e-01
1.001029999999999975e-01
8.321449999999999680e-02
6.466969999999999663e-02
4.319459999999999966e-02
2.146440000000000153e-02
3.059699999999999833e-03
-1.124509999999999919e-02
-2.341870000000000063e-02
-3.595340000000000341e-02
-4.686579999999999913e-02
-5.238199999999999801e-02
-5.272709999999999897e-02
-5.181850000000000345e-02
-5.153130000000000210e-02
-5.270480000000000304e-02
-5.457170000000000076e-02
-5.586130000000000262e-02
-5.858259999999999856e-02
-5.947299999999999809e-02
-5.972739999999999994e-02
-6.054720000000000241e-02
-5.920659999999999812e-02
-5.756610000000000199e-02
-5.619299999999999989e-02
-5.456239999999999701e-02
-5.140999999999999737e-02
-5.042669999999999791e-02
-5.087760000000000199e-02
-4.940680000000000072e-02
-4.962269999999999875e-02
-4.910679999999999906e-02
-4.765609999999999985e-02
-4.519000000000000100e-02
-4.256660000000000305e-02
-4.011510000000000076e-02
-3.964720000000000050e-02
-3.892770000000000258e-02
-3.448500000000000176e-02
-2.725110000000000032e-02
-1.999609999999999929e-02
-1.447649999999999978e-02
-6.855939999999999604e-03
6.779929999999999984e-04
5.794429999999999720e-03
9.156589999999999174e-03
9.719129999999999436e-03
6.871959999999999874e-03
1.914520000000000067e-03
-1.597090000000000011e-03
-3.574959999999999857e-03
1.043880000000000041e-04
8.204690000000000594e-03
2.195379999999999901e-02
3.935160000000000047e-02
5.241849999999999982e-02
6.179520000000000152e-02
6.648809999999999443e-02
6.067070000000000102e-02
4.854909999999999781e-02
3.594039999999999735e-02
2.007300000000000056e-02
7.422490000000000337e-03
3.117019999999999860e-03
2.886090000000000010e-03
3.405249999999999857e-03
3.610719999999999989e-03
-3.494559999999999962e-05
-3.503669999999999961e-03
-6.690910000000000434e-03
-5.590949999999999913e-03
-1.277160000000000057e-03
5.003760000000000326e-03
1.056990000000000013e-02
1.638960000000000070e-02
1.387940000000000007e-02
6.395050000000000213e-03
-8.200100000000000314e-04
-1.032399999999999984e-02
-2.177979999999999847e-02
-3.086219999999999936e-02
-3.820980000000000210e-02
-4.406560000000000338e-02
-4.653630000000000266e-02
-4.823260000000000047e-02
-5.136679999999999718e-02
-5.443640000000000284e-02
-5.702089999999999936e-02
-6.025339999999999863e-02
-6.462980000000000114e-02
-6.786609999999999865e-02
-7.146579999999999600e-02
-7.446529999999999816e-02
-7.707579999999999987e-02
-7.617599999999999372e-02
-7.507719999999999672e-02
-7.240119999999999889e-02
-6.878769999999999329e-02
-6.395270000000000121e-02
-5.527340000000000031e-02
-4.290929999999999744e-02
-3.101210000000000078e-02
-1.958410000000000012e-02
-8.380949999999999858e-03
1.056510000000000088e-03
3.152840000000000070e-03
4.977770000000000285e-03
7.334089999999999707e-03
6.617460000000000356e-03
3.632600000000000152e-03
1.597740000000000054e-03
2.118760000000000023e-04
1.060570000000000080e-05
2.469509999999999848e-03
5.318449999999999740e-03
8.929410000000000472e-03
1.138049999999999999e-02
1.069679999999999936e-02
5.785740000000000154e-03
-7.682150000000000437e-04
-8.565019999999999578e-03
-1.944939999999999863e-02
-2.860889999999999961e-02
-3.536679999999999685e-02
-4.222240000000000021e-02
-4.590349999999999986e-02
-4.794269999999999782e-02
-4.917099999999999943e-02
-4.883529999999999816e-02
-4.783470000000000083e-02
-4.566930000000000295e-02
-4.391710000000000058e-02
-4.306780000000000330e-02
-4.389520000000000227e-02
-4.275770000000000265e-02
-4.080700000000000299e-02
-3.813489999999999935e-02
-3.524109999999999743e-02
-3.077500000000000027e-02
-2.698069999999999982e-02
-2.491250000000000062e-02
-2.039869999999999878e-02
-1.969370000000000148e-02
-2.308870000000000020e-02
-2.283949999999999869e-02
-2.429550000000000112e-02
-2.609119999999999842e-02
-2.480900000000000119e-02
-2.294420000000000140e-02
-2.015110000000000165e-02
-1.619960000000000150e-02
-1.337969999999999958e-02
-8.621810000000000584e-03
-2.507870000000000151e-03
4.771990000000000259e-03
1.057879999999999932e-02
1.494649999999999972e-02
2.018800000000000108e-02
2.259709999999999844e-02
2.304969999999999936e-02
2.480380000000000085e-02
2.536259999999999903e-02
2.476439999999999891e-02
2.166200000000000070e-02
2.025400000000000117e-02
1.744180000000000036e-02
1.500130000000000040e-02
1.195560000000000025e-02
1.041510000000000005e-02
8.547849999999999199e-03
7.270079999999999945e-03
6.284790000000000168e-03
4.045720000000000045e-03
4.032889999999999912e-03
3.999360000000000415e-03
3.077859999999999971e-03
4.931470000000000298e-03
8.314949999999999772e-03
1.189529999999999928e-02
1.625149999999999859e-02
1.930269999999999903e-02
2.180529999999999968e-02
2.577339999999999839e-02
2.866990000000000163e-02
2.793879999999999975e-02
2.491720000000000046e-02
2.207479999999999859e-02
1.937710000000000127e-02
1.856019999999999892e-02
2.020979999999999999e-02
2.177379999999999940e-02
2.664340000000000111e-02
3.168220000000000064e-02
3.577539999999999887e-02
3.867339999999999667e-02
4.127720000000000000e-02
4.075220000000000231e-02
4.043669999999999903e-02
4.092570000000000235e-02
4.138880000000000337e-02
4.413790000000000074e-02
4.919319999999999943e-02
5.330180000000000334e-02
5.617500000000000271e-02
5.964529999999999832e-02
6.033109999999999862e-02
5.779770000000000046e-02
5.316799999999999998e-02
4.752939999999999943e-02
3.819960000000000022e-02
2.384829999999999936e-02
1.110650000000000005e-02
2.370820000000000045e-03
-5.563880000000000214e-03
-5.415269999999999806e-03
-2.220950000000000181e-03
4.207930000000000351e-03
1.192179999999999976e-02
1.848280000000000062e-02
2.286799999999999944e-02
2.313470000000000110e-02
1.778930000000000095e-02
1.468889999999999953e-02
8.713620000000000046e-03
5.683770000000000315e-03
5.471460000000000039e-03
4.940230000000000316e-03
1.284479999999999953e-03
-7.411699999999999799e-04
-3.519809999999999953e-03
-8.807590000000000557e-03
-1.273439999999999989e-02
-1.317459999999999985e-02
-1.414890000000000071e-02
-1.275920000000000006e-02
-1.197239999999999936e-02
-9.602249999999999674e-03
-6.777469999999999849e-03
-6.863679999999999608e-03
-6.847360000000000252e-03
-6.952419999999999954e-03
-1.106440000000000028e-02
-1.864460000000000076e-02
-2.619449999999999903e-02
-3.425609999999999766e-02
-4.229619999999999908e-02
-4.967209999999999681e-02
-5.647850000000000092e-02
-5.792139999999999789e-02
-5.802430000000000088e-02
-5.508670000000000233e-02
-4.804100000000000037e-02
-4.213290000000000091e-02
-3.520399999999999918e-02
-2.946750000000000064e-02
-2.390120000000000092e-02
-1.897659999999999972e-02
-1.598170000000000146e-02
-1.461639999999999988e-02
-1.384559999999999957e-02
-1.101859999999999992e-02
-6.727320000000000175e-03
3.083830000000000186e-04
7.351629999999999623e-03
1.391530000000000024e-02
2.062980000000000022e-02
2.811800000000000063e-02
3.407339999999999675e-02
3.959759999999999669e-02
4.403270000000000101e-02
4.686479999999999813e-02
4.814659999999999773e-02
4.897889999999999883e-02
4.850150000000000294e-02
4.859290000000000137e-02
5.074979999999999769e-02
5.181190000000000101e-02
5.258770000000000111e-02
5.557299999999999740e-02
5.602719999999999922e-02
5.932799999999999879e-02
6.395399999999999696e-02
6.869319999999999593e-02
7.211220000000000130e-02
7.183939999999999770e-02
6.976690000000000669e-02
6.343949999999999589e-02
5.186520000000000019e-02
3.968619999999999787e-02
2.918629999999999836e-02
1.923839999999999925e-02
1.123460000000000084e-02
6.619149999999999860e-03
2.314249999999999901e-03
-4.076579999999999787e-03
-8.490170000000000008e-03
-1.545559999999999989e-02
-2.363379999999999995e-02
-3.024949999999999861e-02
-3.486460000000000253e-02
-4.093569999999999848e-02
-4.204680000000000223e-02
-3.926700000000000329e-02
-3.327299999999999702e-02
-2.829970000000000055e-02
-2.545309999999999934e-02
-2.406849999999999962e-02
-2.338700000000000154e-02
-2.362360000000000154e-02
-2.438270000000000021e-02
-2.651730000000000059e-02
-2.833420000000000036e-02
-3.074469999999999981e-02
-3.346919999999999756e-02
-3.466770000000000268e-02
-3.661219999999999752e-02
-3.781910000000000133e-02
-3.945540000000000158e-02
-4.038499999999999729e-02
-4.301920000000000049e-02
-4.411709999999999937e-02
-4.536250000000000004e-02
-4.558949999999999808e-02
-4.541329999999999673e-02
-4.453150000000000164e-02
-4.452029999999999876e-02
-4.002939999999999970e-02
-3.423960000000000198e-02
-2.583119999999999861e-02
-1.558760000000000007e-02
-5.077840000000000131e-03
5.934029999999999860e-03
1.799730000000000080e-02
2.994190000000000046e-02
3.764220000000000066e-02
4.631869999999999737e-02
5.383949999999999847e-02
5.832009999999999972e-02
6.094650000000000067e-02
5.914910000000000306e-02
5.419870000000000243e-02
4.687050000000000244e-02
4.141430000000000111e-02
3.821700000000000097e-02
3.254340000000000011e-02
2.845150000000000109e-02
2.614740000000000120e-02
2.324439999999999840e-02
2.076079999999999939e-02
1.796510000000000121e-02
1.559980000000000047e-02
1.318659999999999971e-02
9.616259999999999739e-03
2.289670000000000160e-03
-7.780419999999999697e-03
-2.228760000000000116e-02
-3.308189999999999742e-02
-4.364429999999999699e-02
-5.257060000000000205e-02
-5.643739999999999868e-02
-5.553059999999999941e-02
-5.345950000000000008e-02
-4.915449999999999681e-02
-4.180999999999999994e-02
-3.221639999999999920e-02
-2.493930000000000105e-02
-1.761870000000000103e-02
-1.196790000000000007e-02
-6.399170000000000032e-03
-5.517229999999999704e-03
-7.470530000000000399e-03
-7.039489999999999810e-03
-6.536430000000000191e-03
-4.263910000000000096e-03
8.378660000000000448e-04
5.958770000000000386e-03
1.180609999999999993e-02
1.663130000000000164e-02
2.104899999999999827e-02
2.403020000000000156e-02
2.076609999999999914e-02
1.623449999999999893e-02
9.196740000000000123e-03
8.306500000000000515e-04
-8.856589999999999255e-03
-1.507449999999999936e-02
-1.672200000000000075e-02
-1.535429999999999955e-02
-1.241959999999999939e-02
-1.108969999999999921e-02
-1.095619999999999927e-02
-1.172890000000000044e-02
-1.535590000000000045e-02
-1.771259999999999848e-02
-1.946209999999999954e-02
-1.977109999999999979e-02
-1.894799999999999957e-02
-1.897870000000000112e-02
-1.974450000000000163e-02
-1.906110000000000096e-02
-1.657399999999999846e-02
-1.129190000000000055e-02
-4.239599999999999619e-03
2.577750000000000180e-03
8.028969999999999857e-03
1.072930000000000064e-02
1.114159999999999977e-02
1.025309999999999937e-02
6.282770000000000021e-03
1.409660000000000080e-03
-5.099079999999999759e-03
-1.046659999999999952e-02
-1.673830000000000109e-02
-2.059189999999999979e-02
-2.432509999999999881e-02
-2.721000000000000155e-02
-2.602420000000000080e-02
-2.482989999999999850e-02
-2.185360000000000080e-02
-1.874299999999999924e-02
-1.589000000000000135e-02
-1.140850000000000024e-02
-7.845539999999999806e-03
-6.554800000000000383e-03
-3.997129999999999780e-03
-1.388539999999999957e-03
8.060199999999999570e-04
5.667649999999999771e-03
1.256329999999999947e-02
1.872810000000000100e-02
2.486199999999999868e-02
2.908830000000000096e-02
3.172429999999999695e-02
3.467449999999999699e-02
3.477100000000000329e-02
3.122950000000000031e-02
2.578770000000000021e-02
2.162709999999999980e-02
1.731790000000000065e-02
1.262519999999999962e-02
1.104199999999999973e-02
1.086589999999999952e-02
1.016929999999999917e-02
8.988370000000000734e-03
4.869010000000000005e-03
6.047920000000000466e-04
-3.316429999999999986e-03
-6.800010000000000429e-03
-8.341370000000000728e-03
-8.488580000000000778e-03
-5.612719999999999862e-03
-3.190950000000000123e-03
-3.401019999999999825e-03
-4.416780000000000359e-03
-8.915420000000000289e-03
-1.176220000000000043e-02
-1.354600000000000075e-02
-1.544599999999999966e-02
-1.437450000000000012e-02
-1.414450000000000082e-02
-1.120209999999999956e-02
-8.089670000000000194e-03
-4.773320000000000167e-03
-3.156920000000000125e-03
-2.930659999999999862e-03
-3.639669999999999798e-03
-5.725169999999999912e-03
-9.752979999999999636e-03
-1.308600000000000041e-02
-1.630579999999999877e-02
-1.953919999999999962e-02
-2.162769999999999970e-02
-2.204170000000000088e-02
-2.170760000000000051e-02
-1.873239999999999975e-02
-1.488569999999999997e-02
-1.146130000000000065e-02
-7.064560000000000110e-03
2.875290000000000181e-04
6.943000000000000387e-03
1.126719999999999978e-02
1.501010000000000018e-02
1.964070000000000052e-02
2.600770000000000165e-02
3.216039999999999871e-02
3.930669999999999997e-02
4.355069999999999775e-02
4.548649999999999916e-02
4.799110000000000181e-02
4.742160000000000125e-02
4.489789999999999753e-02
3.938830000000000109e-02
3.478269999999999973e-02
2.966210000000000027e-02
2.434350000000000055e-02
2.073030000000000012e-02
1.721869999999999998e-02
1.303900000000000024e-02
7.963869999999999630e-03
4.638709999999999882e-03
4.844650000000000041e-04
-1.990730000000000017e-03
-5.528820000000000262e-03
-9.042170000000000415e-03
-1.124649999999999955e-02
-1.311370000000000070e-02
-1.451799999999999966e-02
-1.565220000000000153e-02
-1.535459999999999950e-02
-1.480590000000000031e-02
-1.555980000000000037e-02
-1.767339999999999883e-02
-1.777990000000000126e-02
-1.640319999999999973e-02
-1.422919999999999914e-02
-1.357689999999999939e-02
-1.314530000000000039e-02
-1.279779999999999980e-02
-1.423529999999999934e-02
-1.734219999999999859e-02
-2.051220000000000127e-02
-2.247609999999999886e-02
-2.249630000000000032e-02
-2.294360000000000149e-02
-2.067599999999999993e-02
-1.677709999999999965e-02
-1.337920000000000081e-02
-1.009320000000000009e-02
-5.285390000000000053e-03
-1.520709999999999879e-04
2.006420000000000078e-03
7.227510000000000358e-03
1.659570000000000142e-02
2.506550000000000097e-02
3.004189999999999985e-02
3.829090000000000271e-02
4.917509999999999937e-02
5.639609999999999762e-02
6.328079999999999816e-02
6.728380000000000472e-02
7.081890000000000407e-02
7.231859999999999677e-02
7.067950000000000621e-02
6.447319999999999440e-02
5.744019999999999682e-02
5.088469999999999799e-02
4.644870000000000249e-02
4.228740000000000276e-02
3.705440000000000123e-02
3.150120000000000003e-02
2.418510000000000104e-02
1.733329999999999940e-02
6.044810000000000287e-03
-7.016180000000000333e-03
-1.668100000000000138e-02
-2.554750000000000076e-02
-3.353099999999999831e-02
-3.992359999999999659e-02
-4.408929999999999794e-02
-4.754989999999999911e-02
-4.828679999999999778e-02
-4.632900000000000212e-02
-4.388679999999999665e-02
-3.912199999999999706e-02
-3.387860000000000177e-02
-2.673539999999999944e-02
-1.920439999999999994e-02
-1.116540000000000067e-02
-4.717589999999999804e-03
-2.026210000000000077e-03
8.694420000000000013e-04
4.874019999999999742e-03
6.416429999999999877e-03
5.342930000000000075e-03
4.617500000000000077e-03
7.536659999999999497e-04
-6.972350000000000422e-04
-1.589609999999999981e-03
-3.366329999999999843e-03
-5.189479999999999787e-03
-6.240869999999999924e-03
-6.661870000000000291e-03
-9.657670000000000143e-03
-1.418559999999999960e-02
-1.659269999999999842e-02
-2.024760000000000101e-02
-2.207069999999999865e-02
-2.562069999999999972e-02
-2.891799999999999926e-02
-3.040870000000000031e-02
-3.200540000000000329e-02
-3.252950000000000286e-02
-3.305140000000000161e-02
-3.491799999999999765e-02
-3.551950000000000246e-02
-3.636310000000000237e-02
-3.659690000000000165e-02
-3.485060000000000241e-02
-3.375129999999999797e-02
-3.185199999999999837e-02
-2.854500000000000093e-02
-2.436620000000000105e-02
-2.114699999999999913e-02
-1.917419999999999888e-02
-1.829510000000000164e-02
-1.545619999999999980e-02
-1.558449999999999940e-02
-1.629409999999999886e-02
-1.568759999999999946e-02
-1.658199999999999952e-02
-2.060889999999999944e-02
-2.379490000000000077e-02
-2.934830000000000078e-02
-3.198270000000000279e-02
-3.568720000000000225e-02
-3.690079999999999749e-02
-3.637130000000000224e-02
-3.500199999999999839e-02
-3.232650000000000107e-02
-2.790389999999999884e-02
-2.517080000000000012e-02
-2.042100000000000165e-02
-1.493659999999999953e-02
-9.841070000000000373e-03
-4.961929999999999813e-03
9.166410000000000486e-04
5.372090000000000372e-03
9.248360000000000608e-03
1.221470000000000021e-02
1.838729999999999878e-02
2.398499999999999938e-02
2.838540000000000160e-02
3.170390000000000014e-02
3.662109999999999671e-02
4.034399999999999792e-02
4.365229999999999805e-02
4.691959999999999881e-02
4.777680000000000121e-02
4.913390000000000118e-02
5.075400000000000050e-02
5.552010000000000278e-02
5.989619999999999667e-02
6.543980000000000630e-02
6.819619999999999849e-02
6.800169999999999826e-02
6.769940000000000679e-02
6.506900000000000184e-02
5.902410000000000295e-02
5.251669999999999949e-02
4.901429999999999676e-02
4.565749999999999670e-02
4.304909999999999987e-02
4.284899999999999820e-02
4.111220000000000152e-02
3.891759999999999664e-02
3.529240000000000155e-02
2.751680000000000098e-02
1.967800000000000105e-02
1.302520000000000067e-02
4.075719999999999690e-03
-3.188079999999999820e-03
-8.514570000000000818e-03
-1.071719999999999964e-02
-1.446199999999999916e-02
-1.690439999999999998e-02
-1.756759999999999919e-02
-1.997610000000000011e-02
-2.248170000000000029e-02
-2.472159999999999982e-02
-2.893099999999999838e-02
-3.203589999999999910e-02
-3.327959999999999946e-02
-4.079100000000000087e-02
-4.668370000000000158e-02
-4.741240000000000038e-02
-4.901080000000000020e-02
-5.174310000000000020e-02
-5.268230000000000135e-02
-5.140979999999999855e-02
-4.803860000000000074e-02
-4.491350000000000203e-02
-4.185090000000000338e-02
-3.981189999999999729e-02
-3.835779999999999745e-02
-3.647879999999999873e-02
-3.470770000000000105e-02
-3.091669999999999835e-02
-2.764250000000000040e-02
-2.615759999999999960e-02
-2.496409999999999949e-02
-2.198670000000000138e-02
-2.000319999999999876e-02
-1.869770000000000112e-02
-1.531470000000000053e-02
-1.142059999999999950e-02
-9.424379999999999563e-03
-8.730899999999999772e-03
-8.080389999999999795e-03
-7.173380000000000034e-03
-7.302580000000000356e-03
-8.036349999999999397e-03
-7.272439999999999807e-03
-6.355799999999999991e-03
-4.078299999999999981e-03
-2.897079999999999794e-03
-8.235140000000000168e-04
2.757110000000000116e-03
3.121249999999999893e-03
5.072229999999999621e-03
8.374879999999999478e-03
1.120799999999999921e-02
1.456110000000000043e-02
1.986179999999999890e-02
2.200490000000000085e-02
2.479529999999999929e-02
2.929150000000000156e-02
3.251369999999999955e-02
3.451509999999999995e-02
3.497560000000000252e-02
3.514040000000000219e-02
3.373140000000000166e-02
3.131169999999999787e-02
2.901219999999999841e-02
2.703250000000000097e-02
2.467859999999999845e-02
2.271690000000000167e-02
1.856609999999999858e-02
1.468369999999999918e-02
1.099239999999999939e-02
6.665940000000000407e-03
3.956180000000000113e-03
1.670899999999999903e-03
1.047540000000000016e-03
1.327639999999999940e-03
1.404230000000000018e-03
1.567440000000000022e-03
1.765080000000000034e-03
1.824639999999999986e-03
2.463860000000000008e-03
4.102319999999999578e-03
6.422109999999999971e-03
1.151499999999999919e-02
1.655219999999999955e-02
1.923559999999999853e-02
2.149790000000000034e-02
2.523419999999999830e-02
2.731909999999999894e-02
2.875609999999999972e-02
2.872579999999999925e-02
2.760779999999999831e-02
2.662209999999999924e-02
2.575150000000000008e-02
2.464830000000000146e-02
2.354840000000000058e-02
2.088469999999999910e-02
1.722179999999999891e-02
1.451880000000000011e-02
1.295699999999999977e-02
9.750309999999999880e-03
7.916499999999999926e-03
8.065080000000000512e-03
9.398540000000000366e-03
9.160180000000000405e-03
9.496390000000000386e-03
1.166949999999999932e-02
1.352210000000000044e-02
1.430679999999999973e-02
1.659710000000000005e-02
1.799620000000000039e-02
2.179110000000000075e-02
2.371090000000000003e-02
2.343900000000000150e-02
2.292419999999999874e-02
1.920840000000000047e-02
1.644380000000000147e-02
1.415199999999999965e-02
1.212560000000000027e-02
8.933939999999999590e-03
4.415259999999999845e-03
3.106729999999999822e-03
2.003099999999999846e-03
-1.393890000000000060e-03
-2.845569999999999957e-03
-4.948939999999999763e-03
-7.978709999999999969e-03
-1.081919999999999930e-02
-1.217339999999999915e-02
-1.204449999999999965e-02
-1.198489999999999972e-02
-1.200320000000000033e-02
-1.195330000000000004e-02
-1.169830000000000002e-02
-1.157960000000000066e-02
-8.554469999999999782e-03
-6.765679999999999611e-03
-7.389770000000000366e-03
-7.286550000000000145e-03
-7.270310000000000314e-03
-7.297330000000000309e-03
-7.575980000000000388e-03
-7.550720000000000348e-03
-7.588690000000000366e-03
-8.488710000000000006e-03
-1.123970000000000004e-02
-1.376890000000000058e-02
-1.592620000000000147e-02
-1.657990000000000158e-02
-1.853600000000000039e-02
-1.982539999999999997e-02
-1.936389999999999986e-02
-1.898089999999999847e-02
-2.042549999999999921e-02
-2.229969999999999869e-02
-2.180270000000000125e-02
-2.110690000000000136e-02
-1.940249999999999961e-02
-1.750859999999999916e-02
-1.534920000000000034e-02
-1.262689999999999993e-02
-1.132440000000000009e-02
-9.606460000000000693e-03
-9.292560000000000056e-03
-9.164490000000000830e-03
-1.080169999999999915e-02
-1.273799999999999932e-02
-1.270630000000000023e-02
-1.307960000000000025e-02
-1.560809999999999975e-02
-1.786499999999999894e-02
-2.096999999999999906e-02
-2.261809999999999862e-02
-2.446800000000000017e-02
-2.512549999999999853e-02
-2.523279999999999967e-02
-2.433209999999999887e-02
-2.296439999999999940e-02
-2.042729999999999893e-02
-1.990820000000000090e-02
-2.073610000000000037e-02
-1.975410000000000013e-02
-2.013039999999999968e-02
-2.018520000000000036e-02
-1.901430000000000134e-02
-1.740440000000000043e-02
-1.307999999999999961e-02
-8.286989999999999287e-03
-2.246900000000000026e-03
3.998920000000000426e-03
7.526589999999999669e-03
1.075959999999999937e-02
1.114369999999999944e-02
1.062480000000000022e-02
1.200550000000000055e-02
1.265140000000000015e-02
1.207339999999999976e-02
1.185710000000000063e-02
1.153099999999999958e-02
1.119649999999999986e-02
1.086669999999999997e-02
1.042309999999999938e-02
8.510780000000000775e-03
8.517870000000000302e-03
9.863220000000000667e-03
9.705899999999999944e-03
9.208539999999999434e-03
9.429639999999999550e-03
1.108119999999999938e-02
1.377339999999999988e-02
1.453540000000000040e-02
1.663409999999999889e-02
1.852989999999999846e-02
2.129239999999999952e-02
2.489989999999999912e-02
2.595640000000000100e-02
2.921489999999999851e-02
3.391860000000000014e-02
3.487540000000000084e-02
3.596640000000000253e-02
3.632259999999999656e-02
3.444980000000000264e-02
3.307000000000000217e-02
3.060219999999999954e-02
2.778829999999999842e-02
2.632999999999999924e-02
2.519470000000000043e-02
2.376270000000000118e-02
2.195209999999999870e-02
1.709930000000000130e-02
1.314560000000000034e-02
9.443800000000000458e-03
3.826860000000000071e-03
1.189350000000000043e-03
-2.875089999999999851e-03
-6.266419999999999976e-03
-1.018480000000000080e-02
-1.259129999999999971e-02
-1.585419999999999885e-02
-2.024389999999999870e-02
-2.202710000000000085e-02
-2.429629999999999984e-02
-2.397919999999999913e-02
-2.302490000000000092e-02
-2.058019999999999988e-02
-1.513450000000000038e-02
-1.037929999999999929e-02
-6.699199999999999773e-03
-2.736290000000000163e-03
-9.348210000000000406e-05
2.111790000000000108e-03
4.258099999999999906e-03
6.508609999999999743e-03
8.657619999999999552e-03
1.055649999999999991e-02
1.231669999999999987e-02
1.251569999999999939e-02
1.347620000000000068e-02
1.491800000000000070e-02
1.495550000000000004e-02
1.635769999999999932e-02
1.658340000000000161e-02
1.709930000000000130e-02
1.839729999999999838e-02
1.764790000000000109e-02
1.616599999999999981e-02
1.500469999999999929e-02
1.227310000000000033e-02
7.264500000000000124e-03
4.140849999999999739e-03
-6.882680000000000178e-04
-8.133309999999999498e-03
-1.454249999999999987e-02
-1.978989999999999916e-02
-2.442849999999999883e-02
-2.796310000000000115e-02
-3.149509999999999810e-02
-3.375829999999999803e-02
-3.530799999999999911e-02
-3.720860000000000140e-02
-3.869600000000000123e-02
-4.041449999999999904e-02
-4.179309999999999969e-02
-4.304170000000000218e-02
-4.367950000000000305e-02
-4.422190000000000148e-02
-4.403850000000000126e-02
-4.419560000000000155e-02
-4.555499999999999827e-02
-4.455239999999999895e-02
-4.228620000000000295e-02
-4.090660000000000129e-02
-3.590499999999999942e-02
-3.342429999999999707e-02
-3.073369999999999921e-02
-2.660080000000000083e-02
-2.527499999999999886e-02
-2.435019999999999893e-02
-2.179849999999999843e-02
-2.170650000000000010e-02
-2.139800000000000035e-02
-2.011579999999999965e-02
-1.930810000000000165e-02
-1.825080000000000105e-02
-1.740979999999999958e-02
-1.622969999999999968e-02
-1.563459999999999850e-02
-1.246929999999999913e-02
-9.192499999999999283e-03
-8.697959999999999373e-03
-8.160129999999999814e-03
-7.293570000000000088e-03
-5.967079999999999607e-03
-2.816920000000000101e-03
-9.715610000000000175e-04
-6.215180000000000487e-04
-3.582519999999999845e-04
2.751750000000000073e-04
-4.419140000000000112e-04
-1.276999999999999923e-03
-3.569989999999999882e-03
-5.103469999999999708e-03
-5.923000000000000313e-03
-5.967789999999999727e-03
-4.328629999999999978e-03
-1.183199999999999920e-03
2.133120000000000068e-03
6.151529999999999672e-03
8.260860000000000078e-03
1.017209999999999989e-02
1.264499999999999999e-02
1.243039999999999944e-02
1.228139999999999961e-02
8.772800000000000736e-03
5.723060000000000300e-03
2.897849999999999992e-03
6.773979999999999813e-05
-1.158900000000000034e-03
-1.745259999999999997e-03
-3.051470000000000137e-03
-4.626420000000000012e-03
-4.938699999999999861e-03
-6.592220000000000198e-03
-7.656320000000000313e-03
-6.528929999999999630e-03
-5.751219999999999596e-03
-4.962799999999999850e-03
-4.294179999999999872e-03
-3.436919999999999992e-03
-2.803320000000000204e-03
-1.894969999999999944e-03
-1.683819999999999935e-03
-1.864500000000000055e-03
-4.782340000000000159e-04
2.033969999999999962e-03
3.630700000000000160e-03
7.160589999999999664e-03
9.624769999999999506e-03
1.388999999999999957e-02
1.884190000000000170e-02
2.148419999999999844e-02
2.374659999999999965e-02
2.623920000000000072e-02
2.828740000000000074e-02
3.072449999999999834e-02
3.528169999999999917e-02
3.786629999999999857e-02
3.932379999999999903e-02
4.195429999999999993e-02
4.145479999999999998e-02
4.011730000000000157e-02
3.900979999999999726e-02
3.809060000000000223e-02
3.676229999999999776e-02
3.727149999999999908e-02
3.883720000000000228e-02
4.036290000000000017e-02
4.135019999999999668e-02
4.382040000000000241e-02
4.480630000000000029e-02
4.657089999999999841e-02
4.964020000000000238e-02
4.914949999999999875e-02
4.846940000000000276e-02
4.691320000000000212e-02
4.610260000000000052e-02
4.395509999999999695e-02
4.098099999999999660e-02
3.968760000000000343e-02
3.665140000000000065e-02
3.371380000000000210e-02
2.894959999999999894e-02
2.246259999999999923e-02
1.799900000000000111e-02
1.398149999999999914e-02
8.584239999999999926e-03
5.244529999999999852e-03
8.138979999999999652e-04
-1.941049999999999937e-03
-5.958749999999999637e-03
-9.189579999999999277e-03
-1.282179999999999952e-02
-1.652189999999999909e-02
-1.874800000000000078e-02
-2.097560000000000049e-02
-2.327469999999999886e-02
-2.415629999999999861e-02
-2.350879999999999984e-02
-2.271120000000000083e-02
-2.250759999999999914e-02
-2.098420000000000146e-02
-1.987109999999999918e-02
-2.043659999999999921e-02
-2.145789999999999850e-02
-2.150960000000000025e-02
-2.081759999999999861e-02
-1.936610000000000067e-02
-1.639929999999999860e-02
-1.305440000000000073e-02
-1.002839999999999981e-02
-5.548700000000000160e-03
-2.072159999999999974e-03
-5.221320000000000214e-04
-4.681309999999999942e-04
-6.546349999999999825e-04
-6.990209999999999740e-04
-8.157960000000000341e-04
-2.637210000000000183e-04
2.175480000000000035e-03
4.606230000000000220e-03
6.763080000000000307e-03
8.768979999999999136e-03
9.016309999999999603e-03
8.169799999999999632e-03
9.778439999999999355e-03
1.184739999999999925e-02
1.117890000000000029e-02
1.243739999999999950e-02
1.421090000000000027e-02
1.337170000000000025e-02
1.235050000000000037e-02
1.158879999999999980e-02
9.310900000000000426e-03
5.590180000000000149e-03
3.382050000000000160e-03
7.105949999999999550e-04
-3.470120000000000149e-03
-6.214589999999999871e-03
-7.031090000000000256e-03
-9.296010000000000384e-03
-1.226200000000000033e-02
-1.352169999999999934e-02
-1.313049999999999981e-02
-1.475570000000000007e-02
-1.691029999999999964e-02
-1.759080000000000019e-02
-1.830340000000000092e-02
-1.816689999999999972e-02
-1.748359999999999845e-02
-1.659669999999999895e-02
-1.293079999999999924e-02
-1.179660000000000084e-02
-1.091280000000000028e-02
-9.202540000000000373e-03
-1.059730000000000047e-02
-1.306120000000000024e-02
-1.309880000000000072e-02
-1.241369999999999973e-02
-1.225979999999999952e-02
-1.191760000000000042e-02
-1.163550000000000001e-02
-1.122500000000000060e-02
-1.101129999999999991e-02
-9.672180000000000707e-03
-7.966259999999999314e-03
-6.168230000000000240e-03
-1.880970000000000038e-03
1.442850000000000079e-03
3.592900000000000000e-03
6.161729999999999811e-03
7.320959999999999621e-03
6.902850000000000305e-03
8.287559999999999372e-03
1.024979999999999988e-02
1.067829999999999994e-02
1.244729999999999968e-02
1.324709999999999950e-02
1.241420000000000023e-02
1.137879999999999968e-02
9.303840000000000721e-03
7.452809999999999817e-03
5.603349999999999997e-03
5.128579999999999771e-03
4.925520000000000072e-03
6.599309999999999725e-03
6.785860000000000329e-03
3.274589999999999966e-03
2.425819999999999973e-03
2.527090000000000065e-03
1.187340000000000053e-04
-2.674590000000000127e-03
-6.526930000000000232e-03
-9.584719999999999698e-03
-1.072230000000000058e-02
-1.174129999999999965e-02
-1.285560000000000001e-02
-1.146280000000000042e-02
-7.249479999999999986e-03
-4.373150000000000127e-03
-3.070260000000000003e-03
-2.147599999999999943e-03
-2.696130000000000141e-03
-4.445990000000000358e-03
-5.715699999999999774e-03
-7.005670000000000300e-03
-8.303519999999999998e-03
-1.086230000000000008e-02
-1.139019999999999963e-02
-1.086890000000000078e-02
-1.072219999999999944e-02
-1.056220000000000075e-02
-1.032109999999999972e-02
-1.012790000000000044e-02
-9.844959999999999822e-03
-9.653780000000000694e-03
-9.346109999999999488e-03
-9.288080000000000641e-03
-9.192260000000000708e-03
-1.082770000000000087e-02
-1.268750000000000086e-02
-1.267010000000000011e-02
-1.199429999999999941e-02
-1.450850000000000056e-02
-1.637900000000000120e-02
-1.524679999999999959e-02
-1.576709999999999917e-02
-1.839789999999999828e-02
-1.942150000000000126e-02
-1.957240000000000021e-02
-2.048679999999999946e-02
-2.246160000000000170e-02
-2.421140000000000098e-02
-2.584960000000000035e-02
-2.633430000000000146e-02
-2.653310000000000043e-02
-2.795479999999999840e-02
-2.732149999999999856e-02
-2.591970000000000038e-02
-2.475799999999999876e-02
-2.363569999999999907e-02
-2.237880000000000077e-02
-2.125519999999999840e-02
-2.022159999999999930e-02
-1.917730000000000129e-02
-1.800670000000000048e-02
-1.698049999999999907e-02
-1.590750000000000150e-02
-1.467509999999999995e-02
-1.157829999999999970e-02
-7.888100000000000320e-03
-4.550610000000000072e-03
-1.392170000000000083e-03
1.531540000000000071e-03
2.588809999999999983e-03
2.770200000000000006e-03
3.284009999999999967e-03
3.655190000000000002e-03
5.256740000000000197e-03
8.190609999999999211e-03
1.140640000000000057e-02
1.621610000000000065e-02
2.061249999999999888e-02
2.274129999999999902e-02
2.625759999999999900e-02
2.920170000000000057e-02
2.860880000000000020e-02
2.927019999999999969e-02
3.163789999999999658e-02
3.076840000000000130e-02
2.952250000000000013e-02
2.897119999999999904e-02
2.711799999999999974e-02
2.309719999999999829e-02
2.178039999999999837e-02
2.156390000000000043e-02
2.074230000000000171e-02
1.973880000000000079e-02
1.698020000000000085e-02
1.426780000000000062e-02
1.395530000000000034e-02
1.081419999999999951e-02
8.454609999999999556e-03
8.279430000000000817e-03
6.317800000000000152e-03
5.694929999999999957e-03
7.027770000000000024e-03
8.327829999999999608e-03
9.210499999999999937e-03
1.041890000000000004e-02
1.045199999999999949e-02
9.343229999999999244e-03
6.051540000000000218e-03
3.857339999999999901e-03
1.946889999999999949e-03
-7.455720000000000099e-04
-2.783199999999999997e-03
-1.317379999999999940e-03
1.555600000000000082e-03
3.787689999999999807e-03
4.957740000000000410e-03
8.829870000000000080e-03
1.079459999999999968e-02
1.132889999999999939e-02
1.356710000000000034e-02
1.403440000000000069e-02
1.327580000000000079e-02
1.285180000000000003e-02
1.246769999999999996e-02
1.192939999999999973e-02
1.138289999999999962e-02
1.097449999999999988e-02
1.050339999999999954e-02
1.011480000000000018e-02
9.579839999999999189e-03
1.043110000000000044e-02
1.249620000000000071e-02
1.264949999999999929e-02
1.182770000000000002e-02
1.137759999999999987e-02
1.082930000000000004e-02
1.029320000000000061e-02
9.685700000000000212e-03
9.143929999999999766e-03
9.248160000000000061e-03
1.119509999999999950e-02
1.209389999999999944e-02
1.136339999999999920e-02
1.257529999999999933e-02
1.434919999999999946e-02
1.374880000000000026e-02
1.275270000000000049e-02
1.220919999999999991e-02
1.164360000000000048e-02
1.276970000000000015e-02
1.415139999999999974e-02
1.345320000000000023e-02
1.249779999999999988e-02
1.181620000000000066e-02
1.105229999999999928e-02
1.019190000000000026e-02
8.801559999999999939e-03
5.577580000000000385e-03
3.416830000000000041e-03
1.524780000000000102e-03
-1.607399999999999931e-03
-2.471420000000000214e-03
-2.557419999999999919e-03
-3.938409999999999828e-03
-8.221080000000000401e-03
-1.069780000000000036e-02
-1.179290000000000026e-02
-1.228409999999999919e-02
-1.206899999999999987e-02
-1.210639999999999980e-02
-1.197250000000000050e-02
-1.198759999999999930e-02
-1.175859999999999926e-02
-1.174410000000000037e-02
-1.154039999999999927e-02
-1.152360000000000016e-02
-1.200919999999999939e-02
-1.513890000000000027e-02
-1.594639999999999946e-02
-1.499170000000000016e-02
-1.751139999999999988e-02
-1.952629999999999991e-02
-1.860459999999999892e-02
-1.810000000000000150e-02
-1.779000000000000026e-02
-1.748829999999999829e-02
-1.702630000000000116e-02
-1.662539999999999851e-02
-1.612299999999999844e-02
-1.575000000000000011e-02
-1.528520000000000052e-02
-1.500600000000000024e-02
-1.425079999999999923e-02
-1.198259999999999950e-02
-9.235399999999999512e-03
-9.286519999999999497e-03
-6.743019999999999743e-03
-3.989239999999999800e-03
-2.392440000000000018e-03
-2.555459999999999958e-04
7.877129999999999983e-04
2.827749999999999968e-03
4.097609999999999794e-03
3.520810000000000085e-03
3.380150000000000168e-03
2.966100000000000160e-03
2.792730000000000212e-03
2.278810000000000037e-03
5.098469999999999912e-03
6.573820000000000184e-03
5.877659999999999829e-03
3.796900000000000188e-03
5.302300000000000242e-04
1.845010000000000009e-04
2.663820000000000120e-04
-2.037250000000000053e-04
-4.469200000000000104e-04
-6.510280000000000017e-04
-7.429939999999999678e-04
-9.948550000000000015e-04
-1.103170000000000105e-03
-1.451040000000000012e-03
-2.105000000000000100e-03
-4.732669999999999585e-03
-6.264399999999999830e-03
-7.630170000000000355e-03
-9.025129999999999264e-03
-9.738319999999999962e-03
-1.010250000000000037e-02
-9.940680000000000349e-03
-9.689150000000000540e-03
-9.617380000000000026e-03
-9.811419999999999517e-03
-1.184480000000000081e-02
-1.340099999999999972e-02
-1.290119999999999982e-02
-1.407279999999999989e-02
-1.639039999999999941e-02
-1.621550000000000075e-02
-1.539079999999999962e-02
-1.498099999999999953e-02
-1.463799999999999997e-02
-1.407710000000000038e-02
-1.399770000000000007e-02
-1.500770000000000055e-02
-1.486890000000000087e-02
-1.286089999999999976e-02
-1.287589999999999915e-02
-1.505309999999999981e-02
-1.470559999999999923e-02
-1.532170000000000060e-02
-1.794830000000000036e-02
-1.736499999999999849e-02
-1.625700000000000062e-02
-1.562269999999999978e-02
-1.544650000000000016e-02
-1.614809999999999857e-02
-1.567110000000000031e-02
-1.463219999999999972e-02
-1.401059999999999979e-02
-1.315159999999999940e-02
-1.298539999999999937e-02
-1.457939999999999930e-02
-1.583820000000000019e-02
-1.457759999999999959e-02
-1.655299999999999827e-02
-1.784789999999999988e-02
-1.862940000000000082e-02
-1.962550000000000058e-02
-1.773169999999999955e-02
-1.516140000000000022e-02
-1.416850000000000054e-02
-1.188299999999999947e-02
-9.643010000000000470e-03
-7.499279999999999662e-03
-5.417550000000000143e-03
-3.549339999999999787e-03
-1.449430000000000033e-03
1.624149999999999986e-03
2.694639999999999883e-03
3.484010000000000058e-03
5.385700000000000209e-03
7.036930000000000268e-03
8.377719999999999959e-03
1.019089999999999926e-02
1.244559999999999937e-02
1.079590000000000063e-02
8.511249999999999719e-03
9.484559999999999519e-03
1.072200000000000063e-02
1.208790000000000038e-02
1.219600000000000024e-02
1.328829999999999942e-02
1.457299999999999915e-02
1.579459999999999892e-02
1.630219999999999933e-02
1.716240000000000127e-02
2.016789999999999902e-02
1.993199999999999833e-02
2.193869999999999848e-02
2.534979999999999872e-02
2.724419999999999967e-02
2.904599999999999890e-02
2.998110000000000011e-02
3.124619999999999828e-02
3.301790000000000280e-02
3.178709999999999869e-02
3.043239999999999834e-02
2.727129999999999832e-02
2.479490000000000166e-02
2.161520000000000108e-02
1.841630000000000003e-02
1.639619999999999966e-02
1.476899999999999914e-02
1.274890000000000051e-02
1.296300000000000056e-02
1.187979999999999939e-02
8.752990000000000423e-03
7.388310000000000363e-03
5.588720000000000146e-03
2.008840000000000018e-03
-1.398130000000000032e-03
-1.226550000000000079e-03
-8.959299999999999686e-04
-8.170659999999999729e-04
-3.979839999999999897e-04
2.259629999999999885e-03
4.056309999999999603e-03
4.145239999999999689e-03
4.030380000000000074e-03
5.688269999999999611e-03
6.656950000000000020e-03
8.106129999999999586e-03
8.076289999999999858e-03
1.015070000000000035e-02
1.233670000000000079e-02
1.303699999999999998e-02
1.393929999999999995e-02
1.411680000000000053e-02
1.346750000000000030e-02
1.386390000000000018e-02
1.369019999999999959e-02
1.274999999999999918e-02
1.216099999999999993e-02
9.766739999999999450e-03
9.197979999999999698e-03
7.574199999999999683e-03
6.192389999999999874e-03
5.984620000000000391e-03
7.922439999999999344e-03
9.171230000000000701e-03
1.084509999999999988e-02
1.271229999999999929e-02
1.484219999999999984e-02
1.561650000000000017e-02
1.499969999999999949e-02
1.572219999999999868e-02
1.517119999999999927e-02
1.411800000000000034e-02
1.322689999999999977e-02
1.249510000000000030e-02
1.148610000000000082e-02
1.166419999999999957e-02
1.202370000000000001e-02
1.237109999999999946e-02
1.214679999999999926e-02
1.130409999999999922e-02
9.489930000000000587e-03
7.465740000000000223e-03
4.229209999999999740e-03
1.634280000000000108e-03
9.919690000000000972e-04
-9.733079999999999857e-04
-1.852860000000000010e-03
-2.040670000000000071e-03
-2.419689999999999949e-03
-3.171579999999999799e-03
-4.878419999999999632e-03
-6.342109999999999762e-03
-7.606599999999999820e-03
-7.849190000000000680e-03
-7.817950000000000593e-03
-8.173210000000000197e-03
-8.056729999999999794e-03
-9.004260000000000042e-03
-1.008659999999999939e-02
-1.151910000000000087e-02
-1.356160000000000004e-02
-1.379799999999999950e-02
-1.327189999999999967e-02
-1.227849999999999948e-02
-9.775489999999999527e-03
-8.763399999999999315e-03
-7.597890000000000373e-03
-6.626810000000000339e-03
-5.460289999999999588e-03
-5.442119999999999944e-03
-4.451199999999999775e-03
-4.137759999999999876e-03
-5.824799999999999769e-03
-6.878450000000000362e-03
-9.617769999999999445e-03
-1.382659999999999965e-02
-1.603950000000000167e-02
-1.585860000000000047e-02
-1.533600000000000067e-02
-1.434960000000000055e-02
-1.178859999999999977e-02
-9.401059999999999278e-03
-7.584399999999999822e-03
-8.672839999999999369e-03
-1.074929999999999983e-02
-1.139530000000000057e-02
-1.086250000000000063e-02
-7.960029999999999883e-03
-4.138059999999999829e-03
-1.181790000000000054e-03
2.749510000000000148e-03
3.849990000000000183e-03
2.170009999999999994e-03
8.894639999999999665e-04
-2.751119999999999911e-04
-9.991240000000001058e-04
-1.040789999999999988e-03
-1.445209999999999941e-03
-5.795250000000000054e-04
-1.814049999999999886e-04
-5.076720000000000278e-04
-1.367790000000000021e-03
-2.556590000000000078e-03
-2.801189999999999843e-03
-3.848509999999999865e-03
-5.668089999999999760e-03
-6.182110000000000209e-03
-7.615000000000000241e-03
-8.440080000000000846e-03
-8.230690000000000575e-03
-8.860629999999999548e-03
-9.525439999999999602e-03
-1.030760000000000010e-02
-1.170610000000000053e-02
-1.191550000000000074e-02
-1.317529999999999916e-02
-1.343699999999999929e-02
-1.173480000000000009e-02
-9.241499999999999715e-03
-8.721450000000000383e-03
-8.306869999999999185e-03
-7.750680000000000243e-03
-7.133610000000000298e-03
-6.536880000000000121e-03
-4.521360000000000309e-03
-3.518859999999999957e-03
-1.629950000000000019e-03
-4.248920000000000106e-04
6.201240000000000007e-04
2.005390000000000124e-03
3.487529999999999970e-03
3.853919999999999828e-03
5.074000000000000385e-03
6.028890000000000290e-03
7.160800000000000151e-03
7.039509999999999691e-03
7.340890000000000089e-03
8.224320000000000241e-03
8.929799999999999890e-03
9.148369999999999419e-03
8.290459999999999496e-03
7.641799999999999808e-03
6.610399999999999783e-03
4.741719999999999616e-03
2.991719999999999796e-03
1.616440000000000021e-03
8.342109999999999586e-04
-3.742010000000000041e-04
-1.749829999999999962e-03
-2.903170000000000056e-03
-3.343640000000000154e-03
-3.821610000000000024e-03
-4.060270000000000372e-03
-3.894789999999999971e-03
-3.391369999999999888e-03
-2.768159999999999978e-03
-2.222829999999999858e-03
-1.729049999999999988e-03
-1.074920000000000042e-03
-7.781399999999999732e-05
3.780300000000000110e-04
2.057279999999999927e-04
4.620960000000000020e-04
7.040180000000000483e-04
2.686230000000000063e-04
-4.257350000000000023e-04
-9.123920000000000424e-04
-1.685010000000000023e-03
-2.099469999999999982e-03
-2.420530000000000164e-03
-2.598050000000000186e-03
-2.620330000000000142e-03
-2.967959999999999956e-03
-2.802729999999999805e-03
-2.657669999999999998e-03
-2.490759999999999849e-03
-2.417750000000000194e-03
-2.021680000000000092e-03
-1.552259999999999968e-03
-1.419569999999999990e-03
-1.410320000000000063e-03
-1.245299999999999966e-03
-1.182529999999999996e-03
-1.047439999999999960e-03
-1.000989999999999996e-03
-8.652300000000000355e-04
-8.106279999999999779e-04
-7.381830000000000032e-04
-9.787310000000000454e-04
-8.782500000000000159e-04
-7.591300000000000044e-04
-6.329489999999999466e-04
-9.950110000000000725e-04
-1.108059999999999904e-03
-1.082080000000000021e-03
-1.049449999999999949e-03
-1.006439999999999939e-03
-9.693920000000000184e-04
-1.034629999999999925e-03
-9.429679999999999746e-04
-1.034250000000000013e-03
-7.684690000000000314e-04
-7.280739999999999955e-04
-6.829580000000000026e-04
-5.061129999999999839e-04
-2.453299999999999838e-04
5.355070000000000213e-05
4.109140000000000167e-04
7.674459999999999702e-04
1.093610000000000068e-03
1.452780000000000087e-03
1.654510000000000095e-03
1.876489999999999972e-03
1.972719999999999856e-03
2.130260000000000140e-03
2.256680000000000057e-03
2.375350000000000031e-03
2.456519999999999797e-03
2.531760000000000087e-03
2.527220000000000161e-03
2.566699999999999884e-03
2.590680000000000153e-03
2.600040000000000077e-03
2.593550000000000022e-03
2.611420000000000147e-03
2.592099999999999960e-03
2.500039999999999814e-03
2.413489999999999906e-03
2.293889999999999818e-03
2.211149999999999834e-03
2.169040000000000117e-03
2.123680000000000186e-03
2.072510000000000064e-03
2.010210000000000122e-03
1.929879999999999920e-03
1.889529999999999942e-03
1.826369999999999903e-03
1.735879999999999975e-03
1.665079999999999989e-03
1.591270000000000098e-03
1.504160000000000046e-03
1.438819999999999943e-03
1.341869999999999999e-03
1.251240000000000034e-03
1.176629999999999907e-03
1.099939999999999989e-03
1.007950000000000079e-03
9.458529999999999716e-04
8.829480000000000444e-04
8.217090000000000028e-04
7.757369999999999760e-04
7.266500000000000173e-04
6.701489999999999834e-04
6.159019999999999859e-04
5.718519999999999723e-04
5.287339999999999965e-04
4.839730000000000095e-04
4.407079999999999960e-04
3.971730000000000139e-04
3.537549999999999766e-04
3.102779999999999861e-04
2.696330000000000254e-04
2.284449999999999990e-04
1.909889999999999971e-04
1.549339999999999908e-04
1.200930000000000037e-04
8.632809999999999768e-05
5.453179999999999855e-05
2.362330000000000132e-05
-4.863320000000000220e-06
-3.260879999999999855e-05
-5.896740000000000060e-05
-8.454100000000000254e-05
-1.087520000000000050e-04
-1.321790000000000096e-04
-1.541930000000000058e-04
-1.751920000000000126e-04
-1.949730000000000050e-04
-2.137809999999999917e-04
-2.313729999999999953e-04
-2.479199999999999980e-04
-2.633059999999999893e-04
-2.776049999999999959e-04
-2.907580000000000104e-04
-3.027990000000000260e-04
-3.137090000000000148e-04
-3.235019999999999801e-04
