-3.190530000000000015e-03
-3.100530000000000213e-03
-2.921780000000000124e-03
-4.958470000000000412e-03
-4.150369999999999580e-03
-4.771280000000000139e-03
-7.454630000000000284e-03
-1.111110000000000049e-02
-1.232459999999999979e-02
-3.035130000000000033e-03
2.091690000000000216e-03
-1.366819999999999927e-03
-4.436709999999999959e-03
-3.681590000000000210e-03
3.671190000000000065e-04
7.299370000000000337e-03
1.191930000000000073e-02
1.520299999999999950e-02
1.667110000000000120e-02
1.815560000000000090e-02
2.189839999999999842e-02
2.513519999999999990e-02
2.654010000000000050e-02
2.437709999999999877e-02
2.111750000000000085e-02
1.423190000000000045e-02
8.191890000000000283e-03
5.183300000000000060e-03
2.044160000000000161e-03
-1.127619999999999968e-03
-2.978489999999999870e-03
-9.870189999999999172e-03
-1.533490000000000027e-02
-2.066600000000000034e-02
-2.319509999999999975e-02
-1.809370000000000075e-02
-1.251479999999999954e-02
-9.117739999999999179e-03
-4.037660000000000207e-03
-1.268889999999999948e-03
-7.914720000000000089e-03
-1.708499999999999949e-02
-1.925309999999999869e-02
-8.827130000000000740e-03
3.178789999999999914e-03
-2.594899999999999811e-03
-1.559119999999999950e-02
-1.888630000000000170e-02
-1.390309999999999983e-02
-3.609849999999999734e-04
1.120640000000000004e-02
1.984630000000000075e-02
2.510599999999999984e-02
2.927739999999999856e-02
3.272449999999999665e-02
2.830950000000000133e-02
1.481649999999999981e-02
5.042480000000000226e-03
3.744630000000000094e-03
1.038440000000000023e-02
1.470169999999999984e-02
1.188709999999999940e-02
5.721819999999999858e-03
-2.965700000000000150e-04
-1.146609999999999947e-03
-2.398529999999999846e-03
-5.806709999999999650e-03
-8.202990000000000281e-04
8.447059999999999291e-03
1.702189999999999953e-02
1.354230000000000017e-02
-1.154999999999999950e-02
-3.440959999999999852e-02
-3.583279999999999799e-02
-1.999770000000000020e-02
-9.205359999999999238e-03
-7.888849999999999335e-03
-2.025460000000000108e-02
-2.427170000000000022e-02
-1.813359999999999972e-02
-1.527079999999999931e-02
-1.123900000000000073e-02
-5.285520000000000149e-03
6.666570000000000135e-03
1.739370000000000152e-02
1.885300000000000170e-02
6.943229999999999888e-03
2.225480000000000166e-03
7.550659999999999837e-03
8.274619999999999892e-03
6.953489999999999671e-03
8.861680000000000251e-03
1.580869999999999845e-02
1.834109999999999907e-02
1.365099999999999994e-02
6.014010000000000189e-03
6.957310000000000404e-03
1.732339999999999922e-02
2.485789999999999875e-02
1.919879999999999851e-02
-4.678569999999999951e-03
-2.569789999999999922e-02
-2.435160000000000102e-02
-8.960009999999999156e-03
5.696220000000000103e-03
1.251580000000000054e-02
1.547869999999999975e-02
2.178940000000000043e-02
2.515830000000000150e-02
2.765820000000000084e-02
1.365650000000000024e-02
-1.279530000000000077e-02
-2.656640000000000043e-02
-2.633800000000000030e-02
-2.017530000000000018e-02
-2.572320000000000162e-02
-2.710030000000000078e-02
-2.701370000000000160e-02
-3.379669999999999896e-02
-3.717709999999999765e-02
-3.410189999999999749e-02
-2.489639999999999909e-02
-2.167639999999999845e-02
-2.241490000000000149e-02
-2.369299999999999878e-02
-1.360420000000000032e-02
-7.518939999999999999e-03
-8.121790000000000259e-03
-1.749880000000000099e-03
1.380469999999999961e-03
1.638509999999999923e-03
-2.564920000000000047e-03
5.548149999999999957e-03
2.754240000000000160e-02
3.178050000000000319e-02
1.246889999999999978e-02
-3.928659999999999618e-03
6.512079999999999952e-03
2.094609999999999875e-02
1.519129999999999960e-02
4.224300000000000277e-03
-1.989149999999999946e-02
-3.738140000000000213e-02
-3.205489999999999728e-02
-2.076039999999999830e-02
-1.435990000000000009e-02
-2.234339999999999937e-02
-3.344500000000000250e-02
-2.460050000000000084e-02
1.689069999999999981e-03
1.138630000000000024e-02
1.737169999999999903e-03
-9.782620000000000551e-03
-8.468760000000000523e-03
-2.193619999999999858e-03
-3.201279999999999924e-03
-7.439270000000000431e-03
5.555639999999999711e-03
2.226030000000000023e-02
2.974720000000000142e-02
5.074200000000000238e-02
7.314539999999999931e-02
7.929310000000000525e-02
7.856489999999999307e-02
6.824879999999999836e-02
4.069880000000000025e-02
2.288790000000000182e-03
-5.728520000000000140e-02
-8.311040000000000094e-02
-7.417909999999999782e-02
-5.637579999999999675e-02
-3.424270000000000092e-02
-3.376819999999999822e-02
-4.581729999999999831e-02
-4.721039999999999959e-02
-4.750909999999999855e-02
-5.262209999999999804e-02
-5.344200000000000339e-02
-1.417080000000000076e-02
2.848989999999999856e-02
4.113610000000000183e-02
5.691779999999999756e-02
6.296050000000000257e-02
5.040349999999999692e-02
1.835530000000000148e-02
-1.977130000000000120e-03
5.742480000000000327e-03
2.609579999999999886e-02
2.915539999999999885e-03
-2.408259999999999915e-02
-2.086419999999999941e-02
-2.967880000000000171e-02
-3.630549999999999750e-02
-3.186100000000000043e-02
-7.821399999999999186e-03
1.827459999999999848e-02
2.050460000000000130e-02
1.294180000000000027e-03
-1.388209999999999965e-02
-7.056980000000000024e-03
-1.259530000000000025e-02
-8.708769999999999359e-03
-3.054589999999999823e-03
-1.785389999999999981e-03
2.587839999999999932e-02
4.970379999999999937e-02
5.354140000000000288e-02
5.298279999999999657e-02
5.812799999999999911e-02
6.357000000000000151e-02
4.853360000000000313e-02
3.243220000000000131e-02
2.146040000000000100e-02
3.683169999999999934e-03
-7.742500000000000250e-03
-2.766069999999999987e-02
-4.387830000000000202e-02
-4.663090000000000290e-02
-4.699060000000000042e-02
-5.749420000000000225e-02
-5.761419999999999736e-02
-5.320939999999999698e-02
-3.547630000000000228e-02
-6.263109999999999684e-03
3.017259999999999907e-03
2.246400000000000133e-02
5.717089999999999672e-02
9.011529999999999541e-02
9.559819999999999429e-02
8.141039999999999388e-02
6.742149999999999532e-02
3.911189999999999806e-02
3.117670000000000163e-02
3.431259999999999866e-02
4.912350000000000050e-02
4.809059999999999724e-02
-1.870539999999999963e-03
-4.735290000000000332e-02
-7.062880000000000547e-02
-7.183710000000000095e-02
-5.162019999999999803e-02
-3.454190000000000038e-02
-3.166499999999999870e-02
-3.985820000000000335e-02
-6.339219999999999577e-02
-8.625399999999999734e-02
-8.710930000000000062e-02
-6.724330000000000584e-02
-5.590239999999999793e-02
-6.144050000000000206e-02
-4.707229999999999748e-02
-1.027119999999999943e-02
2.900439999999999963e-02
5.651230000000000142e-02
7.034300000000000275e-02
8.175019999999999509e-02
8.592560000000000475e-02
8.963480000000000059e-02
9.259330000000000338e-02
9.738380000000000647e-02
7.249529999999999863e-02
3.024440000000000114e-02
1.783999999999999996e-04
-3.034150000000000041e-02
-5.295840000000000269e-02
-7.887500000000000067e-02
-1.069800000000000056e-01
-1.212420000000000025e-01
-1.194579999999999947e-01
-1.162809999999999955e-01
-1.047539999999999999e-01
-7.816779999999999562e-02
-4.379630000000000328e-02
2.173640000000000121e-03
4.382899999999999990e-02
7.401850000000000096e-02
1.133429999999999993e-01
1.453990000000000005e-01
1.580169999999999908e-01
1.552040000000000086e-01
1.302300000000000124e-01
1.004670000000000007e-01
7.889019999999999366e-02
4.933320000000000066e-02
1.680099999999999996e-02
-2.992770000000000152e-02
-8.446240000000000692e-02
-1.114040000000000030e-01
-1.157350000000000045e-01
-9.498990000000000211e-02
-7.868250000000000244e-02
-8.990599999999999981e-02
-1.027389999999999970e-01
-9.608690000000000286e-02
-7.080649999999999444e-02
-5.394430000000000058e-02
-5.898749999999999827e-02
-4.117869999999999864e-02
-9.204069999999999960e-03
2.242270000000000027e-02
4.219910000000000327e-02
5.156340000000000229e-02
6.674480000000000690e-02
7.849280000000000146e-02
6.941340000000000010e-02
3.502790000000000070e-02
-1.111720000000000069e-02
-4.706439999999999929e-02
-5.551849999999999841e-02
-4.963540000000000313e-02
-3.874620000000000147e-02
-2.764789999999999956e-02
-1.863549999999999929e-02
1.725689999999999863e-02
7.797110000000000152e-02
1.055500000000000049e-01
8.753610000000000557e-02
6.191440000000000138e-02
4.840110000000000245e-02
4.738699999999999857e-02
4.308639999999999692e-02
1.682929999999999843e-02
9.263640000000000069e-03
1.310060000000000044e-02
9.989329999999999390e-03
1.632729999999999945e-02
2.881799999999999987e-02
3.465420000000000306e-02
3.321670000000000178e-02
2.729430000000000051e-02
1.782540000000000166e-02
9.381610000000000296e-03
-8.859640000000000440e-04
-2.245110000000000161e-02
-3.818069999999999797e-02
-4.542500000000000010e-02
-4.801810000000000106e-02
-4.045399999999999691e-02
-2.740839999999999943e-02
-2.051249999999999948e-02
-1.886739999999999945e-02
-1.687860000000000055e-02
-2.723700000000000079e-02
-4.125100000000000294e-02
-4.894199999999999939e-02
-4.316699999999999704e-02
-2.126979999999999843e-02
1.712179999999999952e-02
6.170880000000000115e-02
8.962599999999999734e-02
9.242770000000000152e-02
8.992749999999999355e-02
9.569030000000000591e-02
9.195490000000000608e-02
7.307349999999999957e-02
4.239269999999999844e-02
2.253519999999999829e-02
1.835600000000000079e-02
1.403000000000000080e-02
1.206639999999999970e-02
5.259729999999999787e-03
-1.187649999999999990e-02
-3.968900000000000206e-02
-7.674060000000000603e-02
-1.012160000000000004e-01
-1.072260000000000019e-01
-1.023809999999999998e-01
-1.067720000000000058e-01
-1.279550000000000132e-01
-1.411419999999999897e-01
-1.301380000000000037e-01
-8.126360000000000527e-02
-1.599649999999999987e-03
6.919329999999999925e-02
1.061539999999999984e-01
1.319660000000000000e-01
1.264919999999999933e-01
8.283930000000000460e-02
2.388629999999999920e-02
-2.357959999999999917e-02
-3.787809999999999788e-02
-2.706410000000000066e-02
-2.070460000000000009e-02
-1.165419999999999998e-02
1.968620000000000092e-02
6.009640000000000121e-02
9.540160000000000307e-02
1.040579999999999977e-01
9.185580000000000134e-02
7.234110000000000540e-02
5.845369999999999733e-02
3.875640000000000335e-02
1.489539999999999961e-02
6.336739999999999777e-04
1.997319999999999911e-03
4.199409999999999775e-03
3.438399999999999877e-03
6.011769999999999614e-03
5.492499999999999986e-03
-4.355679999999999795e-03
-3.238540000000000169e-02
-4.600139999999999785e-02
-3.332999999999999852e-02
-1.598499999999999921e-02
-3.127900000000000125e-02
-4.449209999999999970e-02
-3.083030000000000145e-02
-1.104509999999999954e-03
3.884169999999999984e-02
6.476389999999999925e-02
7.213540000000000230e-02
6.712809999999999611e-02
7.390910000000000535e-02
8.908149999999999402e-02
1.056679999999999980e-01
1.032499999999999946e-01
6.420969999999999456e-02
9.790590000000000057e-03
-3.770880000000000065e-02
-6.289369999999999683e-02
-6.656979999999999842e-02
-5.994800000000000129e-02
-5.203689999999999705e-02
-5.234500000000000264e-02
-5.629649999999999932e-02
-6.821829999999999561e-02
-8.344179999999999653e-02
-1.057690000000000019e-01
-1.322730000000000017e-01
-1.545860000000000012e-01
-1.685979999999999979e-01
-1.632639999999999925e-01
-1.392390000000000017e-01
-1.103790000000000049e-01
-9.369399999999999951e-02
-8.877659999999999718e-02
-8.130300000000000027e-02
-7.287480000000000346e-02
-6.169560000000000322e-02
-3.828960000000000002e-02
-3.171049999999999910e-03
5.140410000000000118e-02
9.929609999999999825e-02
1.266589999999999938e-01
1.335760000000000003e-01
1.325129999999999919e-01
1.279659999999999964e-01
1.172890000000000044e-01
1.091659999999999991e-01
1.048020000000000063e-01
1.105740000000000056e-01
1.194719999999999949e-01
1.302460000000000007e-01
1.413000000000000089e-01
1.450849999999999917e-01
1.359070000000000000e-01
1.210109999999999936e-01
9.661279999999999868e-02
8.276529999999999998e-02
8.099660000000000193e-02
7.071099999999999608e-02
4.659619999999999734e-02
1.003330000000000020e-02
-3.019140000000000018e-02
-6.425319999999999643e-02
-8.643919999999999382e-02
-9.727049999999999585e-02
-9.967159999999999909e-02
-1.089169999999999999e-01
-1.180709999999999954e-01
-1.167659999999999948e-01
-1.040380000000000055e-01
-8.566880000000000328e-02
-7.308489999999999431e-02
-7.692319999999999713e-02
-8.726689999999999447e-02
-8.149370000000000225e-02
-6.633540000000000270e-02
-6.088849999999999818e-02
-6.228689999999999921e-02
-5.454910000000000314e-02
-3.898179999999999701e-02
-2.054720000000000157e-02
-6.883249999999999612e-03
7.328480000000000064e-03
2.837009999999999879e-02
4.715659999999999991e-02
6.505049999999999721e-02
7.716309999999999836e-02
9.053540000000000199e-02
1.006859999999999977e-01
9.171260000000000523e-02
7.892599999999999616e-02
7.335070000000000479e-02
7.354769999999999364e-02
6.774910000000000654e-02
4.892610000000000015e-02
2.606390000000000096e-02
5.713969999999999640e-03
-5.237669999999999826e-03
-9.874499999999999597e-03
-1.146660000000000040e-02
-8.885920000000000277e-03
-1.725799999999999904e-02
-3.711219999999999797e-02
-6.301909999999999457e-02
-9.000410000000000355e-02
-1.069950000000000068e-01
-1.157780000000000059e-01
-1.234849999999999975e-01
-1.367410000000000014e-01
-1.463250000000000106e-01
-1.470049999999999968e-01
-1.398709999999999953e-01
-1.234829999999999955e-01
-1.112969999999999932e-01
-1.087219999999999992e-01
-1.102100000000000024e-01
-1.108360000000000040e-01
-9.505669999999999398e-02
-6.415060000000000207e-02
-2.578209999999999877e-02
1.250270000000000027e-02
3.569150000000000100e-02
5.027859999999999968e-02
5.485849999999999754e-02
5.133759999999999712e-02
5.246180000000000287e-02
4.971710000000000018e-02
4.752929999999999655e-02
5.030079999999999968e-02
6.204319999999999974e-02
8.632549999999999946e-02
1.046149999999999997e-01
1.140550000000000036e-01
1.136370000000000019e-01
1.049510000000000026e-01
9.479010000000000213e-02
8.986769999999999481e-02
8.995859999999999967e-02
9.166119999999999823e-02
8.468760000000000177e-02
6.926229999999999887e-02
5.918380000000000168e-02
4.587600000000000011e-02
2.615750000000000020e-02
1.741920000000000100e-03
-2.096620000000000081e-02
-3.283370000000000039e-02
-3.277850000000000208e-02
-3.293440000000000256e-02
-3.483760000000000329e-02
-3.162949999999999789e-02
-3.436299999999999771e-02
-3.558879999999999683e-02
-2.941459999999999908e-02
-1.385839999999999989e-02
-1.649899999999999934e-03
2.137519999999999958e-03
9.788710000000000813e-03
1.668410000000000032e-02
1.358140000000000042e-02
-3.637060000000000119e-03
-2.815669999999999978e-02
-3.803929999999999811e-02
-3.193850000000000161e-02
-2.899559999999999985e-02
-2.090380000000000016e-02
-5.968779999999999919e-03
8.319550000000000209e-03
1.556379999999999916e-02
2.601490000000000052e-02
3.673219999999999957e-02
3.918239999999999917e-02
4.243029999999999718e-02
4.544549999999999979e-02
5.430949999999999667e-02
6.545009999999999717e-02
6.983530000000000293e-02
6.483949999999999436e-02
5.378190000000000054e-02
3.676030000000000270e-02
1.801699999999999829e-02
5.415060000000000186e-03
-2.237930000000000103e-05
1.178350000000000100e-03
1.692609999999999991e-03
-3.671380000000000129e-03
-2.049300000000000080e-02
-3.040829999999999922e-02
-3.066210000000000116e-02
-1.608400000000000107e-02
3.657070000000000004e-04
9.048139999999999655e-03
2.704720000000000041e-02
3.678130000000000288e-02
3.760770000000000085e-02
2.754559999999999995e-02
8.607450000000000864e-03
-1.462289999999999944e-02
-3.668830000000000008e-02
-4.614560000000000189e-02
-4.754169999999999924e-02
-4.442750000000000171e-02
-3.700269999999999948e-02
-3.522360000000000074e-02
-3.819059999999999816e-02
-4.047520000000000284e-02
-4.085649999999999699e-02
-4.009639999999999732e-02
-3.386909999999999921e-02
-2.181450000000000056e-02
-1.394809999999999973e-02
-1.299419999999999915e-02
-8.353980000000000433e-03
2.884579999999999870e-03
1.212700000000000063e-02
1.725679999999999922e-02
1.057909999999999927e-02
2.243830000000000043e-03
-1.581979999999999975e-03
-3.914330000000000045e-04
-1.893680000000000016e-03
-9.005930000000000532e-03
-1.373749999999999971e-02
-2.937489999999999893e-02
-5.177899999999999864e-02
-6.997860000000000191e-02
-7.569549999999999890e-02
-6.560549999999999715e-02
-4.765019999999999673e-02
-2.417259999999999895e-02
1.838580000000000032e-03
2.058029999999999929e-02
2.556730000000000114e-02
1.272060000000000031e-02
-9.612100000000000158e-03
-2.669890000000000110e-02
-3.547779999999999684e-02
-2.945149999999999851e-02
-1.479379999999999931e-02
6.716130000000000494e-04
1.845250000000000015e-02
4.180459999999999732e-02
6.875219999999999942e-02
8.817930000000000212e-02
9.414450000000000596e-02
8.321030000000000093e-02
6.082459999999999950e-02
4.266980000000000078e-02
4.358909999999999868e-02
5.924429999999999974e-02
7.855310000000000070e-02
8.439280000000000392e-02
7.803540000000000476e-02
6.285290000000000321e-02
4.961659999999999682e-02
4.239419999999999994e-02
3.164059999999999789e-02
2.046359999999999846e-02
6.018599999999999818e-03
-6.922929999999999882e-03
-1.114650000000000016e-02
-7.240719999999999969e-03
-4.210069999999999785e-03
1.525609999999999944e-03
6.692140000000000068e-03
2.742930000000000194e-03
-4.908880000000000014e-03
-1.468530000000000009e-02
-3.305020000000000180e-02
-4.738409999999999844e-02
-4.934530000000000166e-02
-3.677969999999999851e-02
-1.936190000000000133e-02
-1.837640000000000107e-02
-2.988379999999999856e-02
-4.628109999999999863e-02
-6.180530000000000052e-02
-7.186320000000000208e-02
-8.113380000000000591e-02
-9.063079999999999747e-02
-9.311020000000000407e-02
-9.658300000000000218e-02
-9.803320000000000090e-02
-8.719449999999999423e-02
-7.042750000000000399e-02
-6.108609999999999735e-02
-5.952419999999999933e-02
-6.019929999999999726e-02
-5.909439999999999832e-02
-5.231729999999999714e-02
-3.494130000000000152e-02
-2.026710000000000143e-03
2.763310000000000072e-02
3.981719999999999704e-02
3.891170000000000045e-02
3.074069999999999928e-02
1.204640000000000051e-02
2.921689999999999791e-03
7.351779999999999600e-03
2.228890000000000038e-02
3.608970000000000233e-02
3.971299999999999830e-02
4.500090000000000340e-02
5.175869999999999777e-02
5.755860000000000143e-02
5.592069999999999680e-02
4.715710000000000041e-02
3.358520000000000255e-02
2.291730000000000156e-02
1.833359999999999851e-02
2.656319999999999862e-02
4.905339999999999701e-02
7.249629999999999963e-02
8.367990000000000150e-02
8.221839999999999704e-02
7.334980000000000666e-02
6.200350000000000306e-02
5.009220000000000339e-02
3.238520000000000287e-02
6.305090000000000174e-03
-2.156210000000000071e-02
-4.606430000000000247e-02
-5.831940000000000041e-02
-5.927389999999999742e-02
-5.686129999999999657e-02
-5.395710000000000089e-02
-5.524310000000000331e-02
-6.008070000000000077e-02
-6.684719999999999551e-02
-7.124819999999999764e-02
-6.753829999999999556e-02
-6.060410000000000103e-02
-5.221950000000000203e-02
-3.976500000000000173e-02
-3.248100000000000293e-02
-3.636690000000000061e-02
-4.350360000000000338e-02
-4.689589999999999731e-02
-5.090019999999999961e-02
-4.828160000000000091e-02
-3.782540000000000208e-02
-2.528630000000000114e-02
-1.106009999999999979e-02
1.019979999999999975e-03
1.611720000000000166e-02
3.217119999999999702e-02
4.728679999999999689e-02
5.617939999999999739e-02
4.622140000000000276e-02
3.314829999999999860e-02
2.142360000000000098e-02
7.709979999999999958e-03
-5.775210000000000239e-03
-9.722379999999999217e-03
6.297979999999999898e-03
2.900240000000000110e-02
3.198610000000000342e-02
2.015230000000000146e-02
1.384540000000000076e-03
-8.383770000000000458e-03
1.452320000000000000e-03
1.931070000000000009e-02
3.033819999999999920e-02
3.158380000000000215e-02
3.013870000000000091e-02
3.060409999999999867e-02
3.371119999999999672e-02
2.646029999999999910e-02
1.750389999999999932e-02
4.505209999999999944e-03
-1.073640000000000011e-02
-1.685619999999999827e-02
-1.046569999999999966e-02
-7.900130000000000000e-03
-1.462779999999999983e-02
-2.462769999999999890e-02
-3.886560000000000015e-02
-4.748639999999999806e-02
-5.171100000000000002e-02
-4.866199999999999692e-02
-4.156359999999999916e-02
-4.008239999999999720e-02
-3.333490000000000064e-02
-1.607930000000000123e-02
5.072680000000000418e-03
2.369709999999999872e-02
3.811810000000000198e-02
4.555610000000000215e-02
4.410179999999999656e-02
3.529229999999999867e-02
1.514549999999999924e-02
-1.352749999999999959e-02
-3.929250000000000104e-02
-4.986249999999999710e-02
-3.494270000000000015e-02
-4.960639999999999668e-03
3.025409999999999905e-02
5.857360000000000344e-02
7.151559999999999861e-02
7.860880000000000645e-02
8.803489999999999926e-02
9.108180000000000442e-02
8.048729999999999773e-02
6.065260000000000096e-02
3.209080000000000266e-02
3.585080000000000038e-03
-6.438239999999999588e-03
1.048579999999999998e-02
3.498539999999999983e-02
5.074970000000000175e-02
5.591630000000000211e-02
5.556350000000000178e-02
5.750689999999999968e-02
5.707149999999999723e-02
4.220020000000000021e-02
2.120369999999999894e-02
1.812660000000000009e-03
-8.963429999999999662e-03
-1.516580000000000011e-02
-2.214139999999999858e-02
-3.026859999999999967e-02
-3.303149999999999836e-02
-3.294360000000000344e-02
-3.792709999999999831e-02
-4.434980000000000172e-02
-5.006159999999999777e-02
-5.107020000000000309e-02
-4.555689999999999740e-02
-3.422449999999999798e-02
-2.220149999999999901e-02
1.119980000000000021e-03
1.508089999999999951e-02
1.950179999999999969e-02
1.841160000000000019e-02
1.710419999999999996e-02
1.518070000000000010e-02
1.682410000000000155e-02
2.133780000000000052e-02
1.465089999999999969e-02
4.165509999999999872e-03
-2.769269999999999891e-03
-9.850920000000000856e-03
-1.553309999999999934e-02
-1.996890000000000123e-02
-3.264630000000000309e-02
-4.148339999999999667e-02
-4.558460000000000290e-02
-3.024260000000000143e-02
6.697450000000000191e-04
2.232960000000000153e-02
2.845390000000000072e-02
2.780639999999999848e-02
2.950490000000000057e-02
3.359729999999999661e-02
3.869039999999999979e-02
2.928719999999999934e-02
4.036299999999999610e-03
-9.806940000000000102e-03
-1.389289999999999969e-02
-1.897739999999999844e-02
-2.840300000000000116e-02
-3.830700000000000077e-02
-4.297430000000000000e-02
-4.244780000000000081e-02
-3.515560000000000213e-02
-1.725240000000000107e-02
-4.854719999999999760e-04
-1.762219999999999943e-04
-6.886609999999999607e-03
-1.850119999999999890e-02
-3.163959999999999689e-02
-4.053070000000000284e-02
-4.464420000000000194e-02
-4.641880000000000311e-02
-4.123190000000000188e-02
-3.109400000000000011e-02
-2.306949999999999973e-02
-1.863019999999999954e-02
-1.859540000000000151e-02
-1.927250000000000144e-02
-2.143470000000000097e-02
-2.114380000000000079e-02
-2.149140000000000078e-02
-2.019380000000000133e-02
-1.840759999999999966e-02
-1.305860000000000007e-02
-9.836339999999999407e-04
1.286810000000000037e-02
2.657100000000000087e-02
3.645090000000000136e-02
3.484149999999999747e-02
2.114819999999999894e-02
1.363609999999999996e-02
8.082330000000000417e-03
9.820590000000000569e-03
2.075310000000000002e-02
3.725280000000000258e-02
5.957980000000000220e-02
7.391399999999999360e-02
7.319000000000000505e-02
6.409070000000000045e-02
5.208039999999999892e-02
4.366350000000000092e-02
3.018540000000000112e-02
5.935059999999999815e-03
-1.794499999999999915e-02
-3.690360000000000168e-02
-4.287139999999999701e-02
-2.921959999999999835e-02
-3.291029999999999910e-03
2.431950000000000084e-02
4.776949999999999946e-02
6.317159999999999442e-02
7.060550000000000159e-02
7.441849999999999854e-02
7.503569999999999685e-02
6.006229999999999902e-02
4.045189999999999897e-02
1.053139999999999979e-02
-2.121289999999999981e-02
-4.741139999999999938e-02
-6.274390000000000522e-02
-6.783050000000000190e-02
-5.996209999999999735e-02
-4.816870000000000179e-02
-4.674149999999999833e-02
-4.739619999999999944e-02
-5.131489999999999663e-02
-5.110159999999999703e-02
-4.612589999999999746e-02
-4.175299999999999845e-02
-4.681819999999999732e-02
-5.965569999999999901e-02
-7.323179999999999967e-02
-8.146509999999999863e-02
-8.567550000000000165e-02
-8.006130000000000191e-02
-6.393290000000000084e-02
-4.043399999999999772e-02
-1.821009999999999990e-02
2.132939999999999836e-03
1.833270000000000038e-02
3.793010000000000131e-02
6.335780000000000578e-02
8.301649999999999308e-02
9.292079999999999784e-02
8.365319999999999701e-02
6.574209999999999776e-02
5.217320000000000291e-02
4.144699999999999773e-02
3.596160000000000329e-02
2.861980000000000079e-02
1.344640000000000071e-02
-4.227029999999999677e-03
-2.155359999999999915e-02
-3.097120000000000081e-02
-2.869849999999999832e-02
-1.089730000000000039e-02
5.606419999999999980e-03
3.047309999999999949e-02
5.709220000000000267e-02
7.776470000000000604e-02
9.462539999999999840e-02
9.984990000000000532e-02
9.043039999999999412e-02
6.291389999999999483e-02
3.298519999999999924e-02
1.307700000000000008e-02
5.020130000000000252e-03
4.396009999999999675e-03
8.636269999999999711e-03
2.593910000000000052e-03
-1.266519999999999972e-02
-2.752949999999999842e-02
-3.216530000000000084e-02
-2.637060000000000098e-02
-1.387339999999999927e-02
-4.447480000000000183e-03
-1.283330000000000061e-03
-3.052920000000000200e-03
-7.320489999999999810e-03
-1.185729999999999944e-02
-1.952970000000000053e-02
-2.627890000000000087e-02
-2.868599999999999969e-02
-2.707630000000000106e-02
-1.598170000000000146e-02
2.033660000000000068e-03
1.573750000000000149e-02
1.937180000000000152e-02
1.093760000000000045e-02
-1.711370000000000035e-03
-1.291089999999999946e-02
-1.950199999999999850e-02
-2.541890000000000122e-02
-3.144399999999999973e-02
-3.467420000000000224e-02
-3.795649999999999719e-02
-4.139890000000000236e-02
-3.739630000000000037e-02
-2.714930000000000121e-02
-1.434309999999999925e-02
-1.308540000000000050e-02
-3.222350000000000214e-02
-5.285700000000000121e-02
-6.482459999999999611e-02
-6.342509999999999815e-02
-4.437750000000000028e-02
-2.558699999999999863e-02
-1.418230000000000011e-02
-6.011960000000000220e-03
3.245640000000000157e-03
1.225739999999999989e-02
1.316529999999999957e-02
8.430550000000000196e-03
3.036870000000000108e-03
1.429439999999999921e-03
5.717589999999999825e-03
2.446219999999999992e-02
5.242150000000000282e-02
7.878649999999999542e-02
8.958639999999999659e-02
8.301360000000000683e-02
7.018919999999999326e-02
5.712720000000000298e-02
4.634280000000000344e-02
3.580830000000000124e-02
2.189450000000000077e-02
6.035630000000000162e-03
-8.704319999999999766e-03
-2.521910000000000124e-02
-4.257430000000000242e-02
-5.955819999999999864e-02
-7.795799999999999952e-02
-9.243990000000000540e-02
-9.266320000000000112e-02
-7.053109999999999935e-02
-4.222100000000000158e-02
-2.428529999999999925e-02
-1.713500000000000092e-02
-1.570689999999999933e-02
-1.918299999999999866e-02
-2.185439999999999952e-02
-2.089550000000000088e-02
-1.350550000000000014e-02
1.139669999999999963e-03
1.795849999999999877e-02
2.922140000000000154e-02
3.149400000000000116e-02
3.826179999999999859e-02
4.660439999999999722e-02
5.619140000000000246e-02
6.465029999999999388e-02
6.386300000000000310e-02
5.041940000000000310e-02
3.708089999999999997e-02
2.865780000000000063e-02
2.885060000000000055e-02
3.265119999999999828e-02
3.176690000000000069e-02
3.329490000000000227e-02
3.596219999999999972e-02
3.898660000000000320e-02
3.024519999999999986e-02
5.745860000000000203e-03
-1.934409999999999949e-02
-4.279379999999999989e-02
-5.882609999999999922e-02
-5.738179999999999670e-02
-4.349850000000000244e-02
-2.796900000000000081e-02
-2.064440000000000025e-02
-2.158169999999999880e-02
-2.005880000000000163e-02
-7.581120000000000220e-03
1.169489999999999939e-02
3.023139999999999855e-02
4.047119999999999884e-02
4.072309999999999819e-02
3.357090000000000074e-02
1.544960000000000083e-02
-2.946049999999999971e-03
-1.427720000000000031e-02
-2.054409999999999917e-02
-2.605410000000000018e-02
-3.747400000000000037e-02
-4.458639999999999826e-02
-3.648959999999999704e-02
-2.465759999999999827e-02
-1.880990000000000092e-02
-2.162100000000000133e-02
-2.779409999999999867e-02
-3.990760000000000141e-02
-5.799830000000000263e-02
-7.787710000000000465e-02
-9.137170000000000014e-02
-8.652559999999999418e-02
-6.268920000000000048e-02
-3.023280000000000065e-02
-7.345159999999999992e-05
2.221659999999999954e-02
2.962690000000000115e-02
3.405779999999999919e-02
4.671800000000000258e-02
6.376529999999999698e-02
7.786379999999999690e-02
8.537100000000000244e-02
8.197740000000000582e-02
6.468229999999999813e-02
4.825209999999999916e-02
4.443939999999999696e-02
5.036349999999999855e-02
5.506880000000000108e-02
5.004019999999999996e-02
3.781339999999999701e-02
2.602840000000000015e-02
2.106090000000000045e-02
1.946770000000000098e-02
2.239100000000000118e-02
1.310189999999999966e-02
-7.549069999999999739e-03
-2.574179999999999871e-02
-3.456479999999999969e-02
-3.313270000000000104e-02
-1.895579999999999835e-02
2.237770000000000037e-03
1.397490000000000017e-02
2.231030000000000166e-02
2.129850000000000146e-02
1.750710000000000113e-02
8.494359999999999411e-03
-5.152239999999999771e-03
-1.446489999999999929e-02
-2.289010000000000003e-02
-3.027799999999999936e-02
-3.345120000000000038e-02
-3.300340000000000218e-02
-3.292289999999999800e-02
-3.199880000000000085e-02
-3.484670000000000128e-02
-4.455100000000000032e-02
-5.958070000000000033e-02
-6.939520000000000410e-02
-6.743269999999999820e-02
-5.997759999999999897e-02
-4.434199999999999947e-02
-2.823120000000000143e-02
-1.571989999999999846e-02
-8.110720000000000082e-03
-5.189469999999999847e-03
-7.338650000000000381e-03
-2.656769999999999965e-02
-4.092219999999999885e-02
-3.231040000000000301e-02
-2.308349999999999985e-02
-1.980120000000000144e-02
-2.142410000000000148e-02
-2.479620000000000088e-02
-1.751859999999999876e-02
-9.322920000000000165e-03
-8.246859999999999954e-03
-6.735269999999999799e-03
5.458779999999999882e-03
1.398590000000000076e-02
4.852809999999999936e-03
-5.868459999999999822e-03
7.683210000000000213e-03
4.090970000000000023e-02
7.259079999999999699e-02
9.452589999999999604e-02
1.042499999999999954e-01
1.117149999999999949e-01
1.187069999999999931e-01
1.253150000000000097e-01
1.275660000000000127e-01
1.259129999999999971e-01
1.197799999999999976e-01
1.024400000000000033e-01
8.077059999999999795e-02
6.515440000000000120e-02
4.270820000000000172e-02
2.526209999999999914e-02
1.582189999999999985e-02
-4.045729999999999986e-03
-2.628079999999999999e-02
-5.874440000000000217e-02
-8.697699999999999876e-02
-9.696490000000000664e-02
-7.814599999999999325e-02
-5.242580000000000157e-02
-4.136290000000000106e-02
-4.689549999999999969e-02
-6.186500000000000332e-02
-6.546470000000000067e-02
-5.438350000000000128e-02
-3.213939999999999853e-02
-1.288090000000000068e-02
-2.211739999999999800e-03
-1.149790000000000013e-02
-3.384519999999999890e-02
-4.901370000000000032e-02
-5.050600000000000228e-02
-4.291930000000000051e-02
-3.059469999999999898e-02
-2.076410000000000061e-02
-1.657600000000000046e-02
-1.755429999999999838e-02
-2.793800000000000103e-02
-4.362049999999999955e-02
-5.376960000000000073e-02
-4.846779999999999838e-02
-3.204280000000000322e-02
-2.572599999999999887e-02
-2.682460000000000053e-02
-2.700119999999999951e-02
-2.191859999999999989e-02
-8.272140000000000742e-03
1.100480000000000035e-02
3.226249999999999951e-02
4.224719999999999864e-02
3.662180000000000296e-02
1.694999999999999979e-02
1.056220000000000075e-03
-7.838279999999999553e-03
-5.607629999999999733e-03
6.946429999999999966e-03
2.218209999999999973e-02
4.612650000000000083e-02
6.634690000000000032e-02
8.393159999999999510e-02
1.062570000000000042e-01
1.255269999999999997e-01
1.366189999999999904e-01
1.327349999999999919e-01
1.161520000000000052e-01
9.824249999999999650e-02
8.263850000000000362e-02
6.630709999999999382e-02
4.090289999999999898e-02
5.300739999999999966e-03
-2.723839999999999942e-02
-4.981209999999999805e-02
-5.762029999999999930e-02
-5.091289999999999705e-02
-3.662789999999999796e-02
-2.082619999999999957e-02
-8.517979999999999649e-03
-2.399119999999999812e-03
-2.371690000000000083e-03
-1.454830000000000055e-03
-3.956999999999999580e-03
-1.363389999999999914e-02
-2.814449999999999938e-02
-3.408819999999999906e-02
-2.273060000000000011e-02
-1.650870000000000115e-02
-3.030530000000000029e-02
-5.008119999999999933e-02
-6.483360000000000511e-02
-7.543969999999999843e-02
-8.222690000000000554e-02
-8.724850000000000660e-02
-9.209359999999999769e-02
-9.944179999999999686e-02
-1.043530000000000013e-01
-9.495199999999999474e-02
-6.776709999999999678e-02
-4.036700000000000010e-02
-2.457650000000000112e-02
-2.246010000000000020e-02
-3.073860000000000134e-02
-3.523479999999999668e-02
-2.341319999999999860e-02
1.865340000000000054e-03
3.397580000000000044e-02
6.321809999999999929e-02
7.227759999999999740e-02
6.705400000000000249e-02
6.091150000000000037e-02
4.655279999999999835e-02
1.929209999999999953e-02
-5.592960000000000119e-03
-2.900720000000000035e-02
-4.418090000000000211e-02
-6.413829999999999532e-02
-9.378369999999999762e-02
-1.148499999999999938e-01
-1.313570000000000015e-01
-1.338519999999999988e-01
-1.200129999999999947e-01
-7.595079999999999887e-02
-1.644719999999999863e-02
5.328800000000000203e-02
1.185189999999999994e-01
1.776359999999999884e-01
2.217200000000000004e-01
2.529569999999999874e-01
2.736970000000000236e-01
2.692479999999999873e-01
2.542929999999999913e-01
2.076790000000000025e-01
1.367319999999999924e-01
5.371800000000000186e-02
-2.638479999999999992e-02
-8.509410000000000585e-02
-1.083329999999999987e-01
-1.085350000000000065e-01
-8.234869999999999690e-02
-2.838579999999999923e-02
1.582599999999999979e-02
2.833309999999999995e-02
1.470780000000000004e-02
-1.316999999999999942e-02
-4.556230000000000002e-02
-6.763320000000000443e-02
-9.094960000000000544e-02
-1.181529999999999941e-01
-1.434050000000000047e-01
-1.645260000000000056e-01
-1.761780000000000013e-01
-1.717299999999999938e-01
-1.518519999999999870e-01
-1.181119999999999948e-01
-7.715429999999999511e-02
-3.364740000000000092e-02
2.111520000000000064e-02
6.665799999999999503e-02
8.886529999999999430e-02
9.167519999999999836e-02
7.512660000000000171e-02
5.200810000000000155e-02
2.305629999999999832e-02
-3.457399999999999796e-04
-1.976469999999999963e-02
-4.780159999999999965e-02
-6.518150000000000333e-02
-6.899139999999999440e-02
-5.401179999999999870e-02
-3.330400000000000027e-02
-1.527769999999999996e-02
6.494050000000000343e-03
3.286599999999999938e-02
5.769259999999999666e-02
6.903080000000000327e-02
6.904589999999999339e-02
6.443329999999999891e-02
5.466449999999999781e-02
5.410439999999999694e-02
6.005080000000000140e-02
7.372579999999999412e-02
9.503540000000000598e-02
1.039640000000000009e-01
1.042440000000000033e-01
9.260430000000000050e-02
7.276610000000000023e-02
5.208440000000000292e-02
3.529399999999999898e-02
2.626480000000000134e-02
3.004369999999999957e-02
4.295059999999999850e-02
5.787810000000000177e-02
7.356959999999999888e-02
8.870830000000000382e-02
1.012959999999999972e-01
1.080050000000000038e-01
1.035940000000000055e-01
8.700620000000000576e-02
7.081450000000000244e-02
6.115799999999999709e-02
6.160759999999999847e-02
5.495499999999999691e-02
2.916409999999999836e-02
-7.389780000000000307e-03
-5.053089999999999665e-02
-9.336189999999999767e-02
-1.285409999999999886e-01
-1.563199999999999867e-01
-1.672339999999999938e-01
-1.673580000000000068e-01
-1.581869999999999943e-01
-1.353739999999999943e-01
-1.105759999999999937e-01
-8.801649999999999752e-02
-7.409369999999999845e-02
-6.632150000000000545e-02
-6.120230000000000115e-02
-5.673689999999999983e-02
-4.825580000000000147e-02
-3.368630000000000235e-02
-1.639039999999999941e-02
3.520829999999999967e-03
2.158590000000000161e-02
3.404089999999999894e-02
4.231900000000000245e-02
3.852239999999999831e-02
2.374240000000000031e-02
2.462960000000000149e-03
-7.544450000000000288e-03
-8.422240000000000325e-04
2.181589999999999918e-02
3.838249999999999995e-02
2.868520000000000097e-02
7.747440000000000403e-03
-2.076990000000000086e-02
-3.716049999999999909e-02
-4.309910000000000130e-02
-5.336869999999999808e-02
-6.219489999999999741e-02
-6.675960000000000227e-02
-6.442100000000000604e-02
-5.127740000000000076e-02
-2.770749999999999949e-02
2.245650000000000077e-03
3.293009999999999687e-02
5.685300000000000076e-02
7.586149999999999838e-02
8.594100000000000350e-02
8.858050000000000646e-02
8.846710000000000684e-02
8.148600000000000287e-02
6.581660000000000288e-02
4.779499999999999721e-02
3.075570000000000040e-02
1.487310000000000021e-02
9.795359999999999484e-03
8.884299999999999489e-03
8.115020000000000566e-03
6.973440000000000021e-03
3.940779999999999630e-03
2.025020000000000205e-03
-8.015989999999999531e-04
-5.428520000000000047e-03
-8.756979999999999278e-03
-9.803700000000000261e-03
-1.111559999999999979e-02
-1.755810000000000010e-02
-2.777469999999999939e-02
-4.046059999999999934e-02
-5.150740000000000179e-02
-5.438500000000000278e-02
-5.332850000000000090e-02
-4.871829999999999911e-02
-4.626949999999999813e-02
-4.629210000000000269e-02
-4.984600000000000142e-02
-6.305719999999999381e-02
-7.795860000000000289e-02
-8.565369999999999928e-02
-8.354350000000000664e-02
-6.678510000000000002e-02
-4.397809999999999914e-02
-2.335900000000000129e-02
1.962269999999999900e-03
2.635739999999999958e-02
4.907870000000000288e-02
6.811480000000000312e-02
8.261179999999999912e-02
9.157029999999999337e-02
9.070720000000000172e-02
7.978689999999999394e-02
5.897970000000000296e-02
3.786550000000000332e-02
2.341999999999999985e-02
1.902569999999999956e-02
1.668350000000000041e-02
1.846630000000000146e-02
1.781529999999999919e-02
1.236119999999999927e-02
4.649799999999999940e-03
-5.320899999999999935e-03
-1.240400000000000010e-02
-2.134240000000000095e-02
-2.929760000000000003e-02
-3.864200000000000274e-02
-4.061590000000000339e-02
-3.323639999999999928e-02
-2.492470000000000102e-02
-1.832649999999999904e-02
-1.092560000000000059e-02
-4.993289999999999621e-04
8.107229999999999992e-03
1.737580000000000027e-02
2.503069999999999948e-02
3.006930000000000019e-02
3.528019999999999767e-02
3.868989999999999929e-02
4.188229999999999731e-02
4.279909999999999964e-02
3.867199999999999804e-02
3.220499999999999752e-02
2.824410000000000115e-02
2.528079999999999911e-02
2.329569999999999905e-02
2.199399999999999966e-02
2.058919999999999847e-02
1.559920000000000057e-02
7.803140000000000076e-03
2.207220000000000189e-03
5.788260000000000041e-05
7.391479999999999752e-03
1.986900000000000124e-02
2.784210000000000157e-02
2.877930000000000071e-02
2.146769999999999928e-02
1.012309999999999946e-02
-3.891920000000000102e-03
-1.976740000000000094e-02
-3.260020000000000279e-02
-4.284729999999999789e-02
-5.141040000000000193e-02
-5.650859999999999911e-02
-5.990539999999999754e-02
-6.580020000000000313e-02
-7.518940000000000345e-02
-8.393720000000000347e-02
-8.815499999999999725e-02
-8.728110000000000035e-02
-7.562370000000000203e-02
-5.544530000000000292e-02
-3.251790000000000236e-02
-1.016069999999999994e-02
7.890060000000000823e-03
2.414869999999999864e-02
4.090200000000000086e-02
5.760839999999999711e-02
7.317029999999999368e-02
7.964300000000000546e-02
7.801389999999999714e-02
7.176319999999999921e-02
6.457709999999999839e-02
5.610989999999999728e-02
4.546390000000000153e-02
3.451710000000000195e-02
2.296849999999999933e-02
1.235310000000000054e-02
5.190519999999999683e-03
-2.118979999999999909e-03
-1.201830000000000086e-02
-1.931350000000000081e-02
-2.718709999999999877e-02
-3.279010000000000258e-02
-3.349919999999999981e-02
-3.330249999999999877e-02
-3.423910000000000148e-02
-3.643119999999999692e-02
-3.525640000000000024e-02
-3.099800000000000125e-02
-2.476089999999999888e-02
-1.766399999999999915e-02
-7.622229999999999804e-03
6.103729999999999919e-03
1.578030000000000058e-02
1.900030000000000122e-02
1.197430000000000022e-02
1.094899999999999969e-04
-1.290080000000000046e-02
-2.793879999999999975e-02
-3.500759999999999983e-02
-3.596660000000000135e-02
-3.560870000000000007e-02
-3.900760000000000338e-02
-4.719929999999999959e-02
-5.795030000000000320e-02
-6.620940000000000158e-02
-7.035589999999999899e-02
-7.396890000000000409e-02
-7.165680000000000660e-02
-6.599289999999999323e-02
-5.661009999999999653e-02
-4.818709999999999660e-02
-3.515059999999999713e-02
-1.695189999999999891e-02
6.801650000000000230e-03
3.100510000000000072e-02
4.938220000000000109e-02
6.641299999999999981e-02
7.621709999999999596e-02
8.048149999999999749e-02
7.665840000000000154e-02
6.882870000000000654e-02
6.109490000000000059e-02
5.505229999999999846e-02
5.098029999999999923e-02
4.991120000000000279e-02
4.521900000000000225e-02
3.451599999999999807e-02
2.653940000000000118e-02
2.087110000000000007e-02
1.644819999999999963e-02
1.441010000000000034e-02
1.359699999999999971e-02
1.060110000000000045e-02
6.418980000000000345e-03
-1.030540000000000064e-04
-2.835789999999999925e-03
-3.804940000000000145e-03
-5.262669999999999675e-03
-6.425619999999999943e-03
-1.135650000000000028e-02
-1.987049999999999927e-02
-2.803479999999999861e-02
-3.397030000000000188e-02
-3.591149999999999898e-02
-3.603510000000000046e-02
-3.798039999999999750e-02
-3.911470000000000224e-02
-3.728909999999999864e-02
-2.606210000000000124e-02
-9.187350000000000377e-03
9.964030000000000456e-03
2.406540000000000068e-02
3.190799999999999886e-02
3.735469999999999763e-02
4.149169999999999942e-02
4.710870000000000335e-02
5.145170000000000299e-02
5.245120000000000338e-02
4.576999999999999819e-02
3.418580000000000230e-02
2.820539999999999853e-02
2.807770000000000057e-02
2.587029999999999885e-02
2.143110000000000154e-02
1.395850000000000042e-02
7.177420000000000327e-03
4.463070000000000405e-03
3.013450000000000091e-04
-3.946060000000000366e-03
-8.490279999999999355e-03
-1.141780000000000052e-02
-1.265819999999999966e-02
-1.400990000000000048e-02
-1.312160000000000062e-02
-1.128060000000000000e-02
-1.097060000000000049e-02
-7.029460000000000396e-03
9.121440000000000407e-04
7.941870000000000179e-03
1.277350000000000013e-02
1.614140000000000019e-02
1.712050000000000030e-02
1.478660000000000044e-02
8.497209999999999833e-03
-8.552759999999999746e-04
-6.440900000000000271e-03
-1.151860000000000037e-02
-1.512329999999999924e-02
-1.596600000000000102e-02
-1.800910000000000011e-02
-1.592949999999999922e-02
-1.168229999999999963e-02
-7.943060000000000051e-03
-3.976379999999999845e-03
-1.431580000000000005e-03
-8.961709999999999685e-04
-1.388930000000000026e-03
-5.118140000000000189e-03
-8.522989999999999386e-03
-1.120059999999999979e-02
-1.142400000000000013e-02
-1.162509999999999932e-02
-1.097240000000000021e-02
-7.077070000000000409e-03
-5.799099999999999741e-03
-7.028279999999999597e-03
-1.401230000000000010e-02
-2.323319999999999899e-02
-3.288859999999999700e-02
-4.170150000000000245e-02
-4.580700000000000049e-02
-4.695160000000000305e-02
-4.466379999999999656e-02
-3.479430000000000023e-02
-2.256769999999999957e-02
-1.313779999999999983e-02
-5.466480000000000124e-03
-6.768669999999999689e-05
5.360690000000000420e-03
9.389619999999999564e-03
1.380110000000000017e-02
2.056260000000000032e-02
2.171719999999999900e-02
2.079500000000000098e-02
2.349590000000000012e-02
2.836019999999999860e-02
3.300020000000000037e-02
3.188629999999999937e-02
2.815609999999999988e-02
2.235219999999999915e-02
1.686560000000000142e-02
6.645139999999999901e-03
-1.850480000000000050e-03
-2.961309999999999984e-03
4.919159999999999679e-03
1.761909999999999865e-02
2.620650000000000063e-02
3.400229999999999919e-02
4.024470000000000131e-02
4.082600000000000118e-02
3.920520000000000255e-02
3.779649999999999677e-02
3.032299999999999926e-02
1.777590000000000073e-02
3.656040000000000158e-03
-4.427480000000000131e-03
-4.517270000000000313e-03
1.048459999999999953e-05
3.340759999999999910e-03
4.218959999999999898e-03
3.169359999999999972e-03
4.763599999999999779e-03
7.621619999999999957e-03
5.486750000000000307e-03
1.971819999999999996e-03
-1.755279999999999905e-03
-5.352830000000000261e-03
-6.186180000000000324e-03
-8.131319999999999174e-03
-1.550690000000000054e-02
-2.272350000000000064e-02
-2.656990000000000046e-02
-2.578750000000000139e-02
-2.042129999999999987e-02
-1.699919999999999903e-02
-1.516220000000000068e-02
-1.010710000000000081e-02
-4.466450000000000281e-03
9.895410000000000317e-04
5.521410000000000033e-03
5.690739999999999688e-03
-5.924390000000000515e-04
-1.431550000000000010e-02
-2.756429999999999991e-02
-3.870370000000000060e-02
-4.706250000000000017e-02
-4.943600000000000078e-02
-4.574770000000000225e-02
-4.017849999999999894e-02
-3.626270000000000188e-02
-3.466840000000000199e-02
-3.045170000000000168e-02
-2.463459999999999955e-02
-1.848090000000000149e-02
-1.174479999999999968e-02
-7.866679999999999159e-03
-5.595089999999999612e-03
-2.134189999999999785e-03
5.814719999999999785e-03
1.492440000000000086e-02
2.330990000000000145e-02
2.912079999999999877e-02
3.286739999999999801e-02
3.621810000000000307e-02
3.872629999999999822e-02
3.984639999999999710e-02
4.181200000000000194e-02
4.280250000000000027e-02
4.592679999999999679e-02
4.819119999999999654e-02
4.799649999999999750e-02
4.822909999999999697e-02
4.486729999999999885e-02
3.983670000000000266e-02
3.414930000000000049e-02
2.814969999999999972e-02
2.346600000000000075e-02
1.863429999999999948e-02
1.338239999999999916e-02
6.955479999999999996e-03
-2.117330000000000167e-03
-1.373500000000000068e-02
-2.398290000000000144e-02
-3.325970000000000315e-02
-3.996910000000000046e-02
-4.490790000000000060e-02
-4.463539999999999869e-02
-4.351329999999999781e-02
-4.536860000000000198e-02
-4.850499999999999950e-02
-5.213399999999999979e-02
-5.301109999999999850e-02
-5.343019999999999714e-02
-4.647579999999999767e-02
-3.285149999999999876e-02
-1.986169999999999949e-02
-1.299799999999999914e-02
-1.275809999999999965e-02
-1.359750000000000021e-02
-1.202549999999999973e-02
-8.499249999999999861e-03
-4.318129999999999885e-03
1.863240000000000003e-04
2.090809999999999804e-03
6.914530000000000329e-03
1.701170000000000113e-02
2.774220000000000158e-02
4.027920000000000111e-02
4.670330000000000314e-02
4.675440000000000151e-02
3.923920000000000186e-02
2.506850000000000050e-02
1.033479999999999989e-02
1.417099999999999914e-03
-5.676529999999999944e-04
1.702020000000000052e-03
8.983970000000000844e-03
1.373940000000000057e-02
1.577960000000000126e-02
1.408650000000000006e-02
1.140820000000000028e-02
8.795139999999999902e-03
8.392429999999999335e-03
8.019290000000000099e-03
4.567800000000000332e-03
-2.056009999999999988e-04
-7.691179999999999718e-03
-1.381300000000000062e-02
-2.099869999999999862e-02
-2.669830000000000120e-02
-3.003650000000000070e-02
-3.242620000000000224e-02
-3.334600000000000064e-02
-3.179740000000000344e-02
-2.425640000000000088e-02
-1.223849999999999938e-02
4.515340000000000174e-04
8.487319999999999587e-03
1.299999999999999940e-02
1.520649999999999953e-02
1.338499999999999933e-02
5.190580000000000194e-03
-7.757059999999999650e-03
-1.684810000000000127e-02
-1.963550000000000018e-02
-1.412829999999999989e-02
-3.447609999999999824e-03
9.392400000000000401e-03
2.106859999999999983e-02
2.969810000000000158e-02
3.477380000000000054e-02
3.502399999999999958e-02
2.867990000000000123e-02
1.929000000000000159e-02
1.193810000000000010e-02
4.442409999999999935e-03
3.433040000000000050e-04
-1.337780000000000056e-04
7.008630000000000285e-04
2.241350000000000026e-03
4.837529999999999608e-03
8.582239999999999661e-03
1.267579999999999922e-02
1.790560000000000068e-02
2.109449999999999867e-02
2.426189999999999944e-02
2.756489999999999982e-02
2.752649999999999889e-02
2.761250000000000163e-02
2.749040000000000164e-02
2.367489999999999872e-02
2.071409999999999918e-02
1.876009999999999830e-02
1.512720000000000037e-02
9.893910000000000551e-03
3.930300000000000286e-03
-4.044749999999999734e-03
-8.278429999999999817e-03
-1.295780000000000022e-02
-1.965379999999999905e-02
-2.636399999999999855e-02
-3.761330000000000229e-02
-4.707650000000000029e-02
-5.686909999999999882e-02
-6.497980000000000422e-02
-6.938890000000000335e-02
-6.936710000000000098e-02
-6.896080000000000265e-02
-6.571380000000000277e-02
-5.785529999999999839e-02
-4.907279999999999975e-02
-4.154270000000000185e-02
-3.689420000000000199e-02
-2.893379999999999910e-02
-1.775420000000000123e-02
-4.119430000000000314e-03
9.710119999999999169e-03
2.112640000000000004e-02
3.103610000000000049e-02
3.807449999999999724e-02
4.435709999999999653e-02
5.011129999999999751e-02
5.547889999999999766e-02
5.960019999999999901e-02
6.121630000000000127e-02
6.069950000000000345e-02
5.774809999999999666e-02
4.864090000000000080e-02
3.467250000000000193e-02
2.127220000000000152e-02
1.054019999999999957e-02
5.228439999999999997e-03
1.543869999999999975e-04
-4.937000000000000416e-03
-9.538790000000000116e-03
-1.047569999999999925e-02
-7.454009999999999629e-03
-5.294199999999999774e-03
-4.910219999999999863e-03
-7.872840000000000740e-03
-1.188200000000000020e-02
-1.690809999999999882e-02
-2.219729999999999967e-02
-2.634310000000000124e-02
-3.206280000000000241e-02
-3.674310000000000076e-02
-4.071860000000000063e-02
-4.177680000000000282e-02
-3.976179999999999992e-02
-3.264779999999999766e-02
-2.137019999999999892e-02
-1.000080000000000066e-02
-1.935099999999999928e-03
8.816390000000000338e-04
8.250430000000000220e-04
-1.719330000000000034e-03
-5.229639999999999810e-03
-9.946599999999999886e-03
-1.446569999999999974e-02
-1.547489999999999977e-02
-1.190440000000000074e-02
-4.579230000000000106e-03
2.339990000000000125e-03
7.868939999999999615e-03
1.348770000000000004e-02
1.866469999999999935e-02
2.389990000000000170e-02
2.814679999999999960e-02
3.223449999999999926e-02
3.449130000000000251e-02
3.728460000000000107e-02
3.969749999999999668e-02
4.175140000000000101e-02
4.303209999999999674e-02
3.950349999999999695e-02
3.330149999999999777e-02
2.474830000000000085e-02
1.476519999999999916e-02
6.198819999999999851e-03
1.840980000000000090e-03
-4.105579999999999950e-04
-4.027929999999999770e-04
1.567960000000000079e-04
9.407890000000000350e-04
8.588060000000000442e-04
-2.786030000000000104e-03
-7.333570000000000193e-03
-1.338360000000000070e-02
-2.106660000000000130e-02
-2.481749999999999928e-02
-2.534720000000000029e-02
-2.171230000000000035e-02
-1.400859999999999952e-02
-8.420350000000000057e-03
-4.395770000000000233e-03
-1.367729999999999944e-03
2.370240000000000020e-03
7.746320000000000115e-03
1.117010000000000051e-02
1.376879999999999944e-02
1.560959999999999952e-02
1.641710000000000044e-02
1.450730000000000075e-02
1.333299999999999937e-02
1.256670000000000009e-02
8.385399999999999451e-03
3.260630000000000039e-03
-6.747900000000000252e-03
-1.639329999999999954e-02
-2.290580000000000047e-02
-2.429100000000000009e-02
-1.843289999999999859e-02
-9.786370000000000832e-03
-3.639250000000000124e-03
-2.606980000000000061e-03
-3.192040000000000155e-03
-3.033820000000000006e-03
-5.795519999999999968e-04
2.821160000000000074e-03
2.130850000000000105e-03
1.334249999999999933e-03
2.367689999999999986e-03
4.083009999999999765e-03
5.766949999999999854e-03
5.384680000000000195e-03
4.953410000000000105e-03
4.134510000000000095e-03
5.600579999999999968e-03
9.627609999999999987e-03
1.378659999999999955e-02
1.920629999999999907e-02
2.361560000000000048e-02
2.323969999999999855e-02
2.112649999999999945e-02
1.741670000000000024e-02
1.459739999999999996e-02
1.328559999999999984e-02
1.008260000000000059e-02
5.347890000000000109e-03
8.487629999999999914e-04
-2.620550000000000136e-03
-1.814639999999999960e-03
4.752119999999999760e-04
1.278169999999999914e-03
-5.085709999999999797e-04
-4.695330000000000163e-03
-7.477840000000000355e-03
-8.090099999999999375e-03
-7.561049999999999716e-03
-9.005620000000000638e-03
-1.079729999999999926e-02
-1.440239999999999923e-02
-1.749850000000000017e-02
-2.050029999999999908e-02
-2.399870000000000128e-02
-2.593710000000000113e-02
-2.618470000000000172e-02
-2.463840000000000127e-02
-2.148080000000000128e-02
-1.794549999999999965e-02
-1.383829999999999956e-02
-1.145550000000000040e-02
-1.298219999999999930e-02
-1.469099999999999920e-02
-1.526869999999999963e-02
-1.219040000000000054e-02
-6.900329999999999658e-03
-3.204680000000000115e-03
-2.967700000000000199e-03
-4.535550000000000172e-03
-4.579640000000000273e-03
-3.873999999999999840e-04
5.896069999999999783e-03
1.215349999999999937e-02
1.507550000000000036e-02
1.577910000000000076e-02
1.762069999999999956e-02
2.104100000000000067e-02
2.471639999999999948e-02
2.419879999999999948e-02
2.206059999999999965e-02
1.799129999999999827e-02
1.299280000000000053e-02
1.020869999999999937e-02
8.061840000000000672e-03
7.888370000000000451e-03
6.501050000000000405e-03
5.386219999999999723e-03
6.940660000000000406e-03
8.106149999999999467e-03
9.279559999999999198e-03
8.575690000000000396e-03
6.612879999999999800e-03
2.654010000000000050e-03
-3.496860000000000072e-03
-9.729170000000000526e-03
-1.502279999999999935e-02
-1.834519999999999901e-02
-1.864499999999999838e-02
-1.545470000000000003e-02
-8.931710000000000690e-03
-1.617879999999999926e-03
5.036299999999999631e-03
1.071830000000000005e-02
1.260730000000000010e-02
1.164719999999999991e-02
8.840640000000000304e-03
2.501059999999999828e-03
-1.807800000000000032e-03
-3.889600000000000002e-03
-5.787579999999999635e-03
-6.904129999999999642e-03
-9.011260000000000103e-03
-1.011620000000000054e-02
-9.943659999999999999e-03
-7.566289999999999821e-03
-4.924470000000000236e-03
-3.616419999999999964e-03
-4.533520000000000084e-03
-7.248550000000000305e-03
-9.538929999999999285e-03
-1.070289999999999957e-02
-1.087429999999999994e-02
-1.138370000000000007e-02
-1.148990000000000081e-02
-1.233719999999999956e-02
-1.194180000000000068e-02
-9.670720000000000705e-03
-7.180060000000000262e-03
-6.469940000000000413e-03
-7.334850000000000397e-03
-8.283409999999999732e-03
-7.812909999999999300e-03
-4.644790000000000203e-03
-1.555919999999999970e-04
3.797989999999999786e-03
5.627929999999999738e-03
5.988160000000000184e-03
5.766020000000000173e-03
4.265149999999999671e-03
1.994969999999999990e-03
2.498670000000000253e-04
-2.192139999999999920e-04
3.324189999999999762e-04
1.395339999999999905e-03
2.663309999999999896e-03
3.423990000000000020e-03
2.496030000000000210e-03
5.494280000000000257e-04
-9.400720000000000213e-04
-1.254219999999999901e-03
-1.223260000000000102e-03
-7.918099999999999965e-04
1.716719999999999921e-04
1.028730000000000052e-03
2.002110000000000088e-03
2.988750000000000087e-03
3.947410000000000155e-03
4.724169999999999758e-03
5.306950000000000382e-03
5.216900000000000009e-03
4.982140000000000353e-03
4.326209999999999604e-03
3.813340000000000132e-03
3.319129999999999997e-03
2.848160000000000188e-03
2.679040000000000154e-03
2.714729999999999834e-03
2.849360000000000000e-03
2.581060000000000038e-03
2.380779999999999876e-03
2.029669999999999912e-03
1.346739999999999916e-03
5.533369999999999912e-04
-2.199679999999999919e-05
-3.466760000000000262e-04
-3.213280000000000108e-04
-2.048840000000000123e-04
-3.833970000000000021e-04
-3.906059999999999936e-04
-4.182160000000000087e-04
-5.053689999999999788e-04
-5.772369999999999758e-04
-5.933579999999999931e-04
-5.392580000000000333e-04
-4.734370000000000006e-04
-4.203400000000000040e-04
-6.805340000000000000e-04
-9.649590000000000424e-04
-1.258519999999999951e-03
-1.601599999999999899e-03
-1.678430000000000069e-03
-1.644789999999999924e-03
-1.411780000000000066e-03
-1.077739999999999991e-03
-8.227259999999999695e-04
-5.652650000000000166e-04
-3.040590000000000241e-04
1.240939999999999947e-04
5.083439999999999834e-04
8.958329999999999592e-04
1.316410000000000063e-03
1.630989999999999914e-03
1.820039999999999982e-03
1.805860000000000061e-03
1.760379999999999974e-03
1.634299999999999989e-03
1.446989999999999995e-03
1.249050000000000030e-03
1.059779999999999967e-03
9.348130000000000502e-04
8.525409999999999542e-04
7.622800000000000539e-04
7.015650000000000228e-04
6.538720000000000036e-04
5.875630000000000392e-04
5.197659999999999563e-04
4.492450000000000263e-04
3.913990000000000112e-04
3.329860000000000133e-04
2.735829999999999859e-04
2.086339999999999950e-04
1.386430000000000073e-04
6.515840000000000282e-05
-1.060920000000000000e-05
-8.254950000000000644e-05
-1.420620000000000097e-04
-1.822530000000000048e-04
-2.000209999999999879e-04
