1.483909999999999960e-03
1.865160000000000038e-03
2.119949999999999786e-03
1.890490000000000096e-03
1.962690000000000008e-03
1.874800000000000034e-03
1.955140000000000176e-03
2.567230000000000206e-03
3.346469999999999827e-03
3.733950000000000203e-03
3.556790000000000212e-03
2.053970000000000014e-03
-2.683319999999999781e-04
-1.277820000000000041e-03
-7.217880000000000086e-04
6.277309999999999704e-04
3.310290000000000021e-03
5.844450000000000166e-03
4.963750000000000280e-03
2.764940000000000019e-03
1.905259999999999983e-03
2.580269999999999959e-03
5.254260000000000180e-03
7.409660000000000205e-03
6.622710000000000402e-03
3.433049999999999990e-03
-1.239220000000000078e-03
-8.654139999999999402e-03
-1.470950000000000035e-02
-1.156229999999999931e-02
-3.716300000000000072e-03
1.146260000000000074e-03
2.610499999999999973e-03
8.188219999999999743e-04
-2.090009999999999785e-03
-1.069620000000000076e-03
5.755350000000000223e-03
1.335300000000000029e-02
1.188990000000000012e-02
1.102050000000000035e-03
-6.329000000000000424e-03
-6.480889999999999568e-03
-2.034030000000000039e-03
2.833959999999999951e-03
-1.916930000000000066e-03
-1.181409999999999925e-02
-1.576850000000000127e-02
-1.499419999999999920e-02
-1.107600000000000078e-02
-7.238539999999999905e-03
-6.843300000000000077e-03
-7.180759999999999574e-03
-5.775200000000000299e-03
-1.212860000000000067e-03
3.614459999999999895e-03
4.360740000000000102e-03
-1.046899999999999914e-03
-8.564379999999999910e-03
-6.298129999999999874e-03
4.671230000000000174e-03
1.121079999999999993e-02
1.268539999999999945e-02
1.031669999999999983e-02
3.775680000000000008e-03
6.395419999999999968e-04
-1.701400000000000048e-03
-7.018500000000000433e-03
-7.417720000000000043e-03
-4.105759999999999965e-03
-4.155029999999999661e-03
-3.491109999999999960e-03
7.908050000000000019e-04
-1.751890000000000088e-03
-1.385789999999999939e-02
-2.159120000000000136e-02
-1.680119999999999877e-02
-7.280629999999999741e-03
-2.382219999999999997e-03
2.127350000000000074e-03
8.663429999999999742e-03
1.146559999999999940e-02
1.180980000000000051e-02
1.320179999999999965e-02
1.211279999999999996e-02
7.305220000000000290e-03
4.454940000000000115e-03
3.737480000000000056e-03
4.170769999999999859e-03
7.925780000000000325e-03
1.077189999999999918e-02
6.263089999999999803e-03
-3.087840000000000116e-03
-9.745310000000000084e-03
-4.146989999999999704e-03
1.252660000000000058e-02
2.358539999999999942e-02
1.710630000000000137e-02
-2.192009999999999879e-03
-1.248930000000000005e-02
-1.608980000000000132e-02
-2.326040000000000052e-02
-1.693189999999999973e-02
-5.897809999999999858e-03
-7.801620000000000429e-03
-1.360270000000000055e-02
-1.390549999999999946e-02
2.097369999999999877e-03
2.381799999999999889e-02
3.291970000000000313e-02
4.064059999999999895e-02
3.812290000000000123e-02
2.107660000000000089e-02
1.247859999999999941e-02
6.303060000000000086e-03
1.562550000000000007e-04
6.291429999999999766e-03
1.591530000000000028e-02
2.127920000000000159e-02
2.265170000000000031e-02
1.340170000000000076e-02
9.424960000000000239e-04
-3.495519999999999790e-03
-8.447059999999999291e-03
-1.750089999999999979e-02
-1.590159999999999837e-02
8.254339999999999984e-05
9.955880000000000285e-03
1.499499999999999965e-02
2.201039999999999941e-02
1.419929999999999977e-02
7.671060000000000378e-04
-3.282240000000000071e-03
-4.401089999999999863e-03
-2.759880000000000146e-03
-2.191910000000000039e-03
-2.766900000000000089e-03
-2.905370000000000001e-03
-1.686050000000000049e-02
-4.074939999999999812e-02
-5.104390000000000316e-02
-4.905140000000000194e-02
-4.537800000000000167e-02
-3.901290000000000313e-02
-3.145730000000000054e-02
-1.674410000000000134e-02
-4.316180000000000190e-03
-5.435549999999999930e-03
6.225879999999999609e-03
3.475770000000000248e-02
5.084290000000000337e-02
5.425529999999999936e-02
5.540169999999999817e-02
5.468920000000000031e-02
5.699420000000000180e-02
6.055359999999999909e-02
6.664530000000000454e-02
6.258310000000000262e-02
3.831989999999999702e-02
4.259449999999999695e-03
-5.894119999999999915e-02
-1.174520000000000008e-01
-1.091189999999999938e-01
-7.683389999999999664e-02
-5.951349999999999696e-02
-1.908479999999999899e-02
4.894609999999999933e-02
8.230320000000000691e-02
6.517910000000000370e-02
4.555229999999999696e-02
3.768719999999999709e-02
2.596429999999999919e-02
2.280199999999999935e-02
3.818339999999999929e-02
3.688929999999999987e-02
7.383699999999999986e-03
-1.462229999999999953e-02
-2.127120000000000052e-02
-1.591959999999999903e-02
9.367820000000000660e-03
4.971190000000000331e-02
8.819720000000000337e-02
7.965859999999999608e-02
2.566720000000000113e-02
-6.253229999999999900e-02
-1.741790000000000005e-01
-1.711239999999999983e-01
-7.617930000000000534e-02
-3.818409999999999860e-02
3.319470000000000146e-03
5.745190000000000019e-02
4.111200000000000271e-02
-3.361640000000000158e-04
-6.456540000000000196e-03
1.034939999999999992e-02
3.561260000000000120e-02
5.526679999999999787e-02
5.888789999999999997e-02
4.036769999999999942e-02
4.721549999999999706e-03
-1.837130000000000013e-02
-3.207920000000000216e-02
-2.711360000000000159e-02
-4.028050000000000033e-03
-1.153059999999999968e-04
-5.544840000000000532e-04
8.087890000000000357e-03
1.065660000000000045e-02
8.215709999999999983e-04
-2.632069999999999896e-02
-5.725800000000000334e-02
-7.613979999999999360e-02
-8.590540000000000675e-02
-7.557039999999999591e-02
-4.567210000000000020e-02
-1.240999999999999916e-02
4.384119999999999684e-02
1.055419999999999969e-01
9.765530000000000044e-02
2.049590000000000092e-02
-6.374670000000000336e-02
-1.108340000000000020e-01
-1.050330000000000014e-01
-8.381420000000000536e-02
-7.221959999999999491e-02
-6.321319999999999717e-02
-3.141340000000000104e-02
7.609839999999999660e-03
-5.851050000000000001e-03
-3.269770000000000315e-02
-3.073019999999999918e-02
-3.523769999999999680e-02
-2.642219999999999985e-02
1.185639999999999958e-02
3.423289999999999667e-02
5.225910000000000277e-02
7.855600000000000083e-02
8.574060000000000015e-02
8.677849999999999453e-02
9.430679999999999619e-02
9.674800000000000066e-02
9.364029999999999576e-02
9.212309999999999943e-02
8.049249999999999461e-02
3.802699999999999830e-02
-2.477870000000000072e-02
-8.663619999999999655e-02
-1.035879999999999995e-01
-6.584310000000000163e-02
-5.113229999999999859e-02
-5.164239999999999803e-02
-2.925989999999999841e-02
-4.592260000000000092e-02
-8.500059999999999560e-02
-8.810610000000000663e-02
-7.391630000000000422e-02
-5.558219999999999827e-02
-2.959499999999999978e-02
1.563919999999999894e-02
4.354569999999999969e-02
3.203870000000000329e-02
2.956140000000000156e-02
2.836779999999999857e-02
2.134099999999999886e-02
3.316650000000000154e-02
4.871890000000000248e-02
5.429250000000000048e-02
5.403870000000000201e-02
4.085629999999999817e-02
1.875030000000000099e-02
9.929989999999999650e-03
2.741330000000000156e-02
4.838080000000000158e-02
5.283510000000000290e-02
5.144200000000000161e-02
-3.592499999999999860e-02
-1.624909999999999966e-01
-1.631239999999999912e-01
-1.477249999999999952e-01
-1.696719999999999895e-01
-1.436820000000000042e-01
-9.887289999999999968e-02
-3.165230000000000127e-02
6.445120000000000016e-02
1.426389999999999880e-01
1.680909999999999904e-01
1.408379999999999910e-01
9.694160000000000277e-02
6.355239999999999501e-02
-3.522200000000000070e-03
-5.797089999999999882e-02
-1.463090000000000050e-02
2.682009999999999950e-02
2.973369999999999833e-02
2.973970000000000086e-02
2.158590000000000161e-03
-3.142749999999999710e-02
-5.682559999999999695e-02
-6.220669999999999672e-02
-4.230369999999999964e-02
-3.124800000000000147e-02
-2.533279999999999907e-02
-1.421779999999999919e-02
-1.634789999999999854e-02
-2.229889999999999997e-02
-1.478130000000000069e-02
1.725989999999999946e-03
2.479620000000000088e-02
4.997150000000000203e-02
6.897330000000000128e-02
7.221110000000000029e-02
4.560109999999999858e-02
-2.535710000000000047e-02
-9.623239999999999572e-02
-8.814120000000000288e-02
-2.214419999999999930e-02
4.384709999999999996e-02
9.462199999999999778e-02
1.212649999999999978e-01
1.235009999999999997e-01
1.047639999999999960e-01
5.835859999999999659e-02
-3.526819999999999955e-02
-1.069110000000000060e-01
-1.004889999999999950e-01
-8.961550000000000071e-02
-7.023390000000000188e-02
-1.789589999999999931e-02
6.725980000000000326e-03
-6.336379999999999964e-03
-1.851859999999999964e-02
-3.259050000000000141e-02
-5.438230000000000147e-02
-6.066509999999999958e-02
-4.588500000000000217e-02
-3.068929999999999922e-02
-9.404010000000000841e-03
3.018240000000000159e-02
4.391210000000000252e-02
3.119749999999999954e-02
4.367109999999999742e-02
6.756370000000000431e-02
5.520039999999999669e-02
1.815920000000000034e-02
-1.532140000000000064e-02
-6.504459999999999409e-02
-1.067099999999999993e-01
-9.146239999999999926e-02
-5.652510000000000173e-02
-4.234630000000000338e-02
-2.118590000000000056e-02
1.897969999999999866e-02
6.257640000000000424e-02
9.720800000000000274e-02
1.037180000000000046e-01
9.057070000000000398e-02
7.750980000000000369e-02
7.141229999999999800e-02
5.116710000000000008e-02
-4.149420000000000018e-03
-3.887020000000000058e-02
-3.265850000000000003e-02
-3.374089999999999728e-02
-2.417129999999999973e-02
2.950100000000000205e-03
1.604859999999999967e-02
3.396090000000000220e-02
6.597409999999999386e-02
8.835010000000000085e-02
7.205860000000000043e-02
2.936870000000000105e-02
2.840849999999999799e-03
-3.588800000000000323e-02
-7.751260000000000094e-02
-6.876820000000000155e-02
-4.860980000000000162e-02
-4.423540000000000111e-02
-3.759629999999999916e-02
-1.993479999999999905e-02
1.702029999999999862e-02
4.543409999999999810e-02
4.329689999999999928e-02
3.485259999999999747e-02
2.661789999999999989e-02
1.746930000000000011e-02
1.269469999999999973e-02
1.257720000000000019e-02
3.446760000000000101e-03
-3.381039999999999740e-02
-6.974750000000000394e-02
-8.167670000000000485e-02
-7.299039999999999695e-02
-5.491820000000000035e-02
-1.609189999999999926e-02
5.723709999999999909e-02
7.590900000000000425e-02
2.123099999999999987e-02
-1.246680000000000010e-02
-4.530929999999999680e-02
-1.152770000000000045e-01
-1.347609999999999919e-01
-9.059999999999999998e-02
-6.635670000000000457e-02
-5.496670000000000028e-02
-6.366029999999999953e-03
3.609459999999999752e-02
7.593449999999999853e-03
-4.236659999999999732e-02
-7.379009999999999736e-02
-1.019690000000000041e-01
-9.117840000000000666e-02
-3.934440000000000159e-02
4.126870000000000364e-03
6.692009999999999625e-02
1.418329999999999869e-01
1.471679999999999933e-01
1.135170000000000068e-01
1.019869999999999943e-01
7.038110000000000199e-02
-1.609199999999999867e-02
-1.016569999999999974e-01
-1.368389999999999884e-01
-1.434709999999999874e-01
-1.493180000000000063e-01
-1.394920000000000049e-01
-1.192269999999999996e-01
-1.087970000000000048e-01
-8.157509999999999761e-02
-4.176549999999999707e-02
-2.300069999999999892e-02
-1.402480000000000046e-02
-6.559360000000000190e-03
-5.779049999999999986e-03
3.153219999999999981e-03
2.143609999999999960e-02
3.838500000000000245e-02
6.211570000000000286e-02
9.094919999999999394e-02
1.028970000000000024e-01
9.012430000000000441e-02
7.751959999999999407e-02
7.987760000000000693e-02
7.699649999999999550e-02
6.762060000000000293e-02
6.448579999999999590e-02
6.427389999999999493e-02
6.158600000000000185e-02
4.367270000000000180e-02
1.620640000000000015e-03
-2.397820000000000160e-02
2.044320000000000078e-03
3.258930000000000160e-02
5.442330000000000084e-02
1.051839999999999997e-01
1.437809999999999921e-01
1.397710000000000063e-01
1.223609999999999975e-01
1.064549999999999941e-01
8.407180000000000208e-02
4.106250000000000178e-02
1.688109999999999958e-02
2.724930000000000060e-02
2.067630000000000162e-02
-9.556429999999999439e-03
-3.158749999999999752e-02
-3.819960000000000022e-02
-4.669580000000000258e-02
-5.115719999999999990e-02
-3.862129999999999730e-02
-3.613750000000000295e-02
-7.002060000000000228e-02
-1.150800000000000017e-01
-1.350139999999999951e-01
-1.466610000000000136e-01
-1.399080000000000046e-01
-9.935610000000000275e-02
-6.521870000000000445e-02
1.358110000000000046e-02
8.867609999999999382e-02
2.843029999999999863e-02
-2.830859999999999974e-02
-1.458259999999999938e-02
-2.225119999999999876e-02
-1.018469999999999966e-02
1.870780000000000012e-02
2.360980000000000023e-02
3.082069999999999949e-02
4.083719999999999711e-02
4.779640000000000277e-02
4.896940000000000320e-02
3.397469999999999657e-02
1.977119999999999919e-02
2.591960000000000097e-02
5.092959999999999848e-02
6.815849999999999687e-02
4.750839999999999924e-02
1.041540000000000087e-03
-6.719229999999999647e-02
-1.146230000000000027e-01
-7.653699999999999393e-02
-1.775140000000000051e-02
1.724169999999999869e-02
3.431689999999999741e-02
2.087419999999999901e-02
1.240669999999999967e-02
1.701880000000000059e-02
2.230060000000000028e-02
3.175359999999999988e-02
2.721869999999999845e-02
9.189610000000000833e-03
-3.499469999999999751e-04
-4.558429999999999600e-03
-8.446959999999999885e-03
-2.077900000000000146e-03
1.098060000000000008e-02
2.257740000000000094e-02
3.011660000000000031e-02
1.986330000000000040e-02
-4.822739999999999840e-03
-3.061689999999999898e-02
-5.908089999999999870e-02
-6.781850000000000378e-02
-4.025089999999999918e-02
-4.578809999999999998e-03
2.295200000000000018e-02
4.497509999999999702e-02
3.347929999999999656e-02
-1.815270000000000078e-02
-6.283249999999999946e-02
-7.994850000000000567e-02
-7.331409999999999316e-02
-3.519420000000000187e-02
1.846739999999999840e-02
5.165129999999999721e-02
5.622789999999999733e-02
1.725959999999999994e-02
-5.462650000000000144e-02
-8.306510000000000282e-02
-6.196129999999999693e-02
-3.564930000000000182e-02
3.078169999999999865e-02
1.256909999999999972e-01
1.551269999999999871e-01
1.258759999999999879e-01
9.704999999999999738e-02
3.539130000000000054e-02
-5.315349999999999936e-02
-3.437640000000000140e-02
4.218720000000000109e-02
5.775659999999999822e-02
8.847280000000000422e-02
1.394100000000000061e-01
1.458780000000000077e-01
1.219790000000000041e-01
1.028830000000000022e-01
8.473930000000000351e-02
5.070539999999999770e-02
1.022769999999999929e-02
-2.615970000000000101e-02
-4.812539999999999873e-02
-6.023880000000000207e-02
-5.948710000000000109e-02
-3.369509999999999866e-02
-8.543409999999999546e-03
1.137349999999999993e-02
4.071990000000000332e-02
6.911409999999999776e-02
7.585050000000000125e-02
4.245070000000000093e-02
6.218099999999999843e-03
-7.730080000000000284e-03
-4.496660000000000240e-02
-8.446720000000000617e-02
-7.999530000000000529e-02
-8.185309999999999808e-02
-9.496490000000000486e-02
-7.303429999999999644e-02
-5.117560000000000164e-02
-3.129509999999999931e-02
5.208730000000000304e-02
1.222179999999999933e-01
8.392380000000000673e-02
4.480239999999999917e-02
3.789739999999999776e-02
-1.195200000000000082e-02
-5.228730000000000183e-02
-5.168260000000000215e-02
-3.959929999999999700e-02
-7.616060000000000017e-03
1.794039999999999871e-02
3.317640000000000172e-02
6.022650000000000226e-02
7.293959999999999333e-02
6.060030000000000278e-02
4.284759999999999958e-02
3.269360000000000321e-02
2.377330000000000068e-02
3.099680000000000057e-03
-3.001780000000000073e-02
-5.570019999999999832e-02
-6.318219999999999392e-02
-5.931199999999999667e-02
-4.075840000000000019e-02
-1.986129999999999840e-02
-1.094490000000000046e-02
1.605649999999999916e-03
1.043400000000000057e-02
-7.319680000000000283e-03
-2.795189999999999828e-02
-2.985399999999999859e-02
-3.013630000000000128e-02
-2.503259999999999860e-02
-6.610689999999999795e-03
8.094399999999999859e-03
1.986189999999999831e-02
3.019020000000000037e-02
2.217830000000000149e-02
1.040020000000000007e-03
-1.148129999999999984e-02
-2.027570000000000067e-02
-3.126759999999999956e-02
-2.106550000000000089e-02
7.245869999999999742e-03
3.930829999999999741e-02
8.432030000000000081e-02
1.119629999999999931e-01
1.053160000000000068e-01
9.458450000000000191e-02
8.687490000000000490e-02
7.319779999999999343e-02
4.900700000000000195e-02
1.256670000000000009e-02
-5.961720000000000214e-02
-1.291180000000000105e-01
-1.324829999999999897e-01
-1.250050000000000050e-01
-1.206109999999999960e-01
-8.939700000000000424e-02
-5.458040000000000114e-02
-1.180319999999999980e-02
2.365449999999999844e-02
3.109970000000000095e-02
3.597659999999999747e-02
3.836989999999999845e-02
2.904009999999999925e-02
3.464840000000000281e-02
5.529030000000000056e-02
6.453309999999999602e-02
6.307740000000000569e-02
5.428870000000000223e-02
4.215470000000000328e-02
4.036180000000000323e-02
4.749930000000000124e-02
5.606030000000000041e-02
4.766039999999999860e-02
1.756119999999999903e-02
-3.642740000000000214e-03
-1.982839999999999950e-02
-4.228740000000000276e-02
-2.964860000000000065e-02
1.583760000000000029e-02
6.239820000000000089e-02
9.702950000000000463e-02
8.713490000000000124e-02
6.294950000000000545e-02
6.237979999999999914e-02
5.616560000000000302e-02
4.730089999999999989e-02
5.327690000000000203e-02
4.766979999999999829e-02
2.242250000000000146e-02
5.569389999999999584e-03
-1.225030000000000042e-02
-4.220489999999999658e-02
-5.429780000000000023e-02
-4.110409999999999758e-02
-2.432259999999999978e-02
-1.791979999999999962e-02
-1.236469999999999930e-02
-6.734450000000000332e-03
-1.687970000000000095e-02
-2.918099999999999861e-02
-3.272160000000000346e-02
-4.405919999999999975e-02
-6.152139999999999692e-02
-7.505159999999999609e-02
-8.932389999999999775e-02
-1.055819999999999953e-01
-1.089090000000000058e-01
-8.644100000000000394e-02
-6.254400000000000237e-02
-5.498349999999999765e-02
-4.965519999999999656e-02
-5.251410000000000106e-02
-6.392680000000000584e-02
-6.533400000000000318e-02
-5.482999999999999680e-02
-3.987500000000000072e-02
-2.581610000000000155e-02
-1.542149999999999944e-02
-2.800530000000000033e-02
-5.439569999999999822e-02
-6.114900000000000196e-02
-5.714650000000000285e-02
-4.464080000000000131e-02
-1.424669999999999929e-02
1.729910000000000128e-02
3.810199999999999698e-02
5.841949999999999921e-02
7.529410000000000269e-02
8.200830000000000619e-02
9.150070000000000425e-02
1.035940000000000055e-01
1.097589999999999955e-01
1.143290000000000001e-01
1.138620000000000049e-01
1.020250000000000046e-01
7.781689999999999441e-02
4.070499999999999813e-02
2.048389999999999933e-02
2.235950000000000090e-02
1.783859999999999960e-02
1.681279999999999927e-02
2.104949999999999877e-02
9.302879999999999483e-03
-1.258030000000000086e-02
-3.233230000000000132e-02
-5.483670000000000211e-02
-6.985030000000000405e-02
-7.654650000000000343e-02
-8.513110000000000122e-02
-8.008800000000000641e-02
-7.122480000000000477e-02
-7.479669999999999375e-02
-7.432160000000000155e-02
-7.074539999999999995e-02
-7.366340000000000388e-02
-7.033630000000000437e-02
-5.546929999999999916e-02
-3.585750000000000048e-02
-1.022699999999999998e-02
2.013639999999999874e-02
4.107519999999999921e-02
4.803029999999999800e-02
4.154259999999999897e-02
2.009779999999999900e-02
-2.745379999999999956e-03
-2.400969999999999840e-02
-3.642290000000000111e-02
-3.684810000000000169e-02
-3.873069999999999985e-02
-3.777380000000000321e-02
-4.250729999999999786e-02
-5.689580000000000332e-02
-6.391600000000000059e-02
-6.708210000000000561e-02
-7.592540000000000400e-02
-7.552770000000000317e-02
-6.137419999999999681e-02
-4.785079999999999889e-02
-1.929629999999999887e-02
2.320550000000000043e-02
4.044249999999999928e-02
3.309779999999999667e-02
1.864909999999999832e-02
-3.364740000000000179e-04
-1.331139999999999927e-02
-2.301490000000000133e-02
-2.783309999999999951e-02
-2.430039999999999978e-02
-2.943459999999999827e-02
-4.152310000000000029e-02
-5.039509999999999823e-02
-4.791970000000000257e-02
-2.767309999999999909e-02
-1.179460000000000057e-02
-5.926240000000000153e-03
5.108409999999999861e-03
9.575689999999999549e-03
5.136599999999999847e-03
8.120769999999999378e-03
1.398729999999999939e-02
1.402409999999999941e-02
9.293410000000000212e-03
2.552089999999999914e-03
-1.226220000000000088e-03
-4.828700000000000006e-03
-5.210649999999999830e-03
2.934280000000000048e-03
8.078949999999999673e-03
9.875510000000000538e-03
2.081010000000000151e-02
2.999920000000000017e-02
2.806410000000000154e-02
2.800889999999999977e-02
2.619519999999999835e-02
1.686160000000000089e-02
4.812290000000000317e-03
-8.905909999999999521e-03
-1.512630000000000051e-02
-1.436839999999999992e-02
-1.849769999999999887e-02
-1.980000000000000163e-02
-9.033289999999999376e-03
2.945229999999999853e-04
4.059939999999999730e-03
7.401979999999999844e-03
-6.318460000000000352e-04
-1.521579999999999981e-02
-2.429829999999999837e-02
-3.223720000000000058e-02
-3.683410000000000156e-02
-3.599279999999999841e-02
-3.059600000000000167e-02
-2.354559999999999986e-02
-2.287880000000000122e-02
-2.576569999999999902e-02
-1.825950000000000142e-02
-3.330870000000000098e-03
8.595449999999999272e-03
2.665150000000000158e-02
4.289590000000000070e-02
4.419170000000000043e-02
4.096480000000000260e-02
3.560100000000000070e-02
2.998639999999999986e-02
2.617270000000000013e-02
2.586930000000000132e-02
3.300020000000000037e-02
4.112489999999999896e-02
3.866080000000000211e-02
2.195429999999999951e-02
8.333979999999999513e-03
-1.320930000000000021e-02
-4.089179999999999898e-02
-3.965710000000000068e-02
-3.299959999999999699e-02
-3.896700000000000164e-02
-3.852710000000000162e-02
-2.918779999999999986e-02
-1.007790000000000075e-02
1.306309999999999936e-02
2.342560000000000128e-02
2.249220000000000039e-02
1.721450000000000063e-02
9.957109999999999919e-03
5.751690000000000275e-03
2.203239999999999973e-03
5.001590000000000202e-03
1.420380000000000080e-02
1.956549999999999956e-02
2.796420000000000156e-02
3.829939999999999733e-02
4.103389999999999815e-02
3.768780000000000047e-02
2.824429999999999996e-02
1.463790000000000056e-02
2.157529999999999951e-03
-5.624289999999999672e-03
-3.232280000000000136e-03
6.415930000000000244e-03
9.469709999999999239e-03
9.007440000000000238e-03
1.100409999999999930e-02
6.447539999999999868e-03
-3.458539999999999857e-04
-3.295839999999999968e-03
-8.446479999999999266e-03
-1.319880000000000012e-02
-1.539759999999999913e-02
-1.503829999999999924e-02
-7.965450000000000655e-03
6.317270000000000047e-04
6.267390000000000287e-03
9.557509999999999964e-03
9.811139999999999445e-03
8.487639999999999421e-03
8.032670000000000435e-03
8.703360000000000263e-03
8.205850000000000644e-03
6.038670000000000322e-03
-1.263830000000000129e-04
-7.557050000000000052e-03
-7.030269999999999922e-03
-5.810440000000000049e-03
-1.061169999999999995e-02
-1.337129999999999916e-02
-1.183969999999999988e-02
-9.835399999999999351e-03
-9.744869999999999227e-03
-1.218789999999999978e-02
-1.608290000000000067e-02
-2.009079999999999894e-02
-2.508209999999999953e-02
-2.621679999999999844e-02
-2.021989999999999899e-02
-1.654430000000000137e-02
-1.619810000000000000e-02
-1.212519999999999917e-02
-4.762790000000000253e-03
5.602570000000000293e-03
1.516570000000000071e-02
1.681399999999999909e-02
1.995140000000000108e-02
3.205829999999999791e-02
4.241480000000000250e-02
4.984670000000000073e-02
5.472090000000000287e-02
5.072259999999999963e-02
3.527190000000000186e-02
8.533020000000000535e-03
-6.673410000000000279e-03
5.399160000000000070e-03
1.695230000000000001e-02
1.408850000000000033e-02
1.092450000000000018e-02
4.788129999999999817e-03
-6.990149999999999662e-03
-1.661009999999999917e-02
-1.918800000000000019e-02
-1.471989999999999930e-02
-1.218640000000000001e-02
-1.324819999999999991e-02
-1.262390000000000040e-02
-1.264949999999999929e-02
-1.089889999999999956e-02
-4.913800000000000286e-03
-1.790520000000000089e-03
-1.255110000000000036e-03
-5.368390000000000011e-04
-3.628670000000000073e-03
-7.987350000000000699e-03
-1.065029999999999970e-02
-1.453319999999999959e-02
-1.644460000000000019e-02
-1.142239999999999922e-02
-4.856339999999999789e-03
-1.252340000000000007e-03
2.939450000000000136e-03
5.830700000000000292e-03
3.410149999999999813e-03
-5.062839999999999658e-04
-1.812629999999999970e-03
-3.247700000000000066e-03
-6.092030000000000015e-03
-7.915909999999999960e-03
-8.925600000000000547e-03
-1.065579999999999999e-02
-1.379900000000000050e-02
-1.700279999999999847e-02
-1.861530000000000129e-02
-1.988099999999999937e-02
-2.146160000000000082e-02
-2.299800000000000108e-02
-2.391530000000000045e-02
-2.101209999999999883e-02
-1.596169999999999881e-02
-1.106350000000000042e-02
-5.434500000000000094e-03
-4.799630000000000042e-03
-8.498210000000000833e-03
-1.046180000000000027e-02
-1.207199999999999940e-02
-1.458369999999999979e-02
-1.971339999999999898e-02
-2.520669999999999855e-02
-2.161640000000000089e-02
-1.335760000000000072e-02
-4.142039999999999611e-03
1.769849999999999896e-02
3.477149999999999685e-02
3.223550000000000026e-02
3.146920000000000273e-02
3.233439999999999925e-02
2.390520000000000145e-02
1.446880000000000041e-02
1.038080000000000079e-02
1.153990000000000050e-02
1.392499999999999988e-02
1.203820000000000064e-02
3.026329999999999819e-03
-9.986190000000000691e-03
-1.574019999999999933e-02
-1.629939999999999861e-02
-1.898029999999999856e-02
-1.772179999999999936e-02
-1.538190000000000043e-02
-1.838060000000000041e-02
-2.212770000000000015e-02
-2.380000000000000171e-02
-1.959970000000000115e-02
-1.028650000000000050e-02
4.098410000000000247e-03
2.386910000000000073e-02
3.013789999999999872e-02
3.017819999999999878e-02
3.834280000000000327e-02
3.913470000000000143e-02
3.558569999999999789e-02
4.052259999999999890e-02
4.992080000000000128e-02
5.716659999999999797e-02
6.093980000000000230e-02
5.759910000000000030e-02
4.787419999999999870e-02
3.430430000000000285e-02
1.664670000000000039e-02
9.638439999999999855e-03
1.598310000000000008e-02
2.195269999999999860e-02
2.495829999999999924e-02
2.358139999999999889e-02
1.917459999999999998e-02
1.204189999999999948e-02
-1.162550000000000042e-03
-1.232010000000000050e-02
-1.411530000000000076e-02
-1.385620000000000081e-02
-1.760679999999999884e-02
-2.023729999999999973e-02
-1.768250000000000030e-02
-1.464060000000000014e-02
-1.280440000000000050e-02
-7.951760000000000425e-03
-2.194000000000000204e-03
2.547869999999999822e-03
1.172270000000000083e-02
2.201929999999999860e-02
2.294689999999999924e-02
1.860090000000000007e-02
1.690629999999999911e-02
1.575539999999999927e-02
1.388969999999999962e-02
1.517130000000000041e-02
1.955760000000000137e-02
2.234010000000000162e-02
2.234219999999999956e-02
1.993699999999999986e-02
1.118650000000000026e-02
-3.100819999999999792e-03
-8.830209999999999795e-03
-3.158549999999999986e-03
2.839040000000000140e-03
8.374289999999999512e-03
1.611129999999999854e-02
1.877409999999999843e-02
1.510979999999999962e-02
1.676069999999999990e-02
2.283579999999999985e-02
2.515780000000000100e-02
2.472219999999999973e-02
2.287840000000000013e-02
1.252709999999999935e-02
-1.527799999999999948e-03
-6.015900000000000240e-03
-8.211500000000000049e-03
-9.659080000000000443e-03
-1.191270000000000003e-02
-2.568509999999999890e-02
-4.051049999999999790e-02
-4.208379999999999760e-02
-2.896270000000000094e-02
-1.389890000000000049e-02
-4.144150000000000091e-03
6.737729999999999934e-03
1.394390000000000039e-02
1.528239999999999980e-02
1.442970000000000017e-02
1.455249999999999946e-02
1.682559999999999958e-02
1.011450000000000023e-02
-1.295939999999999939e-02
-3.557720000000000327e-02
-4.037990000000000329e-02
-2.988729999999999859e-02
-1.297109999999999930e-02
2.563819999999999858e-04
5.218869999999999586e-03
6.246080000000000208e-03
8.581490000000000645e-03
8.179070000000000090e-03
5.330470000000000347e-03
6.597490000000000125e-03
7.496970000000000370e-03
5.543840000000000399e-03
2.884260000000000036e-03
-2.376059999999999880e-04
7.774680000000000176e-04
8.864300000000000304e-03
1.382959999999999919e-02
1.083339999999999997e-02
9.953480000000000660e-03
1.073700000000000002e-02
8.013589999999999255e-03
8.300480000000000705e-03
1.491819999999999952e-02
2.061959999999999835e-02
2.519810000000000105e-02
3.075189999999999868e-02
3.262860000000000066e-02
3.360520000000000174e-02
3.633650000000000074e-02
3.762540000000000329e-02
3.811420000000000086e-02
3.874129999999999935e-02
3.627819999999999656e-02
3.152309999999999834e-02
2.403599999999999834e-02
9.254119999999999360e-03
-4.325660000000000052e-04
2.019089999999999861e-03
4.472889999999999793e-05
-4.297109999999999819e-03
7.981130000000000342e-04
8.993440000000000115e-03
1.684530000000000055e-02
2.179520000000000068e-02
1.802329999999999904e-02
1.242279999999999947e-02
1.080139999999999920e-02
7.610600000000000351e-03
5.942310000000000127e-03
1.230260000000000034e-02
1.881729999999999861e-02
2.086769999999999944e-02
2.018119999999999983e-02
1.152830000000000001e-02
-1.411900000000000004e-03
-8.259719999999999909e-03
-9.711829999999999422e-03
-1.053070000000000048e-02
-1.064619999999999976e-02
-1.789069999999999896e-02
-3.202279999999999710e-02
-3.514910000000000256e-02
-3.452800000000000313e-02
-4.086469999999999686e-02
-4.134899999999999687e-02
-3.545109999999999928e-02
-3.114180000000000073e-02
-2.740000000000000074e-02
-2.423109999999999847e-02
-2.308970000000000120e-02
-2.305750000000000161e-02
-2.496519999999999989e-02
-2.978269999999999876e-02
-3.754890000000000311e-02
-4.496619999999999784e-02
-4.766920000000000185e-02
-4.925580000000000236e-02
-4.987779999999999991e-02
-4.685679999999999706e-02
-4.448930000000000246e-02
-4.297730000000000300e-02
-4.061279999999999751e-02
-3.872230000000000116e-02
-3.673570000000000307e-02
-3.225159999999999832e-02
-2.571489999999999887e-02
-2.282150000000000151e-02
-2.251850000000000032e-02
-2.218089999999999992e-02
-2.565570000000000003e-02
-3.061449999999999935e-02
-3.528599999999999792e-02
-3.377009999999999734e-02
-2.333729999999999832e-02
-1.889530000000000029e-02
-1.931949999999999987e-02
-1.860819999999999835e-02
-2.418839999999999879e-02
-3.126969999999999750e-02
-3.430090000000000222e-02
-3.435590000000000171e-02
-2.922349999999999948e-02
-2.154460000000000056e-02
-1.516649999999999943e-02
-1.108469999999999941e-02
-9.934180000000000788e-03
-1.234790000000000020e-02
-1.655010000000000162e-02
-1.915620000000000170e-02
-2.290060000000000012e-02
-2.601420000000000121e-02
-2.361780000000000129e-02
-2.063250000000000153e-02
-2.035460000000000047e-02
-1.897429999999999950e-02
-1.536460000000000083e-02
-1.187200000000000061e-02
-9.733320000000000166e-03
-8.039920000000000747e-03
-5.383889999999999683e-03
-2.197610000000000015e-03
-1.180110000000000057e-04
6.477269999999999599e-04
1.845410000000000019e-03
3.309959999999999812e-03
4.107330000000000182e-03
3.461849999999999823e-03
3.048009999999999977e-04
-3.160340000000000198e-03
-5.012919999999999703e-03
-6.241589999999999985e-03
-4.641870000000000197e-03
1.257770000000000069e-03
6.676009999999999583e-03
1.202800000000000050e-02
1.981509999999999869e-02
2.407959999999999962e-02
2.425129999999999994e-02
2.658599999999999852e-02
3.005980000000000110e-02
3.081739999999999827e-02
2.864749999999999935e-02
2.659689999999999971e-02
2.559540000000000079e-02
2.421699999999999894e-02
2.472420000000000173e-02
2.601519999999999874e-02
2.633889999999999842e-02
2.808710000000000026e-02
3.008349999999999913e-02
2.996199999999999905e-02
2.603070000000000037e-02
1.637080000000000132e-02
7.128309999999999681e-03
5.611170000000000394e-03
7.790479999999999801e-03
8.563160000000000216e-03
8.262429999999999428e-03
8.934980000000000352e-03
1.008299999999999995e-02
9.325079999999999480e-03
8.015339999999999271e-03
8.140200000000000213e-03
1.037970000000000038e-02
1.370640000000000053e-02
1.551010000000000062e-02
1.729649999999999938e-02
1.976210000000000119e-02
1.794110000000000149e-02
1.376340000000000029e-02
9.343539999999999138e-03
-6.701320000000000410e-04
-8.851259999999999684e-03
-1.147549999999999959e-02
-1.727530000000000038e-02
-2.235229999999999856e-02
-2.506819999999999882e-02
-2.502230000000000079e-02
-1.783670000000000047e-02
-1.205859999999999918e-02
-6.246080000000000208e-03
1.583949999999999985e-03
2.064419999999999970e-03
3.370769999999999929e-03
1.217030000000000022e-02
2.077410000000000020e-02
2.680439999999999906e-02
3.122979999999999853e-02
3.383869999999999933e-02
3.691649999999999793e-02
4.009009999999999657e-02
4.029139999999999805e-02
3.920629999999999948e-02
3.959370000000000250e-02
4.033130000000000048e-02
4.042319999999999941e-02
4.068190000000000001e-02
4.050639999999999796e-02
3.767439999999999678e-02
3.290970000000000006e-02
2.798530000000000115e-02
2.656970000000000165e-02
3.297839999999999799e-02
3.939390000000000253e-02
4.159029999999999672e-02
4.295000000000000207e-02
3.930270000000000291e-02
3.046839999999999965e-02
1.904230000000000159e-02
1.056379999999999993e-02
7.853179999999999536e-03
1.844289999999999949e-03
-5.961840000000000368e-03
-8.371139999999999137e-03
-7.655109999999999693e-03
-7.435490000000000328e-03
-8.885769999999999433e-03
-1.231469999999999961e-02
-1.695450000000000082e-02
-1.974390000000000173e-02
-1.931170000000000109e-02
-1.589770000000000072e-02
-1.223400000000000008e-02
-1.118839999999999939e-02
-9.835959999999999495e-03
-8.610690000000000704e-03
-1.053879999999999921e-02
-1.225039999999999983e-02
-1.217640000000000042e-02
-1.180499999999999952e-02
-1.076889999999999965e-02
-1.013089999999999997e-02
-9.433550000000000615e-03
-6.356640000000000207e-03
3.564649999999999828e-04
8.982149999999999510e-03
1.713639999999999955e-02
2.663770000000000027e-02
2.869280000000000094e-02
2.025089999999999876e-02
1.725629999999999872e-02
1.482799999999999917e-02
5.548720000000000041e-03
1.626199999999999955e-03
2.131169999999999939e-03
5.849709999999999936e-04
-1.662029999999999942e-04
1.286950000000000030e-03
3.622789999999999865e-03
5.587950000000000382e-03
7.452099999999999697e-03
1.005540000000000080e-02
1.259419999999999984e-02
1.436469999999999934e-02
1.607640000000000111e-02
1.747759999999999939e-02
1.692190000000000014e-02
1.577819999999999917e-02
1.590060000000000084e-02
1.664409999999999848e-02
1.801770000000000108e-02
1.907249999999999918e-02
1.628459999999999977e-02
9.949879999999999489e-03
6.511750000000000394e-04
-1.488390000000000025e-02
-2.630050000000000096e-02
-2.502230000000000079e-02
-1.956899999999999959e-02
-1.297060000000000053e-02
-5.428800000000000119e-03
-8.938960000000000352e-04
1.015820000000000042e-04
-7.434909999999999870e-04
-2.175659999999999834e-03
-3.585440000000000068e-03
-5.649089999999999841e-03
-8.207539999999999281e-03
-1.050760000000000062e-02
-1.048280000000000045e-02
-6.085959999999999634e-03
-2.207499999999999827e-03
-2.723070000000000178e-03
-7.110290000000000013e-03
-1.440890000000000053e-02
-1.959949999999999887e-02
-2.134650000000000089e-02
-2.146959999999999841e-02
-1.869699999999999834e-02
-1.559190000000000055e-02
-1.468150000000000011e-02
-1.574949999999999961e-02
-1.893550000000000094e-02
-2.264889999999999959e-02
-2.580920000000000089e-02
-2.966639999999999902e-02
-3.040090000000000153e-02
-2.521239999999999939e-02
-2.139359999999999873e-02
-1.835859999999999922e-02
-1.330630000000000007e-02
-1.090299999999999950e-02
-1.122139999999999943e-02
-1.394349999999999930e-02
-1.810480000000000075e-02
-2.352359999999999868e-02
-2.712890000000000093e-02
-2.498409999999999867e-02
-2.435400000000000065e-02
-2.683079999999999840e-02
-2.871649999999999897e-02
-3.163459999999999883e-02
-3.400559999999999694e-02
-3.587479999999999836e-02
-3.648180000000000173e-02
-3.413669999999999899e-02
-3.155440000000000328e-02
-2.702330000000000010e-02
-2.156699999999999937e-02
-1.925320000000000156e-02
-1.800869999999999901e-02
-1.602889999999999870e-02
-1.410929999999999997e-02
-1.124849999999999982e-02
-6.485750000000000196e-03
-3.169700000000000122e-03
-2.292740000000000142e-03
-2.338869999999999838e-03
-4.964139999999999699e-03
-8.598710000000000728e-03
-1.327380000000000053e-02
-2.123960000000000084e-02
-2.669409999999999838e-02
-2.730410000000000129e-02
-2.559600000000000070e-02
-2.245650000000000077e-02
-1.982249999999999984e-02
-1.811530000000000085e-02
-2.018050000000000052e-02
-2.459199999999999928e-02
-2.632469999999999949e-02
-2.879260000000000153e-02
-3.348969999999999725e-02
-3.699770000000000142e-02
-3.911669999999999731e-02
-3.735290000000000138e-02
-3.208470000000000072e-02
-2.533660000000000079e-02
-1.425869999999999915e-02
-7.102630000000000401e-03
-6.686639999999999771e-03
-4.964139999999999699e-03
-3.486879999999999927e-03
-2.255449999999999990e-03
4.375420000000000199e-05
1.801939999999999922e-03
3.279269999999999928e-03
2.302470000000000037e-03
-8.594320000000000345e-04
-3.241299999999999910e-03
-5.375289999999999582e-03
-4.548039999999999722e-03
-7.535110000000000028e-04
7.173499999999999538e-04
1.771570000000000089e-03
4.941649999999999689e-03
7.952410000000000034e-03
9.623059999999999253e-03
1.009039999999999937e-02
8.819429999999999631e-03
6.949409999999999615e-03
6.040890000000000148e-03
6.200989999999999974e-03
8.798959999999999768e-03
1.346370000000000032e-02
1.729790000000000147e-02
1.779880000000000004e-02
1.696599999999999844e-02
1.778810000000000113e-02
1.846089999999999884e-02
1.894670000000000035e-02
2.040669999999999984e-02
2.146699999999999997e-02
2.220549999999999954e-02
2.207109999999999975e-02
1.968699999999999964e-02
1.720850000000000157e-02
1.532550000000000058e-02
1.397070000000000083e-02
1.470710000000000073e-02
1.515159999999999944e-02
1.274229999999999981e-02
9.933900000000000716e-03
9.200850000000000001e-03
9.069229999999999306e-03
1.087879999999999923e-02
1.511750000000000073e-02
1.943100000000000036e-02
2.420349999999999932e-02
2.653049999999999853e-02
2.608670000000000086e-02
2.530819999999999945e-02
2.461860000000000090e-02
2.535969999999999891e-02
2.608800000000000008e-02
2.515090000000000034e-02
2.205860000000000112e-02
1.855199999999999905e-02
1.663879999999999873e-02
1.602349999999999955e-02
1.913050000000000167e-02
2.468769999999999992e-02
2.920319999999999860e-02
3.222819999999999852e-02
3.182959999999999956e-02
2.814180000000000154e-02
2.479299999999999907e-02
2.257680000000000103e-02
1.853890000000000052e-02
1.366479999999999952e-02
1.064730000000000017e-02
9.447010000000000476e-03
9.091010000000000063e-03
8.694040000000000101e-03
9.150989999999999472e-03
1.145060000000000001e-02
1.587469999999999853e-02
1.936790000000000039e-02
2.092590000000000075e-02
2.226240000000000163e-02
2.010510000000000075e-02
1.405819999999999986e-02
8.353660000000000599e-03
6.525519999999999932e-03
6.710090000000000152e-03
3.692260000000000160e-03
-1.413589999999999942e-03
-6.719779999999999850e-03
-9.409380000000000174e-03
-7.526729999999999705e-03
-6.573200000000000397e-03
-5.154780000000000299e-03
-7.853629999999999682e-04
5.284260000000000259e-04
-5.946579999999999705e-04
-7.559399999999999757e-04
-6.909830000000000486e-04
1.820390000000000072e-03
6.027420000000000347e-03
8.986720000000000125e-03
1.161030000000000048e-02
1.029159999999999971e-02
6.896229999999999938e-04
-1.249420000000000044e-02
-2.027059999999999973e-02
-2.169830000000000023e-02
-1.961049999999999946e-02
-1.468769999999999971e-02
-8.601440000000000127e-03
-2.549819999999999951e-03
-3.064690000000000122e-03
-8.771350000000000674e-03
-1.291649999999999916e-02
-1.770220000000000127e-02
-2.121249999999999872e-02
-2.144369999999999957e-02
-2.036690000000000028e-02
-1.958839999999999887e-02
-1.980660000000000059e-02
-1.902929999999999899e-02
-1.450590000000000039e-02
-7.232950000000000143e-03
6.219889999999999837e-04
7.419440000000000236e-03
8.685450000000000809e-03
4.502589999999999891e-03
1.148560000000000076e-03
9.236780000000000424e-04
-2.084999999999999994e-04
-1.272829999999999968e-03
-4.701010000000000041e-04
-8.429629999999999589e-04
-1.598479999999999996e-03
-1.916970000000000045e-03
-2.698310000000000205e-03
-3.594079999999999931e-03
-4.684139999999999832e-03
-3.989259999999999681e-03
-6.743460000000000383e-04
1.329930000000000001e-03
4.236160000000000099e-03
9.682959999999999137e-03
1.141050000000000050e-02
1.053190000000000029e-02
1.026479999999999927e-02
9.639139999999999167e-03
9.316210000000000116e-03
8.874419999999999184e-03
7.602089999999999716e-03
4.693649999999999732e-03
6.927440000000000203e-04
-1.632750000000000087e-03
-2.932750000000000027e-03
-4.602189999999999927e-03
-2.505279999999999920e-03
3.064639999999999986e-03
7.504539999999999648e-03
1.598250000000000018e-02
2.518050000000000149e-02
2.775549999999999892e-02
2.769560000000000077e-02
2.251550000000000079e-02
1.211860000000000021e-02
-7.558670000000000189e-04
-1.298290000000000034e-02
-1.648749999999999868e-02
-1.123399999999999919e-02
-3.357830000000000016e-03
3.404739999999999850e-03
7.346629999999999827e-03
5.414859999999999639e-03
8.116259999999999707e-04
-7.230230000000000467e-04
-1.968039999999999894e-03
-2.415290000000000058e-03
3.076370000000000146e-03
8.307619999999999935e-03
9.354090000000000668e-03
1.116769999999999916e-02
9.583690000000000611e-03
1.929740000000000101e-03
-4.480460000000000345e-03
-6.675760000000000201e-03
-5.167889999999999637e-03
-2.283780000000000011e-04
6.501550000000000037e-03
1.252349999999999991e-02
1.142100000000000060e-02
4.579989999999999929e-03
-8.873929999999999926e-04
-3.861910000000000082e-03
-5.284869999999999672e-03
-6.785420000000000340e-03
-6.524880000000000263e-03
-4.032049999999999697e-03
-2.859850000000000152e-03
-4.044709999999999972e-03
-5.979499999999999572e-03
-6.623360000000000011e-03
-7.278419999999999855e-03
-8.252239999999999229e-03
-7.887369999999999451e-03
-8.055069999999999245e-03
-9.445949999999999833e-03
-1.007339999999999972e-02
-8.229240000000000513e-03
-3.176749999999999886e-03
2.410929999999999931e-03
6.041930000000000044e-03
8.550050000000000011e-03
8.260609999999999828e-03
3.469610000000000142e-03
-3.155310000000000146e-03
-8.986169999999999922e-03
-1.006849999999999933e-02
-7.868299999999999947e-03
-9.308409999999999601e-03
-1.292740000000000035e-02
-1.507550000000000036e-02
-1.669179999999999969e-02
-1.866189999999999863e-02
-2.060280000000000097e-02
-2.110969999999999860e-02
-1.827840000000000020e-02
-1.305519999999999944e-02
-9.866170000000000495e-03
-9.127730000000000565e-03
-7.147510000000000148e-03
-6.150430000000000133e-03
-9.561220000000000482e-03
-1.303960000000000015e-02
-1.404049999999999916e-02
-1.428070000000000034e-02
-1.091070000000000061e-02
-5.987690000000000373e-03
-4.680700000000000312e-03
-3.262070000000000160e-03
-2.977440000000000035e-03
-7.789680000000000215e-03
-1.336780000000000086e-02
-1.256810000000000045e-02
-4.715010000000000381e-03
1.519890000000000086e-03
5.918819999999999984e-03
1.187560000000000004e-02
1.425580000000000076e-02
1.051269999999999982e-02
4.182410000000000121e-03
6.536190000000000316e-04
5.612669999999999508e-04
2.379229999999999973e-03
4.633639999999999634e-03
5.645869999999999882e-03
5.134670000000000033e-03
2.931870000000000049e-03
1.227489999999999918e-03
1.976229999999999827e-03
4.353649999999999708e-03
5.556239999999999617e-03
5.503619999999999866e-03
6.483369999999999585e-03
7.639889999999999876e-03
8.291710000000000746e-03
9.111249999999999558e-03
8.445350000000000773e-03
5.508489999999999567e-03
1.432129999999999992e-03
-3.526520000000000002e-03
-6.030569999999999854e-03
-3.613830000000000167e-03
-9.658870000000000173e-04
5.133180000000000208e-04
5.395500000000000122e-03
9.115959999999999341e-03
5.810479999999999812e-03
2.130940000000000004e-03
1.188739999999999979e-03
-2.396029999999999948e-03
-6.772590000000000207e-03
-5.502220000000000374e-03
-2.493379999999999902e-03
-3.120579999999999968e-03
-3.816860000000000044e-03
-3.083489999999999929e-03
-2.335990000000000028e-03
-1.844270000000000067e-03
-1.918309999999999894e-03
-1.968039999999999894e-03
-8.088210000000000408e-04
1.937949999999999916e-03
4.535520000000000350e-03
3.795349999999999852e-03
-5.211229999999999639e-04
-5.174520000000000161e-03
-8.907190000000000593e-03
-9.896739999999999357e-03
-5.745499999999999739e-03
-1.170079999999999992e-03
2.148249999999999986e-03
1.017700000000000028e-02
1.641830000000000025e-02
1.636299999999999907e-02
1.742389999999999911e-02
1.457830000000000063e-02
6.568889999999999972e-03
-2.886479999999999862e-03
-1.675729999999999928e-02
-2.759560000000000138e-02
-2.673000000000000029e-02
-1.416700000000000077e-02
3.380240000000000068e-03
1.513109999999999976e-02
1.746349999999999986e-02
1.406519999999999992e-02
5.878490000000000104e-03
-4.165079999999999824e-03
-1.137080000000000035e-02
-1.476550000000000085e-02
-1.118180000000000042e-02
-5.032080000000000407e-03
-3.270129999999999999e-03
-1.602700000000000088e-03
1.324169999999999948e-03
2.505229999999999783e-03
2.420489999999999968e-03
3.591849999999999839e-04
-5.379140000000000137e-03
-1.085910000000000000e-02
-9.864639999999999173e-03
-4.945190000000000349e-03
-6.185980000000000428e-04
6.684380000000000183e-03
1.458820000000000082e-02
1.670119999999999938e-02
1.485689999999999927e-02
1.160940000000000062e-02
8.046849999999999489e-03
2.172040000000000082e-03
-3.862860000000000078e-03
-5.773389999999999772e-03
-6.462339999999999578e-03
-5.919690000000000021e-03
-1.001069999999999955e-03
6.641679999999999633e-03
1.052310000000000051e-02
1.013080000000000057e-02
8.699929999999999816e-03
2.806279999999999972e-03
-4.995979999999999692e-03
-9.360649999999999873e-03
-8.808929999999999538e-03
-2.572019999999999949e-03
6.219920000000000310e-03
1.385970000000000084e-02
1.628920000000000021e-02
1.454240000000000047e-02
1.260370000000000067e-02
8.541879999999999959e-03
-6.732170000000000123e-06
-4.630910000000000235e-03
-7.288030000000000083e-05
4.111440000000000060e-03
8.718679999999999486e-03
1.581319999999999948e-02
1.646119999999999875e-02
1.384750000000000043e-02
1.366230000000000049e-02
1.372630000000000031e-02
1.291699999999999966e-02
1.072999999999999995e-02
6.131829999999999573e-03
1.228759999999999965e-03
-1.008149999999999975e-03
-3.148020000000000072e-03
-9.131850000000000384e-03
-1.875289999999999943e-02
-2.618329999999999963e-02
-2.875000000000000125e-02
-2.989510000000000084e-02
-2.799130000000000021e-02
-2.354059999999999833e-02
-2.100020000000000012e-02
-1.805560000000000151e-02
-1.394339999999999989e-02
-9.531670000000000767e-03
-3.624099999999999891e-03
4.086730000000000224e-04
7.710510000000000280e-04
-1.411120000000000083e-03
-6.608170000000000016e-03
-9.939419999999999158e-03
-9.749270000000000852e-03
-1.029369999999999938e-02
-7.140930000000000194e-03
-9.704499999999999802e-04
1.143970000000000013e-03
7.987989999999999934e-04
-6.598430000000000181e-04
-2.821049999999999860e-03
-4.704510000000000289e-03
-5.133809999999999936e-03
-1.581570000000000024e-03
1.667819999999999980e-03
2.622719999999999826e-03
2.916250000000000005e-03
-1.233189999999999894e-04
-5.538549999999999723e-03
-1.062010000000000037e-02
-1.195419999999999990e-02
-8.761800000000000144e-03
-6.295120000000000403e-03
-4.292690000000000047e-03
-3.353079999999999819e-04
2.188250000000000091e-03
2.148269999999999867e-03
2.410849999999999972e-03
3.232280000000000136e-03
3.264679999999999839e-03
3.413509999999999808e-03
4.357180000000000428e-03
5.297259999999999816e-03
5.092059999999999816e-03
3.112530000000000071e-03
1.251139999999999978e-03
1.115599999999999958e-04
-3.173049999999999851e-04
1.309829999999999892e-03
3.328110000000000009e-03
5.472559999999999578e-03
1.030340000000000075e-02
1.819149999999999934e-02
2.517760000000000137e-02
2.541650000000000159e-02
2.102870000000000086e-02
1.702189999999999953e-02
9.788669999999999316e-03
-2.497699999999999834e-03
-1.193370000000000021e-02
-1.633060000000000067e-02
-2.209619999999999987e-02
-2.853730000000000155e-02
-2.824489999999999987e-02
-2.108780000000000029e-02
-1.150930000000000009e-02
1.513009999999999963e-03
1.148159999999999979e-02
1.120780000000000040e-02
1.004239999999999994e-02
1.439099999999999928e-02
1.837559999999999888e-02
2.053719999999999851e-02
2.042860000000000162e-02
1.510740000000000000e-02
8.628330000000000027e-03
5.477189999999999837e-03
5.444339999999999770e-03
6.858490000000000072e-03
7.836869999999999253e-03
7.215680000000000358e-03
6.263659999999999888e-03
7.354399999999999653e-03
1.148219999999999970e-02
1.648229999999999834e-02
1.991400000000000114e-02
2.032689999999999844e-02
1.765979999999999980e-02
1.569310000000000149e-02
1.337400000000000047e-02
7.534710000000000019e-03
2.554120000000000001e-03
2.083949999999999995e-04
-3.073939999999999832e-03
-3.972149999999999813e-03
3.890950000000000008e-04
3.713670000000000079e-03
5.995229999999999830e-03
9.797449999999999215e-03
1.233880000000000046e-02
1.260939999999999978e-02
9.258159999999999654e-03
5.853149999999999673e-03
6.536239999999999585e-03
7.192450000000000405e-03
5.871359999999999947e-03
5.530349999999999849e-03
3.488390000000000067e-03
-3.169690000000000181e-03
-8.477349999999999816e-03
-9.874300000000000785e-03
-8.349830000000000793e-03
-4.965149999999999772e-03
-3.149889999999999808e-03
-1.534280000000000062e-03
7.562439999999999917e-04
3.102479999999999908e-03
6.169830000000000279e-03
8.682560000000000625e-03
9.293749999999999928e-03
6.652860000000000024e-03
1.649089999999999974e-03
-3.156019999999999832e-03
-5.824700000000000363e-03
-5.366600000000000016e-03
-4.882069999999999639e-03
-7.836769999999999847e-03
-1.113869999999999964e-02
-8.478819999999999760e-03
-2.870709999999999842e-03
-3.512979999999999966e-04
3.427840000000000140e-03
6.196919999999999859e-03
2.552490000000000141e-03
1.234100000000000127e-04
1.979360000000000104e-04
-2.300050000000000098e-03
-4.323389999999999872e-03
-4.193090000000000012e-03
-4.421379999999999928e-03
-4.748709999999999737e-03
-5.641659999999999731e-03
-8.907929999999999668e-03
-1.271719999999999968e-02
-1.432770000000000050e-02
-1.253630000000000022e-02
-1.001170000000000011e-02
-9.327349999999999877e-03
-7.976610000000000297e-03
-6.472989999999999647e-03
-6.022450000000000372e-03
-4.908499999999999669e-03
-4.082419999999999799e-03
-4.123700000000000108e-03
-4.125730000000000196e-03
-5.392740000000000034e-03
-7.576900000000000128e-03
-9.382450000000000512e-03
-1.202839999999999986e-02
-1.378300000000000011e-02
-1.196219999999999922e-02
-8.464130000000000265e-03
-5.652520000000000287e-03
-4.669689999999999779e-03
-7.363549999999999957e-03
-1.075410000000000081e-02
-1.140769999999999978e-02
-1.324260000000000020e-02
-1.453169999999999983e-02
-9.724619999999999792e-03
-5.570290000000000311e-03
-5.705080000000000394e-03
-5.799620000000000122e-03
-7.480549999999999873e-03
-8.928800000000000625e-03
-5.847429999999999815e-03
-1.188189999999999993e-03
2.348680000000000125e-03
6.667039999999999945e-03
1.181360000000000049e-02
1.482329999999999932e-02
1.447129999999999944e-02
1.412350000000000064e-02
1.563950000000000062e-02
1.650429999999999953e-02
1.684249999999999983e-02
1.759070000000000078e-02
1.818689999999999890e-02
1.736619999999999830e-02
1.469110000000000034e-02
1.159660000000000031e-02
5.661099999999999639e-03
-2.703169999999999965e-03
-7.450530000000000347e-03
-9.614910000000000817e-03
-1.139189999999999994e-02
-1.271809999999999954e-02
-1.300570000000000025e-02
-8.510520000000000584e-03
-3.062259999999999809e-03
-1.183269999999999938e-03
-2.130829999999999790e-03
-5.360239999999999623e-03
-7.561049999999999716e-03
-7.572139999999999774e-03
-3.727550000000000047e-03
1.612790000000000014e-03
3.176280000000000076e-03
4.706489999999999806e-03
4.531010000000000246e-03
2.817909999999999859e-04
-2.359500000000000052e-03
-3.811380000000000063e-03
-5.842759999999999794e-03
-6.337879999999999729e-03
-4.307860000000000161e-03
-1.588519999999999949e-03
4.832230000000000184e-04
1.857279999999999999e-03
-3.448600000000000016e-04
-4.250340000000000021e-03
-6.169670000000000362e-03
-9.060159999999999395e-03
-1.271060000000000072e-02
-1.414230000000000001e-02
-1.462070000000000036e-02
-1.494660000000000086e-02
-1.237030000000000074e-02
-7.078219999999999651e-03
-2.870590000000000121e-03
9.864360000000000402e-04
4.507240000000000031e-03
4.815429999999999884e-03
5.312899999999999741e-03
7.160739999999999640e-03
6.201629999999999643e-03
3.578539999999999846e-03
1.463249999999999924e-03
-7.138900000000000378e-05
-7.095130000000000490e-04
-8.365259999999999797e-04
-1.205310000000000019e-03
-2.539060000000000102e-03
-5.077899999999999775e-03
-8.679060000000000594e-03
-1.155480000000000049e-02
-1.253420000000000055e-02
-1.124920000000000087e-02
-8.933039999999999731e-03
-5.931859999999999737e-03
1.211459999999999924e-03
7.526729999999999705e-03
9.216480000000000852e-03
8.242420000000000302e-03
4.144010000000000055e-03
1.159490000000000000e-03
-1.569379999999999994e-03
-2.627060000000000072e-03
3.442909999999999981e-03
8.020859999999999448e-03
8.559739999999999710e-03
1.231379999999999975e-02
1.384280000000000059e-02
9.081979999999999914e-03
4.676259999999999792e-03
-8.610329999999999807e-04
-8.467759999999999523e-03
-1.182869999999999928e-02
-1.045090000000000081e-02
-6.293299999999999936e-03
-9.124339999999999447e-05
8.190309999999999258e-03
1.356459999999999957e-02
1.308649999999999917e-02
1.439329999999999950e-02
1.768360000000000071e-02
1.916560000000000138e-02
1.845499999999999918e-02
1.371840000000000039e-02
9.372860000000000219e-03
5.495680000000000183e-03
-1.302709999999999892e-03
-3.612209999999999813e-03
-2.744739999999999853e-03
-5.954929999999999772e-03
-8.824620000000000034e-03
-1.016579999999999914e-02
-8.771360000000000615e-03
-8.831380000000000003e-04
8.707350000000000853e-03
1.524350000000000011e-02
1.771029999999999827e-02
1.468470000000000018e-02
8.753930000000000045e-03
5.698459999999999810e-03
7.385899999999999931e-03
1.210179999999999936e-02
1.391749999999999932e-02
1.358760000000000003e-02
1.479689999999999998e-02
1.216320000000000075e-02
7.467009999999999620e-03
5.328499999999999903e-03
3.799579999999999885e-03
4.213360000000000195e-03
5.480310000000000389e-03
5.227149999999999852e-03
4.887279999999999923e-03
1.813720000000000002e-03
-2.937519999999999888e-03
-5.623839999999999742e-03
-4.807429999999999690e-03
1.186170000000000063e-03
6.160490000000000237e-03
8.794730000000000603e-03
1.378530000000000033e-02
1.378869999999999922e-02
7.926209999999999506e-03
5.582860000000000253e-03
3.321800000000000187e-03
-8.198079999999999951e-04
-5.063609999999999856e-04
6.512310000000000538e-04
-1.131770000000000042e-03
-3.257299999999999866e-03
-5.643040000000000209e-03
-7.324820000000000116e-03
-7.949110000000000550e-03
-7.669610000000000316e-03
-5.696569999999999759e-03
-4.372919999999999759e-03
-3.301119999999999836e-03
-1.820929999999999901e-03
-3.718860000000000048e-03
-7.459709999999999605e-03
-9.079520000000000646e-03
-1.125119999999999940e-02
-1.232699999999999942e-02
-8.846939999999999318e-03
-6.232530000000000014e-03
-5.221579999999999971e-03
-2.494039999999999885e-03
-2.174049999999999854e-03
-4.798590000000000147e-03
-5.930910000000000175e-03
-5.905370000000000064e-03
-2.040489999999999839e-03
5.273260000000000100e-03
9.668289999999999523e-03
1.200859999999999948e-02
9.586449999999999833e-03
2.585459999999999928e-03
-2.957969999999999870e-03
-7.140119999999999800e-03
-6.654509999999999766e-03
-2.973599999999999854e-03
-2.601239999999999889e-03
-3.836280000000000072e-03
-3.192809999999999919e-03
-1.985460000000000089e-03
-1.728209999999999989e-03
-1.480399999999999988e-03
-1.110890000000000011e-03
-9.061880000000000455e-04
-5.948569999999999596e-04
6.500549999999999688e-04
2.698400000000000104e-03
4.501100000000000066e-03
4.621390000000000393e-03
1.501139999999999983e-03
-1.887220000000000000e-03
-3.446100000000000118e-03
-6.387490000000000008e-03
-9.239999999999999949e-03
-7.396360000000000261e-03
-4.584249999999999783e-03
-3.042270000000000130e-03
4.362309999999999777e-04
2.237310000000000167e-03
1.586490000000000079e-03
4.993049999999999908e-05
-3.090129999999999960e-03
-5.044820000000000207e-03
-6.435950000000000178e-03
-5.067460000000000193e-03
4.957800000000000271e-04
3.451730000000000076e-03
4.451899999999999955e-03
6.577549999999999716e-03
6.224910000000000165e-03
3.912460000000000417e-03
3.098510000000000066e-03
2.265960000000000023e-03
3.349390000000000131e-05
-2.560450000000000139e-03
-5.094510000000000011e-03
-9.353300000000000156e-03
-1.573290000000000105e-02
-1.901190000000000171e-02
-1.799140000000000114e-02
-1.584069999999999923e-02
-1.186289999999999914e-02
-7.517620000000000031e-03
-6.929629999999999991e-03
-7.193350000000000265e-03
-5.070579999999999879e-03
-2.519099999999999812e-03
-6.029979999999999889e-04
-3.913209999999999757e-04
-1.322089999999999941e-03
-1.982540000000000083e-03
-2.526749999999999916e-03
-3.232000000000000064e-03
-3.100630000000000053e-03
-1.208010000000000030e-03
3.310969999999999777e-04
1.765869999999999896e-03
4.694699999999999568e-03
7.839679999999999913e-03
9.447560000000000680e-03
7.878150000000000430e-03
5.347990000000000382e-03
3.121769999999999840e-03
4.790700000000000058e-04
-1.077949999999999937e-04
-1.544270000000000039e-04
-1.571190000000000087e-03
-2.782139999999999787e-03
-3.513270000000000195e-03
-2.352679999999999789e-03
5.403919999999999991e-04
2.234509999999999882e-03
3.979400000000000125e-03
6.010689999999999956e-03
3.772249999999999995e-03
-6.364110000000000296e-04
-2.828349999999999875e-03
-3.907410000000000050e-03
-3.338489999999999947e-03
-2.523720000000000130e-03
-3.302349999999999904e-03
-3.346130000000000111e-03
-2.795020000000000057e-03
-2.820539999999999853e-03
-7.089740000000000191e-04
4.833249999999999873e-03
8.238540000000000793e-03
8.275549999999999573e-03
1.046429999999999930e-02
1.141200000000000027e-02
7.506399999999999878e-03
5.046209999999999758e-03
3.481499999999999786e-03
-5.079540000000000227e-04
-3.372399999999999790e-03
-3.270340000000000052e-03
-1.548990000000000089e-03
-7.366399999999999944e-04
-6.961870000000000211e-04
-2.535899999999999895e-04
-3.289519999999999771e-04
3.635959999999999930e-04
2.990979999999999854e-03
5.434729999999999596e-03
6.216649999999999780e-03
7.014130000000000364e-03
7.451799999999999743e-03
5.213599999999999658e-03
2.395560000000000137e-03
-1.461209999999999896e-03
-8.953859999999999250e-03
-1.343470000000000081e-02
-1.255900000000000072e-02
-1.209600000000000085e-02
-1.130240000000000064e-02
-9.007209999999999869e-03
-4.374259999999999607e-03
2.894610000000000260e-04
1.436049999999999913e-03
2.585529999999999946e-03
2.722710000000000147e-03
1.201859999999999908e-03
1.388139999999999947e-03
2.392309999999999923e-03
3.228519999999999914e-03
4.035030000000000214e-03
5.110289999999999971e-03
5.182700000000000154e-03
3.092989999999999889e-03
1.668189999999999951e-03
1.414209999999999946e-03
1.216290000000000079e-03
2.377579999999999798e-03
3.685519999999999855e-03
4.562459999999999953e-03
6.458000000000000199e-03
7.733750000000000173e-03
8.399759999999999172e-03
9.342420000000000585e-03
7.720849999999999588e-03
4.466079999999999876e-03
2.389440000000000053e-03
4.467960000000000096e-04
-1.677869999999999926e-03
-2.985199999999999920e-03
-1.769680000000000038e-03
5.832940000000000434e-04
2.341070000000000217e-03
5.417400000000000167e-03
7.797219999999999672e-03
7.306140000000000030e-03
5.573269999999999960e-03
4.039690000000000294e-03
1.235320000000000038e-03
-3.230289999999999811e-03
-5.304910000000000354e-03
-5.816280000000000061e-03
-7.364540000000000149e-03
-6.281329999999999900e-03
-2.547649999999999828e-03
8.426819999999999797e-04
5.402869999999999721e-03
7.409220000000000216e-03
5.692560000000000155e-03
6.587240000000000283e-03
7.758929999999999820e-03
6.865709999999999695e-03
6.510850000000000318e-03
5.156390000000000279e-03
2.942970000000000048e-03
1.381550000000000052e-03
-9.447309999999999779e-04
-3.770579999999999939e-03
-5.748429999999999686e-03
-7.398769999999999826e-03
-9.210710000000000425e-03
-8.191320000000000198e-03
-4.263839999999999644e-03
-2.196969999999999913e-03
-5.326369999999999759e-04
2.472709999999999925e-03
3.644169999999999961e-03
2.223220000000000144e-03
-3.463539999999999707e-05
-1.624760000000000050e-03
-3.268220000000000066e-03
-3.840510000000000104e-03
-8.544159999999999863e-04
3.582670000000000039e-03
6.746000000000000260e-03
7.095330000000000387e-03
4.926309999999999717e-03
2.688929999999999966e-03
1.720519999999999905e-03
2.238459999999999842e-03
2.223510000000000156e-03
9.478009999999999604e-04
-4.670720000000000167e-04
-2.608710000000000195e-03
-4.857079999999999731e-03
-4.371729999999999887e-03
-1.618929999999999978e-03
-3.074050000000000155e-04
1.325300000000000067e-04
1.031469999999999935e-04
-2.280900000000000202e-03
-5.225099999999999884e-03
-7.138219999999999808e-03
-9.011210000000000400e-03
-1.125830000000000060e-02
-1.137939999999999958e-02
-8.656630000000000227e-03
-7.190349999999999867e-03
-6.725980000000000326e-03
-4.641669999999999650e-03
-3.018639999999999952e-03
-2.642419999999999925e-03
-2.004699999999999885e-03
-1.431870000000000018e-03
-1.205480000000000093e-03
-1.140560000000000098e-03
-6.301949999999999523e-04
1.219929999999999929e-03
2.796889999999999793e-03
3.331660000000000177e-03
3.815990000000000007e-03
2.971600000000000023e-03
1.230350000000000063e-03
3.905499999999999792e-04
-7.180259999999999724e-04
-1.874629999999999960e-03
-2.167249999999999906e-03
-2.757529999999999790e-03
-3.704569999999999912e-03
-4.207980000000000054e-03
-3.693520000000000050e-03
-2.614780000000000142e-03
-2.304150000000000035e-03
-2.311810000000000080e-03
-1.915800000000000055e-03
-1.958829999999999946e-03
-2.420470000000000087e-03
-2.775759999999999946e-03
-4.510659999999999670e-03
-6.934189999999999798e-03
-7.751769999999999841e-03
-8.878370000000000012e-03
-1.122519999999999941e-02
-1.185160000000000033e-02
-1.070450000000000047e-02
-1.064760000000000012e-02
-1.138040000000000058e-02
-1.138639999999999965e-02
-1.135219999999999979e-02
-1.161260000000000070e-02
-1.023349999999999954e-02
-7.021300000000000284e-03
-4.831059999999999868e-03
-3.234840000000000111e-03
-1.125179999999999930e-03
-6.353510000000000093e-05
7.570479999999999658e-04
1.490510000000000012e-03
2.684019999999999961e-04
-9.720069999999999925e-04
-1.027270000000000049e-03
-1.872160000000000100e-03
-2.775730000000000124e-03
-2.294340000000000181e-03
-1.620600000000000035e-03
-1.343620000000000014e-03
-1.843650000000000063e-03
-3.916870000000000247e-03
-5.663009999999999572e-03
-6.284230000000000024e-03
-6.500820000000000036e-03
-5.611119999999999823e-03
-4.748999999999999749e-03
-4.929929999999999903e-03
-4.819740000000000309e-03
-4.696529999999999976e-03
-5.260520000000000300e-03
-5.158509999999999832e-03
-4.437029999999999794e-03
-4.217600000000000168e-03
-4.024670000000000157e-03
-4.964180000000000328e-03
-7.755180000000000407e-03
-1.018969999999999945e-02
-9.600320000000000728e-03
-5.922000000000000181e-03
-2.772689999999999964e-03
8.313409999999999810e-04
4.890209999999999869e-03
5.026519999999999599e-03
2.906999999999999862e-03
1.899300000000000033e-03
2.401330000000000131e-03
3.253489999999999941e-03
3.775249999999999960e-03
4.596689999999999630e-03
6.042930000000000176e-03
5.740979999999999694e-03
2.655189999999999981e-03
9.250589999999999941e-04
8.445230000000000185e-04
1.082150000000000039e-03
2.970340000000000133e-03
4.504789999999999836e-03
5.735689999999999886e-03
7.789299999999999870e-03
8.372700000000000281e-03
7.913730000000000764e-03
7.804610000000000020e-03
7.480490000000000229e-03
6.767610000000000292e-03
7.030050000000000361e-03
8.851200000000000040e-03
1.000690000000000086e-02
1.021919999999999946e-02
1.094849999999999990e-02
1.086209999999999953e-02
9.529640000000000680e-03
8.775460000000000552e-03
9.327649999999999830e-03
1.071440000000000066e-02
1.158909999999999975e-02
1.219420000000000052e-02
1.196550000000000044e-02
9.440139999999999643e-03
7.282349999999999934e-03
6.096400000000000083e-03
3.798639999999999829e-03
3.006840000000000207e-03
4.959449999999999796e-03
5.731019999999999864e-03
5.750070000000000355e-03
7.301219999999999759e-03
8.854010000000000699e-03
9.651160000000000641e-03
8.839760000000000326e-03
6.881130000000000059e-03
4.653130000000000113e-03
7.774760000000000351e-04
-2.172760000000000143e-03
-3.620579999999999979e-03
-5.736609999999999626e-03
-6.158939999999999901e-03
-5.870039999999999980e-03
-7.653570000000000165e-03
-9.402159999999999684e-03
-1.041079999999999957e-02
-1.007019999999999964e-02
-6.386150000000000160e-03
-3.142610000000000108e-03
-2.244429999999999949e-03
-1.489919999999999992e-04
7.371320000000000433e-04
-1.579609999999999955e-03
-2.621350000000000156e-03
-2.056259999999999859e-03
-2.369079999999999971e-03
-2.564719999999999934e-03
-2.438270000000000194e-03
-2.439240000000000071e-03
-2.379860000000000135e-03
-2.244159999999999818e-03
-2.237040000000000035e-03
-2.325100000000000083e-03
-2.306990000000000082e-03
-2.609849999999999930e-03
-4.058540000000000238e-03
-5.638299999999999736e-03
-6.585660000000000125e-03
-7.125819999999999724e-03
-5.440140000000000427e-03
-2.696769999999999810e-03
-1.976719999999999953e-03
-1.548040000000000093e-03
8.678290000000000559e-05
2.017079999999999871e-04
-2.140400000000000202e-03
-4.357690000000000001e-03
-6.490120000000000264e-03
-8.114100000000000826e-03
-8.442359999999999448e-03
-9.071350000000000594e-03
-7.819939999999999183e-03
-5.212999999999999752e-03
-4.781600000000000433e-03
-4.240759999999999669e-03
-2.912570000000000176e-03
-2.579909999999999929e-03
-1.526460000000000100e-03
4.939529999999999919e-04
1.778590000000000032e-03
2.849940000000000025e-03
4.169619999999999750e-03
4.669190000000000146e-03
4.477359999999999673e-03
4.757499999999999576e-03
5.014099999999999634e-03
4.712079999999999567e-03
4.473930000000000094e-03
4.166999999999999697e-03
3.882130000000000129e-03
4.396859999999999831e-03
5.140460000000000342e-03
5.526610000000000376e-03
6.574899999999999842e-03
7.379100000000000416e-03
6.019889999999999963e-03
4.427350000000000035e-03
4.084349999999999613e-03
3.331769999999999957e-03
2.677469999999999937e-03
3.060220000000000214e-03
3.477909999999999856e-03
3.876960000000000042e-03
4.348910000000000102e-03
4.640339999999999743e-03
5.897890000000000250e-03
8.419110000000000482e-03
1.033290000000000076e-02
1.197420000000000082e-02
1.330849999999999915e-02
1.182079999999999936e-02
9.656829999999999928e-03
9.218630000000000227e-03
8.153809999999999183e-03
6.952189999999999585e-03
7.176000000000000087e-03
7.162850000000000120e-03
6.265609999999999583e-03
5.152989999999999654e-03
4.221550000000000129e-03
3.410230000000000206e-03
2.087209999999999933e-03
3.424610000000000132e-04
-5.518990000000000094e-04
2.535360000000000066e-04
1.173900000000000074e-03
8.396000000000000251e-04
5.055440000000000237e-04
5.375510000000000444e-04
2.158039999999999958e-04
-8.658970000000000208e-05
-1.027000000000000027e-04
-1.677340000000000038e-04
-2.233869999999999942e-04
4.238029999999999944e-04
1.289170000000000073e-03
1.277300000000000093e-03
1.246670000000000070e-03
1.360469999999999909e-03
7.747509999999999553e-04
2.486279999999999784e-04
-6.076600000000000062e-05
-6.410339999999999615e-04
-1.130179999999999943e-03
-1.537469999999999982e-03
-1.771730000000000006e-03
-1.383440000000000104e-03
-1.005459999999999904e-03
-8.841180000000000349e-04
2.263330000000000029e-04
1.875369999999999902e-03
2.071350000000000014e-03
6.753939999999999510e-04
-5.325080000000000048e-04
-1.321759999999999949e-03
-3.102539999999999985e-03
-4.682429999999999579e-03
-5.046949999999999700e-03
-5.067040000000000086e-03
-4.132099999999999662e-03
-2.849620000000000191e-03
-2.461019999999999961e-03
-2.332439999999999861e-03
-2.638199999999999833e-03
-3.143319999999999795e-03
-3.100859999999999988e-03
-2.971160000000000034e-03
-2.898459999999999839e-03
-3.554410000000000035e-03
-5.134439999999999664e-03
-5.970699999999999792e-03
-5.780819999999999882e-03
-4.663989999999999803e-03
-2.926530000000000103e-03
-1.538590000000000053e-03
-1.831869999999999929e-04
5.827620000000000152e-04
9.716920000000000201e-04
2.024909999999999991e-03
2.829560000000000061e-03
2.918619999999999808e-03
2.814099999999999935e-03
2.461819999999999981e-03
2.067960000000000197e-03
2.373730000000000111e-03
2.940019999999999786e-03
3.010479999999999840e-03
3.052560000000000169e-03
3.392050000000000187e-03
3.180380000000000013e-03
2.154810000000000059e-03
1.347579999999999915e-03
8.633039999999999594e-04
6.408880000000000479e-04
9.000839999999999969e-04
8.256150000000000294e-04
7.799919999999999683e-05
-6.139500000000000426e-04
-7.652629999999999676e-04
-7.646289999999999597e-04
-9.357220000000000511e-04
-1.261619999999999972e-03
-1.825000000000000016e-03
-2.292189999999999939e-03
-2.515889999999999793e-03
-2.750149999999999817e-03
-2.911159999999999876e-03
-2.996729999999999967e-03
-3.119910000000000044e-03
-3.061889999999999838e-03
-2.758800000000000054e-03
-2.541310000000000183e-03
-2.787069999999999999e-03
-3.373670000000000054e-03
-3.482079999999999811e-03
-3.174610000000000019e-03
-2.862949999999999957e-03
-2.291570000000000152e-03
-1.612609999999999998e-03
-1.027509999999999925e-03
-8.619879999999999470e-04
-9.614289999999999729e-04
-7.598810000000000113e-04
-6.086550000000000467e-04
-5.379939999999999722e-04
-8.817859999999999631e-05
6.242689999999999958e-04
1.458859999999999974e-03
2.195260000000000093e-03
2.335460000000000140e-03
2.100659999999999854e-03
2.047160000000000125e-03
2.060080000000000158e-03
1.935499999999999938e-03
1.836780000000000097e-03
1.804840000000000047e-03
1.679039999999999916e-03
1.417669999999999998e-03
1.106449999999999925e-03
7.726929999999999693e-04
4.358669999999999927e-04
2.974189999999999928e-04
3.867650000000000146e-04
4.395979999999999745e-04
3.496090000000000200e-04
1.507260000000000067e-04
-6.069270000000000253e-05
-2.786859999999999945e-04
-4.468779999999999996e-04
-4.155410000000000115e-04
-3.744910000000000166e-04
-2.278550000000000063e-04
2.587959999999999867e-05
-3.494829999999999877e-05
-2.647150000000000024e-04
-6.010790000000000230e-04
-1.092270000000000003e-03
-1.328530000000000075e-03
-1.231639999999999992e-03
-9.893050000000000021e-04
-5.937499999999999853e-04
-3.201629999999999906e-04
-3.793809999999999782e-04
-5.283840000000000151e-04
-7.990010000000000298e-04
-1.075720000000000062e-03
-1.115509999999999896e-03
-1.066719999999999951e-03
-9.410380000000000524e-04
-7.789579999999999508e-04
-6.554090000000000263e-04
-5.054229999999999617e-04
-3.441170000000000123e-04
-2.476399999999999804e-04
-2.181659999999999979e-04
-2.434860000000000062e-04
-4.942829999999999837e-04
-8.044249999999999968e-04
-7.682950000000000022e-04
-5.703050000000000090e-04
-4.317740000000000033e-04
-2.418750000000000110e-04
-1.238690000000000028e-04
-1.483490000000000123e-04
-1.594680000000000121e-04
-1.612849999999999982e-04
-1.730900000000000114e-04
-1.354949999999999894e-04
-8.817910000000000418e-05
-9.065440000000000401e-05
-1.048570000000000025e-04
-1.271500000000000007e-04
-1.725850000000000019e-04
-2.021290000000000022e-04
-2.085719999999999946e-04
-2.063500000000000013e-04
-2.123700000000000013e-04
-2.261510000000000104e-04
-2.344679999999999920e-04
-2.442729999999999836e-04
-2.586369999999999837e-04
-2.713859999999999797e-04
-2.820349999999999789e-04
-2.951550000000000159e-04
-3.100439999999999880e-04
-3.233299999999999824e-04
-3.426859999999999780e-04
-3.751490000000000228e-04
-4.108219999999999776e-04
-4.301229999999999745e-04
-4.278589999999999976e-04
-4.110920000000000004e-04
-3.834399999999999744e-04
-3.503590000000000111e-04
-3.155279999999999782e-04
-2.817030000000000098e-04
-2.544119999999999758e-04
-2.324170000000000077e-04
-2.104879999999999945e-04
-1.871080000000000117e-04
-1.619729999999999889e-04
-1.364360000000000063e-04
-1.120419999999999955e-04
-8.858329999999999601e-05
