-2.711149999999999953e-05
-3.217140000000000169e-05
-2.989170000000000046e-05
-3.980589999999999780e-05
-3.910570000000000067e-05
-4.533880000000000034e-05
-3.815279999999999833e-05
-4.679099999999999975e-05
-5.795879999999999809e-05
-8.746969999999999366e-05
-1.138849999999999981e-04
-1.552509999999999947e-04
-1.685900000000000105e-04
-1.615499999999999966e-04
-1.310729999999999968e-04
-1.032459999999999937e-04
-5.877260000000000036e-05
-1.009190000000000073e-05
5.945779999999999848e-05
1.210359999999999979e-04
1.605719999999999934e-04
1.639570000000000025e-04
1.705490000000000098e-04
1.760929999999999961e-04
1.895009999999999869e-04
1.731290000000000021e-04
7.575340000000000556e-05
-7.685149999999999425e-05
-1.666609999999999956e-04
-2.011679999999999957e-04
-2.281370000000000012e-04
-2.785190000000000213e-04
-3.322150000000000168e-04
-3.855589999999999994e-04
-4.387700000000000020e-04
-4.964070000000000331e-04
-5.625950000000000438e-04
-5.935429999999999786e-04
-2.931420000000000133e-05
1.672120000000000030e-03
2.649009999999999820e-03
1.923720000000000074e-03
6.335320000000000187e-04
-3.701190000000000252e-04
-3.729420000000000218e-04
1.161109999999999920e-03
3.630239999999999856e-03
5.085339999999999826e-03
1.827309999999999959e-03
-4.284729999999999615e-03
-6.323330000000000270e-03
-3.636729999999999911e-03
-2.511759999999999817e-04
3.750490000000000204e-04
-8.955480000000000254e-04
-1.214699999999999981e-03
-2.965500000000000254e-04
5.544130000000000195e-04
-1.747969999999999949e-03
-3.873349999999999797e-03
3.901689999999999976e-04
6.108470000000000392e-03
2.979859999999999974e-03
-7.641590000000000188e-03
-1.160130000000000015e-02
-5.265240000000000024e-03
3.167360000000000141e-03
8.870199999999999960e-03
4.639270000000000026e-03
-9.129029999999999567e-04
1.122790000000000029e-03
6.648539999999999658e-03
1.120370000000000046e-02
1.366709999999999973e-02
8.428859999999999825e-03
7.622749999999999752e-04
1.327060000000000132e-04
1.815130000000000085e-04
-4.226849999999999878e-03
-8.208510000000000459e-03
-5.278729999999999707e-03
2.015620000000000085e-03
4.361789999999999938e-03
-2.172669999999999810e-03
-1.146750000000000026e-02
-1.131210000000000028e-02
2.144940000000000128e-03
1.201600000000000064e-02
2.569539999999999932e-04
-2.144000000000000072e-02
-1.716689999999999883e-02
1.291250000000000037e-02
2.403270000000000059e-02
-1.167990000000000044e-03
-2.916279999999999914e-02
-2.241670000000000121e-02
8.301630000000000814e-03
1.089399999999999917e-02
-9.104730000000000115e-03
-8.515649999999999609e-03
1.640370000000000023e-02
2.808460000000000123e-02
5.559299999999999659e-03
-3.227220000000000089e-02
-4.378880000000000272e-02
-7.245749999999999587e-03
4.318820000000000298e-02
4.191360000000000224e-02
-8.349789999999999296e-03
-4.494399999999999784e-02
-1.753180000000000016e-02
2.517240000000000102e-02
7.647319999999999986e-03
-3.275120000000000114e-02
-3.546799999999999953e-02
-7.269779999999999992e-03
1.808229999999999907e-02
1.405849999999999982e-02
-2.185269999999999921e-02
-4.929680000000000173e-02
-3.292649999999999744e-02
1.033429999999999939e-02
3.464380000000000237e-02
1.869550000000000031e-02
-6.995959999999999852e-03
-4.689200000000000139e-03
3.719699999999999829e-03
2.732409999999999787e-03
4.898180000000000242e-03
1.358610000000000026e-02
2.279319999999999957e-02
1.628720000000000168e-02
-4.321000000000000188e-03
-2.520539999999999933e-02
-2.335629999999999998e-02
1.839240000000000015e-03
3.031949999999999923e-02
3.621549999999999769e-02
1.647260000000000044e-02
-8.709859999999999824e-03
-1.518120000000000060e-02
1.517539999999999948e-03
1.579979999999999926e-02
7.802680000000000206e-03
-7.513149999999999690e-03
-4.542339999999999746e-03
1.312439999999999961e-02
1.407699999999999924e-02
-7.514749999999999729e-03
-2.035970000000000141e-02
-1.263440000000000049e-02
1.566420000000000009e-03
9.548459999999999934e-03
3.617340000000000139e-03
-1.162649999999999968e-02
-1.093099999999999974e-02
1.070549999999999974e-02
2.574270000000000030e-02
1.346460000000000018e-02
-8.794559999999999877e-03
-1.339339999999999975e-02
-1.934450000000000102e-03
9.796189999999999759e-03
1.380149999999999953e-02
8.444750000000000867e-03
-4.704900000000000033e-04
-1.414110000000000052e-04
1.001669999999999991e-02
2.007600000000000010e-02
1.218759999999999982e-02
5.267310000000000091e-04
2.143739999999999882e-03
-1.082059999999999966e-02
-2.830059999999999867e-02
-2.061819999999999972e-02
5.931340000000000223e-03
2.275780000000000164e-02
1.144129999999999973e-02
-1.661970000000000114e-02
-2.952389999999999876e-02
-1.248609999999999998e-02
1.727640000000000078e-02
3.260969999999999841e-02
2.207299999999999887e-02
3.309240000000000185e-03
-8.162539999999999813e-04
5.354339999999999967e-03
7.300300000000000018e-03
3.996790000000000065e-03
5.244849999999999903e-04
1.069179999999999985e-05
6.460679999999999678e-04
1.019909999999999957e-03
2.457589999999999948e-03
6.463459999999999865e-03
9.824960000000000637e-03
7.389780000000000307e-03
-1.094130000000000043e-04
3.759990000000000164e-04
7.365410000000000349e-05
-2.924499999999999799e-04
6.628479999999999962e-03
1.503580000000000021e-02
1.423059999999999950e-02
4.008470000000000089e-03
-6.830980000000000385e-03
-1.304529999999999926e-02
-1.151590000000000079e-02
-5.713750000000000079e-03
-4.783550000000000128e-03
-1.076260000000000064e-02
-1.071240000000000039e-02
-8.985139999999999967e-04
3.757159999999999840e-03
5.177700000000000358e-03
1.213690000000000081e-02
2.210350000000000162e-02
2.178650000000000031e-02
8.768949999999999315e-03
2.449509999999999795e-03
9.367099999999999732e-03
1.888089999999999907e-02
1.573120000000000074e-02
-3.753659999999999809e-03
-2.688509999999999858e-02
-3.037660000000000013e-02
-5.251119999999999746e-03
-2.520029999999999926e-03
-1.131139999999999923e-02
3.484370000000000089e-03
1.645860000000000031e-02
4.783370000000000330e-03
-2.289119999999999957e-03
1.411089999999999914e-02
2.164459999999999995e-02
7.211880000000000374e-03
-1.411459999999999972e-02
-2.346310000000000062e-02
-1.672989999999999894e-02
-3.750400000000000088e-03
-2.412689999999999887e-03
-1.357260000000000064e-02
-1.547809999999999984e-02
-4.611529999999999969e-03
3.812009999999999791e-03
8.816589999999999150e-03
1.569960000000000105e-02
1.388129999999999920e-02
2.219829999999999894e-03
6.608469999999999969e-03
1.292330000000000041e-02
1.218530000000000004e-03
-2.045380000000000115e-02
-2.908120000000000149e-02
-1.933630000000000071e-02
-4.363760000000000382e-03
6.005830000000000196e-03
1.073299999999999905e-03
-1.777880000000000085e-02
-2.420929999999999957e-02
-1.197570000000000058e-02
4.336650000000000053e-03
1.513010000000000049e-02
2.074389999999999915e-02
1.451990000000000051e-02
6.980199999999999773e-03
1.150400000000000034e-02
1.309330000000000042e-02
2.067419999999999935e-03
-1.030879999999999991e-02
-1.299070000000000086e-02
-8.030149999999999788e-03
-3.812269999999999982e-03
-4.258439999999999621e-03
-1.014720000000000032e-02
-2.066420000000000062e-02
-1.433369999999999957e-02
3.165319999999999939e-02
5.521059999999999857e-02
2.476389999999999841e-02
-2.150869999999999865e-02
-4.869219999999999798e-02
-4.256130000000000330e-02
-1.924570000000000100e-02
1.263819999999999917e-03
1.235379999999999985e-02
1.258090000000000076e-02
-5.151140000000000232e-03
-3.529050000000000242e-02
-3.925259999999999860e-02
-4.279370000000000222e-03
4.238309999999999994e-02
5.996510000000000035e-02
2.792209999999999831e-02
-2.964419999999999902e-02
-7.924770000000000425e-02
-6.240980000000000139e-02
2.112930000000000016e-02
6.222919999999999841e-02
2.924349999999999866e-02
-2.039720000000000075e-02
-4.035679999999999823e-02
-4.618909999999999683e-02
-6.398979999999999946e-02
-4.402849999999999819e-02
2.906330000000000024e-02
6.015670000000000045e-02
1.442459999999999923e-02
-5.195700000000000318e-02
-4.855310000000000181e-02
7.769070000000000316e-03
3.773649999999999921e-02
1.593009999999999912e-02
-2.791280000000000150e-02
-4.613099999999999840e-02
-2.376649999999999943e-02
8.058839999999999407e-03
6.203909999999999980e-03
-2.399980000000000169e-02
-5.416039999999999743e-02
-6.523289999999999644e-02
-5.333580000000000265e-02
-3.268370000000000303e-02
-3.299250000000000099e-02
-7.847940000000000471e-02
-1.067390000000000005e-01
-7.620250000000000634e-02
-2.453170000000000003e-02
-2.596869999999999821e-03
-1.574489999999999917e-02
-2.186209999999999889e-02
-7.483809999999999595e-03
9.476590000000000014e-03
1.766699999999999954e-03
-2.504709999999999923e-02
-2.260550000000000059e-02
2.593410000000000160e-02
8.449940000000000229e-02
7.595929999999999349e-02
-5.535720000000000050e-03
-3.426869999999999916e-02
2.489030000000000062e-02
9.306989999999999708e-02
9.390049999999999786e-02
4.321860000000000285e-02
8.611880000000000576e-03
2.326270000000000074e-02
6.407229999999999870e-02
9.880959999999999743e-02
1.175390000000000046e-01
8.696020000000000139e-02
1.271070000000000012e-02
-3.798069999999999918e-02
-2.130260000000000140e-02
2.660130000000000133e-02
3.606659999999999727e-02
1.499089999999999971e-02
5.824489999999999876e-03
1.354980000000000073e-02
2.242620000000000030e-02
2.492159999999999861e-02
2.575380000000000030e-02
2.829390000000000030e-02
3.244829999999999937e-02
4.058250000000000052e-02
5.562059999999999921e-02
7.312349999999999406e-02
9.007919999999999816e-02
1.052779999999999966e-01
1.162490000000000051e-01
6.663610000000000366e-02
-4.546479999999999966e-02
-1.316589999999999983e-01
-1.176299999999999985e-01
-3.637060000000000293e-02
3.921089999999999992e-02
5.821780000000000010e-02
2.872670000000000085e-02
-3.310889999999999927e-03
3.078979999999999825e-03
5.036469999999999836e-02
9.353430000000000077e-02
1.053850000000000064e-01
9.716710000000000624e-02
9.209059999999999468e-02
9.269189999999999374e-02
9.507169999999999510e-02
9.393609999999999460e-02
8.588479999999999726e-02
6.812799999999999412e-02
4.898079999999999795e-02
4.478340000000000098e-02
6.573360000000000314e-02
8.034020000000000050e-02
6.663009999999999766e-02
3.635979999999999768e-02
9.822300000000000822e-03
-1.242419999999999983e-02
-3.311970000000000192e-02
-4.429339999999999666e-02
-3.953670000000000101e-02
-3.134789999999999799e-02
-3.549580000000000096e-02
-1.111290000000000056e-01
-1.833100000000000007e-01
-1.656809999999999949e-01
-1.003330000000000055e-01
-8.837680000000000535e-02
-1.410919999999999952e-01
-1.534210000000000018e-01
-9.763470000000000482e-02
-5.016600000000000226e-02
-5.395400000000000196e-02
-6.832140000000000435e-02
-5.106610000000000316e-02
-1.447900000000000055e-02
-1.386340000000000012e-03
-1.952349999999999919e-02
-2.520640000000000033e-02
-4.238460000000000144e-02
-9.609410000000000174e-02
-1.551029999999999909e-01
-1.804429999999999923e-01
-1.696789999999999965e-01
-1.559450000000000003e-01
-1.599589999999999901e-01
-1.409860000000000002e-01
-7.377830000000000499e-02
1.243720000000000069e-02
8.900389999999999691e-02
1.351120000000000099e-01
1.496379999999999932e-01
1.473220000000000085e-01
1.428300000000000125e-01
1.811260000000000092e-01
2.055220000000000102e-01
1.676860000000000017e-01
1.082240000000000008e-01
6.574259999999999826e-02
6.197110000000000118e-02
5.979519999999999974e-02
6.492069999999999959e-03
-8.566880000000000328e-02
-1.433969999999999967e-01
-1.224869999999999987e-01
-5.762550000000000311e-02
1.162709999999999959e-03
4.683989999999999682e-02
8.900959999999999428e-02
1.038099999999999995e-01
5.716559999999999697e-02
-9.271420000000000702e-03
-2.762380000000000044e-02
-2.367989999999999939e-03
-6.240489999999999579e-03
-8.451889999999999403e-02
-2.002269999999999883e-01
-2.531510000000000149e-01
-1.842540000000000011e-01
-5.918860000000000093e-02
-1.660889999999999936e-02
-6.655750000000000555e-02
-1.144280000000000019e-01
-8.488410000000000399e-02
-2.327829999999999917e-03
2.549809999999999924e-02
-3.034390000000000004e-02
-1.082380000000000009e-01
-1.228100000000000025e-01
-5.771609999999999935e-02
1.093150000000000024e-02
8.030039999999999574e-04
-6.257089999999999874e-02
-5.930049999999999905e-02
2.683570000000000053e-02
1.140720000000000067e-01
1.113009999999999972e-01
4.240010000000000306e-02
4.937520000000000103e-02
1.520900000000000030e-01
2.449469999999999981e-01
2.370500000000000107e-01
1.586609999999999965e-01
8.349360000000000115e-02
2.888790000000000108e-02
-2.174380000000000063e-02
-7.807719999999999938e-02
-1.276359999999999995e-01
-1.266309999999999936e-01
-7.634810000000000207e-02
-2.060630000000000100e-02
2.393290000000000001e-02
6.280460000000000209e-02
1.001090000000000035e-01
7.446859999999999591e-02
-1.969840000000000133e-02
-6.374660000000000049e-02
-2.295470000000000149e-02
8.305820000000000217e-03
-1.145739999999999953e-02
-4.375590000000000035e-02
-5.292929999999999857e-02
-4.645780000000000048e-02
-4.244509999999999950e-02
-4.501109999999999833e-02
-4.771920000000000328e-02
-4.232090000000000157e-02
-8.598879999999999718e-03
4.835980000000000140e-02
1.041929999999999940e-01
1.151279999999999942e-01
8.169150000000000023e-02
4.244350000000000206e-02
1.297109999999999930e-02
-1.203689999999999968e-02
-3.941120000000000040e-02
-6.337650000000000228e-02
-7.547879999999999867e-02
-7.838130000000000097e-02
-8.063760000000000372e-02
-8.278900000000000148e-02
-8.316659999999999331e-02
-8.229830000000000478e-02
-8.603170000000000261e-02
-9.900520000000000154e-02
-1.174530000000000018e-01
-1.355169999999999986e-01
-1.500199999999999867e-01
-1.459409999999999874e-01
-1.158769999999999939e-01
-7.492279999999999773e-02
-3.703870000000000079e-02
-3.446939999999999900e-03
2.888430000000000164e-02
5.269639999999999741e-02
6.593820000000000237e-02
7.528150000000000119e-02
7.515929999999999833e-02
5.993659999999999960e-02
3.720260000000000233e-02
1.601570000000000077e-02
2.640420000000000093e-03
1.776350000000000108e-03
8.893820000000000198e-03
1.366580000000000052e-02
1.562189999999999933e-02
2.471680000000000058e-02
3.590270000000000267e-02
2.562350000000000044e-02
-5.118509999999999727e-03
-3.499000000000000027e-02
-1.529379999999999976e-02
4.438559999999999728e-02
6.432000000000000217e-02
3.099520000000000053e-02
-1.140809999999999914e-02
-3.416160000000000030e-02
-2.620569999999999844e-02
-1.151369999999999998e-02
-1.891019999999999854e-02
-4.092910000000000298e-02
-5.293350000000000138e-02
-4.265100000000000141e-02
-3.831060000000000021e-02
-6.064889999999999864e-02
-7.685169999999999502e-02
-3.974830000000000030e-02
2.460330000000000156e-02
4.533770000000000161e-02
2.074049999999999852e-02
1.946350000000000163e-02
6.330049999999999566e-02
9.529410000000000658e-02
9.931740000000000013e-02
9.138409999999999589e-02
6.414820000000000244e-02
3.492220000000000046e-02
4.095440000000000191e-02
6.867330000000000656e-02
7.741510000000000058e-02
6.475419999999999787e-02
5.026259999999999756e-02
4.915719999999999812e-02
6.356169999999999876e-02
8.390069999999999473e-02
9.338910000000000267e-02
7.939430000000000098e-02
4.992100000000000010e-02
2.142640000000000169e-02
-7.690730000000000005e-04
-1.851039999999999977e-02
-3.625620000000000231e-02
-5.379670000000000285e-02
-7.067769999999999608e-02
-8.613020000000000398e-02
-9.990459999999999618e-02
-9.100099999999999856e-02
-5.509449999999999764e-02
-4.162280000000000146e-02
-9.479590000000000238e-02
-1.189759999999999984e-01
-6.217160000000000047e-02
-1.212090000000000042e-02
-1.761479999999999990e-02
-4.628680000000000294e-02
-5.388389999999999846e-02
-2.053649999999999920e-02
3.389029999999999820e-02
5.406779999999999919e-02
2.649810000000000013e-02
-1.452729999999999994e-02
-2.515449999999999978e-02
1.462869999999999969e-02
7.677109999999999490e-02
9.365900000000000614e-02
6.999679999999999791e-02
9.656480000000000619e-02
1.877169999999999950e-01
2.867430000000000256e-01
3.422959999999999892e-01
3.477120000000000211e-01
3.507279999999999842e-01
3.755359999999999809e-01
4.063120000000000065e-01
4.304040000000000088e-01
4.463260000000000005e-01
4.111810000000000187e-01
2.909479999999999844e-01
1.733069999999999888e-01
1.205139999999999961e-01
9.898360000000000491e-02
6.673819999999999752e-02
2.045430000000000165e-02
-2.333640000000000020e-02
-5.932849999999999929e-02
-8.054749999999999410e-02
-8.457209999999999728e-02
-8.712809999999999999e-02
-9.862769999999999870e-02
-1.131849999999999939e-01
-1.162590000000000012e-01
-1.064439999999999970e-01
-9.523170000000000246e-02
-9.388480000000000436e-02
-1.231880000000000058e-01
-1.640240000000000031e-01
-1.713890000000000136e-01
-1.467449999999999866e-01
-1.189619999999999983e-01
-9.976740000000000608e-02
-8.380170000000000674e-02
-7.040499999999999536e-02
-5.795440000000000313e-02
-3.253749999999999698e-02
5.489869999999999993e-03
3.120739999999999972e-02
3.774059999999999915e-02
3.676689999999999819e-02
2.735200000000000131e-02
9.850009999999999322e-03
2.196130000000000131e-03
1.269520000000000023e-02
3.026239999999999833e-02
4.457099999999999951e-02
4.804270000000000068e-02
4.994250000000000078e-02
5.951970000000000177e-02
7.148799999999999599e-02
8.145370000000000388e-02
8.955960000000000309e-02
9.661720000000000030e-02
9.013450000000000628e-02
6.244340000000000307e-02
2.564519999999999994e-02
-4.646680000000000255e-03
-2.206419999999999909e-02
-3.195089999999999736e-02
-4.199920000000000042e-02
-4.956159999999999732e-02
-4.576729999999999687e-02
-3.270979999999999721e-02
-3.214100000000000290e-02
-5.267589999999999772e-02
-8.823340000000000349e-02
-1.276780000000000137e-01
-1.646769999999999901e-01
-1.992569999999999897e-01
-2.330760000000000054e-01
-2.660569999999999879e-01
-2.963540000000000063e-01
-3.046719999999999984e-01
-2.880280000000000062e-01
-2.693249999999999811e-01
-2.884309999999999929e-01
-3.261709999999999887e-01
-3.060970000000000080e-01
-2.266920000000000046e-01
-1.433470000000000022e-01
-1.048790000000000000e-01
-1.066079999999999944e-01
-8.748549999999999383e-02
-2.888330000000000064e-02
3.787469999999999726e-02
5.901019999999999877e-02
3.507079999999999920e-02
1.324829999999999931e-02
3.612329999999999708e-02
9.357290000000000052e-02
1.499409999999999910e-01
1.961489999999999900e-01
2.379020000000000024e-01
2.736999999999999988e-01
2.997659999999999769e-01
3.198309999999999764e-01
3.389349999999999863e-01
3.568899999999999850e-01
3.507779999999999787e-01
2.853020000000000000e-01
1.788369999999999960e-01
9.363100000000000589e-02
6.335870000000000390e-02
5.485570000000000029e-02
2.421999999999999847e-02
-2.025419999999999998e-02
-4.030460000000000292e-02
-3.192570000000000130e-02
-1.997480000000000089e-02
-1.480760000000000062e-02
-1.369719999999999965e-02
-2.688060000000000102e-02
-6.072779999999999845e-02
-9.047950000000000437e-02
-1.055139999999999967e-01
-1.384779999999999900e-01
-2.015010000000000134e-01
-2.693439999999999723e-01
-3.134919999999999929e-01
-3.034689999999999888e-01
-2.611060000000000048e-01
-2.452670000000000128e-01
-2.635529999999999817e-01
-2.568980000000000152e-01
-1.899899999999999922e-01
-1.150879999999999959e-01
-8.298039999999999583e-02
-7.486429999999999474e-02
-4.987260000000000304e-02
-3.755179999999999890e-03
3.410439999999999999e-02
5.173699999999999827e-02
6.017290000000000139e-02
6.988529999999999742e-02
6.862250000000000294e-02
5.254559999999999786e-02
2.384290000000000020e-02
-1.235359999999999930e-02
-4.909290000000000181e-02
-8.218380000000000130e-02
-9.186959999999999571e-02
-6.942879999999999885e-02
-6.264859999999999873e-02
-9.793499999999999428e-02
-1.152100000000000068e-01
-7.524490000000000345e-02
-1.002319999999999947e-02
4.590269999999999767e-02
7.513640000000000596e-02
7.773800000000000154e-02
7.449459999999999416e-02
8.830209999999999448e-02
1.153290000000000010e-01
1.404269999999999963e-01
1.432879999999999987e-01
1.157890000000000030e-01
8.937009999999999399e-02
8.327130000000000642e-02
6.458310000000000439e-02
2.038689999999999947e-02
-3.041280000000000025e-02
-7.364800000000000513e-02
-1.076519999999999977e-01
-1.223579999999999945e-01
-1.158840000000000009e-01
-1.004390000000000005e-01
-8.544179999999999831e-02
-5.641170000000000212e-02
8.584140000000000520e-04
7.168700000000000072e-02
1.068069999999999992e-01
8.609369999999999523e-02
4.250099999999999711e-02
1.495089999999999961e-02
1.614959999999999920e-03
-1.830880000000000007e-02
-4.588629999999999792e-02
-6.553910000000000291e-02
-7.311750000000000194e-02
-7.791330000000000477e-02
-8.208269999999999456e-02
-7.434010000000000618e-02
-5.336980000000000196e-02
-3.082580000000000042e-02
-1.594560000000000075e-02
-2.280789999999999901e-02
-3.326180000000000109e-02
-1.977840000000000154e-02
6.875440000000000024e-03
1.075139999999999950e-02
-1.179499999999999993e-02
-3.654799999999999716e-02
-4.202039999999999942e-02
-2.280659999999999979e-02
-9.053810000000000243e-04
5.793399999999999765e-03
5.815960000000000227e-03
7.430230000000000341e-03
3.004999999999999859e-03
-7.848990000000000133e-03
-1.478009999999999914e-02
-4.579820000000000071e-03
-1.186589999999999954e-03
-1.884210000000000051e-02
-4.271590000000000109e-02
-4.927460000000000173e-02
-3.639479999999999799e-02
-1.953030000000000044e-02
-1.853819999999999947e-03
2.923229999999999926e-02
5.642149999999999943e-02
5.222439999999999721e-02
2.772200000000000011e-02
2.869849999999999832e-02
7.095329999999999693e-02
1.263739999999999863e-01
1.695160000000000000e-01
1.687899999999999956e-01
1.314450000000000063e-01
9.641810000000000658e-02
6.923260000000000525e-02
3.839750000000000107e-02
4.188039999999999645e-03
-5.178420000000000202e-04
3.004280000000000145e-02
6.792689999999999839e-02
9.664670000000000205e-02
9.520739999999999759e-02
6.211219999999999936e-02
3.483300000000000285e-02
2.330110000000000167e-02
9.418660000000000573e-03
-1.162569999999999923e-02
-2.540450000000000000e-02
-2.279470000000000107e-02
-1.912439999999999973e-02
-2.988050000000000081e-02
-3.184639999999999693e-02
9.958550000000000041e-03
8.190039999999999820e-02
1.443909999999999916e-01
1.689390000000000058e-01
1.667669999999999986e-01
1.638799999999999979e-01
1.552469999999999961e-01
1.205220000000000041e-01
6.559410000000000240e-02
1.123320000000000048e-02
-3.593539999999999929e-02
-7.596070000000000599e-02
-1.121800000000000019e-01
-1.467559999999999976e-01
-1.778440000000000021e-01
-1.771530000000000049e-01
-1.419229999999999936e-01
-9.997390000000000443e-02
-6.585939999999999850e-02
-4.454679999999999751e-02
-3.903969999999999663e-02
-3.544409999999999922e-02
-3.926699999999999982e-03
4.947630000000000083e-02
8.238529999999999465e-02
7.348699999999999677e-02
4.455370000000000164e-02
2.837030000000000107e-02
4.068019999999999969e-02
6.910479999999999401e-02
9.504340000000000011e-02
1.163050000000000056e-01
1.369690000000000074e-01
1.565350000000000075e-01
1.419509999999999939e-01
1.128080000000000055e-01
1.028120000000000006e-01
9.414959999999999996e-02
6.827060000000000073e-02
3.116040000000000129e-02
-2.910409999999999994e-03
-2.841139999999999985e-02
-4.277469999999999883e-02
-5.080819999999999781e-02
-5.773110000000000047e-02
-6.097840000000000205e-02
-6.162700000000000122e-02
-6.976290000000000269e-02
-8.521900000000000308e-02
-9.461719999999999853e-02
-8.652759999999999618e-02
-6.839850000000000096e-02
-6.166810000000000347e-02
-7.024569999999999426e-02
-6.530919999999999781e-02
-3.720790000000000208e-02
-3.810089999999999918e-03
1.894420000000000132e-02
2.182840000000000127e-02
2.784060000000000007e-02
5.136090000000000100e-02
8.020389999999999464e-02
1.042030000000000040e-01
1.152519999999999933e-01
9.480470000000000563e-02
4.864299999999999874e-02
6.545279999999999675e-03
-1.650220000000000159e-02
-2.689379999999999896e-02
-2.078249999999999889e-02
5.640280000000000120e-03
3.728950000000000320e-02
4.778229999999999977e-02
2.249680000000000082e-02
1.067189999999999979e-02
3.752350000000000130e-02
7.634040000000000270e-02
8.763970000000000093e-02
5.117229999999999696e-02
-2.962740000000000165e-03
-2.581709999999999908e-02
-2.438270000000000021e-02
-3.537869999999999904e-02
-6.434220000000000217e-02
-9.393930000000000335e-02
-1.065320000000000017e-01
-7.912189999999999501e-02
-2.187800000000000161e-02
3.580010000000000137e-02
7.437370000000000092e-02
8.960469999999999546e-02
9.472740000000000327e-02
1.001930000000000043e-01
9.367630000000000401e-02
5.683370000000000088e-02
1.706019999999999932e-03
-2.421680000000000013e-02
-1.128499999999999989e-02
9.400040000000000132e-03
1.481909999999999998e-02
6.645400000000000092e-03
6.241879999999999998e-03
1.762129999999999946e-02
2.567349999999999841e-02
1.891630000000000048e-02
-3.763380000000000197e-03
-3.444740000000000302e-02
-6.322260000000000379e-02
-8.718720000000000636e-02
-8.583010000000000639e-02
-5.955629999999999952e-02
-3.117419999999999913e-02
-4.012679999999999719e-02
-8.666350000000000442e-02
-1.206850000000000006e-01
-1.062730000000000063e-01
-6.225680000000000103e-02
-3.048040000000000124e-02
-2.741220000000000115e-02
-3.321550000000000197e-02
-3.874720000000000247e-02
-4.987079999999999985e-02
-6.425190000000000068e-02
-7.321759999999999380e-02
-6.433590000000000142e-02
-4.324730000000000241e-02
-2.215889999999999874e-02
-1.262369999999999985e-02
-4.288430000000000020e-02
-9.496970000000000411e-02
-9.477380000000000526e-02
-3.977610000000000173e-02
8.152269999999999656e-03
9.438749999999999224e-03
-1.350909999999999958e-02
1.078100000000000022e-03
6.798070000000000501e-02
1.027310000000000029e-01
7.100960000000000605e-02
2.104450000000000071e-02
7.953840000000000215e-03
4.094690000000000135e-02
7.148259999999999337e-02
7.063129999999999409e-02
5.252459999999999768e-02
3.659110000000000140e-02
2.601600000000000093e-02
1.766519999999999896e-02
1.973789999999999920e-02
3.338920000000000082e-02
4.925999999999999823e-02
6.265510000000000523e-02
7.439410000000000467e-02
8.401949999999999696e-02
5.878069999999999823e-02
6.671059999999999924e-04
-2.387109999999999926e-02
-1.489910000000000019e-02
-3.731020000000000170e-02
-7.651230000000000531e-02
-8.504299999999999360e-02
-9.030660000000000076e-02
-1.046350000000000058e-01
-1.034120000000000039e-01
-8.380160000000000386e-02
-6.541170000000000317e-02
-7.001060000000000616e-02
-9.201570000000000582e-02
-1.061980000000000007e-01
-9.424430000000000307e-02
-6.522409999999999319e-02
-3.619619999999999782e-02
5.864030000000000110e-03
5.502640000000000309e-02
7.395169999999999522e-02
6.198109999999999731e-02
5.913310000000000094e-02
8.339760000000000228e-02
1.182549999999999990e-01
1.472630000000000050e-01
1.491389999999999938e-01
1.004639999999999977e-01
2.952899999999999969e-02
1.790450000000000028e-02
6.959479999999999833e-02
9.348720000000000641e-02
5.559839999999999921e-02
2.926409999999999949e-03
-1.497470000000000051e-02
5.798020000000000083e-03
3.734729999999999994e-02
6.016400000000000220e-02
5.008660000000000195e-02
5.571610000000000278e-03
-2.982529999999999903e-02
-3.033649999999999888e-02
-1.333059999999999974e-02
-4.612650000000000257e-03
3.378320000000000194e-03
2.095019999999999955e-03
-2.258399999999999991e-02
-5.902870000000000339e-02
-6.926169999999999549e-02
-4.640060000000000018e-02
-1.768749999999999836e-02
3.288440000000000113e-03
3.013679999999999831e-02
7.016630000000000089e-02
1.124209999999999932e-01
1.418230000000000046e-01
1.208309999999999940e-01
5.820369999999999711e-02
3.828700000000000159e-02
6.312819999999999543e-02
6.275260000000000560e-02
2.548069999999999849e-02
1.015129999999999939e-03
1.025299999999999996e-02
2.922639999999999960e-02
3.969870000000000343e-02
2.483950000000000047e-02
-1.364270000000000066e-02
-5.758440000000000086e-02
-9.693690000000000639e-02
-1.330540000000000056e-01
-1.673199999999999965e-01
-1.708199999999999996e-01
-1.237209999999999976e-01
-5.354369999999999963e-02
-1.165159999999999980e-02
-3.117050000000000029e-02
-6.203870000000000218e-02
-4.793680000000000163e-02
-3.320700000000000214e-03
3.140810000000000130e-02
1.666849999999999929e-02
-2.286670000000000022e-02
-2.268809999999999924e-02
1.869559999999999972e-02
6.119430000000000008e-02
5.757550000000000168e-02
1.197709999999999921e-02
-3.334520000000000105e-03
2.999949999999999839e-02
6.947050000000000447e-02
4.428689999999999710e-02
-3.007380000000000123e-02
-5.817540000000000211e-02
-2.833679999999999879e-02
4.595310000000000020e-04
-1.697190000000000157e-02
-6.258439999999999837e-02
-9.225360000000000504e-02
-7.663749999999999729e-02
-3.505180000000000101e-02
-2.081109999999999904e-02
-5.445210000000000328e-02
-7.926099999999999812e-02
-4.957330000000000070e-02
5.186839999999999853e-03
1.773349999999999926e-02
-1.612049999999999941e-02
-5.455890000000000045e-02
-7.753549999999999331e-02
-8.726520000000000110e-02
-9.387349999999999861e-02
-1.012539999999999968e-01
-9.782910000000000217e-02
-6.885650000000000104e-02
-2.363840000000000038e-02
5.810219999999999621e-03
-3.254429999999999996e-03
-2.777019999999999836e-02
-1.462920000000000019e-02
3.602829999999999921e-02
8.683359999999999690e-02
8.098270000000000468e-02
1.916309999999999888e-02
-3.194290000000000324e-02
-1.538899999999999990e-02
1.642920000000000144e-02
6.503919999999999623e-04
-4.221819999999999740e-02
-6.366320000000000312e-02
-2.494060000000000027e-02
4.786309999999999870e-02
7.419030000000000069e-02
3.661770000000000302e-02
-1.307799999999999935e-02
-3.550579999999999709e-02
-2.209090000000000012e-02
2.201240000000000141e-03
8.499829999999999885e-03
-3.226910000000000195e-02
-1.024749999999999966e-01
-1.470470000000000110e-01
-1.073930000000000023e-01
-1.078819999999999953e-02
5.084410000000000318e-02
2.604700000000000071e-02
-4.263240000000000085e-02
-9.279160000000000186e-02
-5.900380000000000208e-02
4.159890000000000115e-02
1.397760000000000113e-01
1.419519999999999949e-01
5.444390000000000340e-02
-2.849080000000000015e-02
-4.337119999999999864e-02
-1.072760000000000033e-02
-1.433240000000000035e-02
-2.166869999999999907e-02
1.245609999999999946e-02
3.547879999999999784e-02
1.760739999999999875e-02
1.316490000000000021e-02
5.903470000000000245e-02
1.265320000000000056e-01
1.420269999999999866e-01
8.456900000000000528e-02
3.667030000000000289e-02
6.054749999999999716e-02
1.247550000000000048e-01
1.733230000000000048e-01
1.518690000000000040e-01
7.462149999999999339e-02
-1.941950000000000013e-03
-3.759869999999999879e-02
-2.554500000000000173e-02
-3.212380000000000096e-02
-9.072959999999999359e-02
-1.666360000000000063e-01
-1.815370000000000039e-01
-1.323020000000000029e-01
-7.603550000000000586e-02
-4.396919999999999995e-02
-3.687379999999999824e-02
-3.135330000000000061e-02
-6.532060000000000123e-03
3.128920000000000312e-02
6.623850000000000571e-02
7.895459999999999978e-02
7.953530000000000322e-02
9.069610000000000172e-02
1.095219999999999944e-01
9.745729999999999671e-02
5.636329999999999812e-02
4.315030000000000254e-02
6.835510000000000197e-02
1.001429999999999959e-01
1.145749999999999963e-01
9.506620000000000348e-02
6.493200000000000360e-02
5.787749999999999839e-02
6.810670000000000612e-02
7.045379999999999698e-02
4.451250000000000345e-02
6.761160000000000433e-04
-4.162609999999999921e-02
-7.654819999999999680e-02
-9.232609999999999428e-02
-8.783989999999999854e-02
-7.805420000000000413e-02
-7.129249999999999476e-02
-7.820839999999999737e-02
-1.166910000000000031e-01
-1.547300000000000064e-01
-1.293249999999999955e-01
-5.300950000000000106e-02
1.520709999999999944e-02
8.775820000000000148e-04
-8.224360000000000004e-02
-1.342210000000000070e-01
-1.092680000000000040e-01
-4.949599999999999833e-02
-1.561309999999999955e-02
-2.321679999999999924e-02
-3.021449999999999830e-02
-3.959640000000000382e-03
-2.279320000000000044e-03
-4.859220000000000206e-02
-7.523449999999999582e-02
-5.544190000000000229e-02
-2.314619999999999872e-02
-1.194270000000000054e-02
-3.438229999999999759e-02
-7.232869999999999577e-02
-9.403040000000000009e-02
-7.056540000000000035e-02
-1.694609999999999866e-02
1.277260000000000027e-02
-1.361560000000000027e-02
-6.745529999999999582e-02
-6.974379999999999469e-02
-3.390729999999999786e-03
3.389659999999999895e-02
5.404690000000000188e-03
-1.826049999999999895e-02
-1.026999999999999962e-02
-4.812809999999999831e-03
-2.913150000000000201e-03
1.167050000000000032e-02
3.619590000000000307e-02
5.966679999999999900e-02
7.727910000000000335e-02
9.203899999999999582e-02
1.073149999999999937e-01
1.215969999999999968e-01
1.193290000000000045e-01
9.606019999999999837e-02
8.029930000000000401e-02
8.472639999999999338e-02
9.670639999999999792e-02
1.034049999999999969e-01
9.006369999999999654e-02
5.629139999999999838e-02
4.677889999999999826e-02
8.446660000000000279e-02
1.356839999999999991e-01
1.225829999999999975e-01
4.520169999999999744e-02
-2.231750000000000053e-02
-2.041580000000000131e-02
2.930779999999999844e-02
6.235469999999999902e-02
2.328179999999999833e-02
-3.321969999999999784e-02
-2.227339999999999876e-02
3.614509999999999945e-02
6.473909999999999387e-02
3.821390000000000203e-02
-3.243840000000000005e-03
-3.316090000000000010e-02
-4.001670000000000227e-02
-3.364430000000000198e-02
-2.687350000000000155e-02
-2.324690000000000090e-02
-1.935189999999999827e-02
-1.717940000000000092e-02
-2.434729999999999880e-02
-2.802040000000000086e-02
-4.283709999999999601e-03
3.864050000000000124e-02
8.177979999999999972e-02
1.168740000000000057e-01
1.375840000000000118e-01
1.361539999999999973e-01
1.233270000000000061e-01
1.124980000000000008e-01
1.165709999999999941e-01
1.311110000000000053e-01
1.428210000000000035e-01
1.038710000000000050e-01
2.689100000000000171e-02
-7.183069999999999733e-03
1.243619999999999969e-02
3.911629999999999968e-02
2.090219999999999925e-02
-2.441000000000000114e-02
-3.268449999999999828e-02
-7.826149999999999600e-04
3.468179999999999874e-02
4.259170000000000317e-02
1.938290000000000152e-02
-1.462929999999999960e-02
-4.249460000000000043e-02
-6.326529999999999654e-02
-8.770250000000000268e-02
-1.270699999999999885e-01
-1.757660000000000056e-01
-2.217870000000000119e-01
-2.533500000000000196e-01
-2.505760000000000209e-01
-2.208839999999999970e-01
-1.913340000000000041e-01
-1.703600000000000114e-01
-1.464799999999999991e-01
-1.052519999999999983e-01
-6.743250000000000632e-02
-6.209749999999999992e-02
-8.107749999999999679e-02
-9.976849999999999608e-02
-1.093409999999999938e-01
-1.143119999999999969e-01
-1.208420000000000050e-01
-1.283140000000000114e-01
-1.330890000000000128e-01
-9.753390000000000670e-02
-5.594270000000000145e-03
6.908640000000000614e-02
7.192759999999999432e-02
3.821739999999999859e-02
3.393619999999999970e-02
8.136050000000000226e-02
1.259889999999999899e-01
1.228950000000000042e-01
9.145000000000000351e-02
8.004780000000000229e-02
1.019830000000000042e-01
1.342820000000000125e-01
1.497850000000000015e-01
1.269689999999999985e-01
7.819130000000000524e-02
4.683559999999999807e-02
4.748310000000000031e-02
5.887499999999999678e-02
2.693239999999999870e-02
-2.232260000000000147e-02
-3.010070000000000107e-02
-2.456530000000000172e-02
-4.968539999999999762e-02
-7.027269999999999350e-02
-5.694740000000000218e-02
-2.966970000000000024e-02
-8.461780000000000343e-03
2.140710000000000041e-04
-5.233969999999999899e-04
-7.099300000000000228e-03
-2.151139999999999997e-02
-4.232530000000000320e-02
-6.348900000000000376e-02
-8.266790000000000249e-02
-1.006119999999999931e-01
-1.179069999999999979e-01
-1.340030000000000110e-01
-1.370129999999999959e-01
-1.198089999999999988e-01
-9.380049999999999499e-02
-6.974640000000000006e-02
-4.896919999999999745e-02
-2.753809999999999938e-02
-4.402180000000000329e-03
2.639630000000000101e-02
6.986470000000000180e-02
1.190009999999999957e-01
1.554800000000000071e-01
1.714400000000000091e-01
1.826810000000000100e-01
1.982849999999999890e-01
2.037799999999999889e-01
1.944220000000000115e-01
1.814189999999999969e-01
1.713880000000000126e-01
1.634760000000000102e-01
1.557520000000000016e-01
1.493130000000000013e-01
1.442900000000000016e-01
1.394450000000000134e-01
1.284619999999999929e-01
1.101629999999999970e-01
9.020880000000000565e-02
7.280040000000000122e-02
6.952930000000000221e-02
8.036469999999999725e-02
8.912209999999999577e-02
7.170479999999999909e-02
3.267529999999999740e-02
3.883699999999999913e-03
-4.912569999999999784e-03
-1.737170000000000034e-02
-6.176659999999999789e-02
-1.273259999999999947e-01
-1.702249999999999874e-01
-1.726699999999999902e-01
-1.627359999999999918e-01
-1.664819999999999911e-01
-1.764729999999999910e-01
-1.686529999999999974e-01
-1.450269999999999893e-01
-1.377950000000000008e-01
-1.556269999999999876e-01
-1.777880000000000016e-01
-1.942510000000000070e-01
-2.076999999999999957e-01
-2.198279999999999956e-01
-2.000570000000000126e-01
-1.442460000000000131e-01
-8.024710000000000176e-02
-1.335740000000000018e-02
3.827069999999999778e-02
5.863460000000000200e-02
7.808389999999999775e-02
1.151729999999999976e-01
1.589740000000000042e-01
1.957550000000000123e-01
2.042180000000000106e-01
1.629339999999999955e-01
1.115130000000000010e-01
9.332799999999999430e-02
9.714770000000000350e-02
8.512480000000000047e-02
5.076859999999999706e-02
2.050429999999999961e-02
1.483559999999999914e-02
1.569100000000000009e-02
2.856829999999999873e-03
-1.711110000000000061e-02
-2.374710000000000015e-02
-1.456789999999999995e-02
-1.201589999999999950e-02
-2.721490000000000020e-02
-5.038129999999999692e-02
-7.043470000000000286e-02
-8.696479999999999488e-02
-1.025739999999999985e-01
-1.185390000000000055e-01
-1.368479999999999974e-01
-1.556319999999999926e-01
-1.629269999999999885e-01
-1.498049999999999937e-01
-1.258239999999999914e-01
-1.090089999999999948e-01
-1.048790000000000000e-01
-9.281789999999999485e-02
-6.399570000000000258e-02
-3.276869999999999783e-02
-2.277819999999999845e-02
-2.361749999999999960e-02
-7.786890000000000304e-03
2.290239999999999984e-02
5.375869999999999954e-02
7.803069999999999451e-02
8.774949999999999417e-02
8.145130000000000425e-02
7.629700000000000371e-02
7.944519999999999360e-02
7.816180000000000350e-02
6.139039999999999775e-02
3.602160000000000084e-02
1.213640000000000031e-02
-7.100839999999999756e-03
-8.473460000000000367e-03
1.363080000000000021e-02
4.435850000000000209e-02
6.952220000000000621e-02
6.573650000000000326e-02
3.793959999999999694e-02
3.556959999999999983e-02
7.429620000000000668e-02
1.248029999999999973e-01
1.649190000000000100e-01
1.680899999999999894e-01
1.307500000000000051e-01
8.153870000000000562e-02
6.189850000000000213e-02
8.715190000000000436e-02
1.005889999999999979e-01
7.923120000000000163e-02
7.367229999999999612e-02
8.293559999999999821e-02
8.084080000000000432e-02
7.878469999999999918e-02
8.822149999999999437e-02
1.006110000000000060e-01
8.105629999999999780e-02
2.949809999999999932e-02
-4.221879999999999904e-04
1.402459999999999991e-02
4.503750000000000114e-02
5.653369999999999923e-02
4.006730000000000014e-02
2.770869999999999930e-02
3.602709999999999940e-02
5.122759999999999814e-02
6.062569999999999765e-02
4.966949999999999837e-02
1.677379999999999843e-02
-2.320039999999999950e-02
-5.863809999999999856e-02
-7.233130000000000115e-02
-7.849580000000000446e-02
-1.092270000000000046e-01
-1.594889999999999919e-01
-1.903600000000000014e-01
-1.611499999999999877e-01
-9.238889999999999603e-02
-4.902909999999999907e-02
-5.145849999999999730e-02
-6.548120000000000329e-02
-5.341520000000000296e-02
-2.573119999999999921e-02
-2.567689999999999903e-02
-4.793979999999999769e-02
-6.234230000000000327e-02
-6.536169999999999480e-02
-6.257769999999999999e-02
-4.682100000000000151e-02
-1.942429999999999851e-02
3.128370000000000109e-03
8.055879999999999638e-03
1.731289999999999912e-03
-4.311910000000000395e-03
-1.070029999999999940e-02
-2.150780000000000053e-02
-3.505640000000000145e-02
-4.753219999999999668e-02
-4.907210000000000044e-02
-2.495930000000000024e-02
1.566909999999999831e-02
4.534989999999999855e-02
5.935959999999999848e-02
6.971839999999999982e-02
7.504929999999999934e-02
5.208419999999999717e-02
9.978749999999999773e-03
-1.085430000000000075e-02
-1.545919999999999933e-02
-2.762699999999999878e-02
-4.799710000000000087e-02
-6.642080000000000206e-02
-6.603649999999999798e-02
-4.937060000000000060e-02
-3.136049999999999949e-02
-1.603349999999999914e-02
3.001849999999999918e-03
2.728500000000000023e-02
5.190150000000000319e-02
7.311779999999999669e-02
7.528730000000000144e-02
5.417199999999999793e-02
3.818599999999999772e-02
3.934270000000000128e-02
3.179909999999999681e-02
1.130829999999999986e-03
-2.678250000000000075e-02
-2.249949999999999867e-02
4.927499999999999589e-03
3.155220000000000247e-02
5.083639999999999687e-02
6.070040000000000158e-02
6.296690000000000620e-02
5.572579999999999895e-02
3.788330000000000169e-02
1.636409999999999948e-02
-6.588440000000000095e-04
-1.544779999999999938e-02
-3.828920000000000240e-02
-6.813109999999999999e-02
-9.275990000000000624e-02
-9.576199999999999990e-02
-8.172179999999999722e-02
-6.808859999999999912e-02
-6.009660000000000002e-02
-5.244630000000000125e-02
-3.916750000000000093e-02
-2.433400000000000146e-02
-2.279810000000000170e-02
-3.499159999999999771e-02
-4.879470000000000335e-02
-5.929199999999999748e-02
-6.805120000000000613e-02
-7.700510000000000688e-02
-8.542210000000000081e-02
-9.006309999999999316e-02
-8.814160000000000050e-02
-8.720999999999999586e-02
-9.910689999999999777e-02
-1.205309999999999993e-01
-1.288489999999999913e-01
-1.188530000000000003e-01
-1.042529999999999984e-01
-9.393669999999999798e-02
-9.235949999999999716e-02
-9.805439999999999989e-02
-1.051219999999999932e-01
-1.114839999999999998e-01
-1.158649999999999958e-01
-1.010390000000000038e-01
-6.019170000000000076e-02
-2.158180000000000168e-02
-1.974730000000000062e-03
8.350599999999999690e-03
2.090169999999999875e-02
3.491860000000000103e-02
4.244459999999999900e-02
4.027669999999999861e-02
2.399309999999999984e-02
-3.593550000000000043e-03
-3.150970000000000160e-02
-5.560060000000000002e-02
-5.725340000000000290e-02
-3.565890000000000032e-02
-8.532279999999999726e-03
1.829969999999999861e-02
5.909129999999999938e-02
1.141559999999999936e-01
1.660260000000000069e-01
1.885419999999999874e-01
1.939079999999999970e-01
2.065230000000000121e-01
2.243189999999999906e-01
2.200350000000000084e-01
1.644170000000000076e-01
8.361000000000000376e-02
3.164750000000000202e-02
1.289700000000000048e-02
-1.205579999999999933e-03
-2.273450000000000124e-02
-4.515979999999999994e-02
-5.135599999999999887e-02
-3.189550000000000024e-02
3.481129999999999923e-04
3.058119999999999936e-02
5.643639999999999768e-02
7.994880000000000042e-02
7.951389999999999847e-02
5.028060000000000168e-02
1.392539999999999924e-02
-1.696749999999999994e-02
-4.372899999999999704e-02
-7.046379999999999311e-02
-8.846950000000000647e-02
-7.983060000000000156e-02
-5.012010000000000076e-02
-1.945200000000000054e-02
4.208299999999999888e-03
1.718750000000000139e-02
2.342199999999999838e-02
3.576639999999999681e-02
5.772410000000000041e-02
7.805940000000000101e-02
7.301249999999999407e-02
4.493660000000000015e-02
2.678349999999999828e-02
2.739290000000000128e-02
2.491989999999999830e-02
9.332490000000000577e-03
-8.480730000000000560e-03
-4.725049999999999736e-03
2.491979999999999890e-02
6.065430000000000127e-02
9.140460000000000251e-02
1.183580000000000049e-01
1.446179999999999966e-01
1.527600000000000069e-01
1.425329999999999930e-01
1.379100000000000048e-01
1.442569999999999963e-01
1.384400000000000075e-01
1.142139999999999961e-01
8.613289999999999835e-02
6.735839999999999883e-02
6.276959999999999484e-02
6.457200000000000439e-02
4.909460000000000213e-02
1.034410000000000017e-02
-3.414679999999999799e-02
-6.243110000000000326e-02
-6.552510000000000279e-02
-6.312149999999999705e-02
-7.541570000000000218e-02
-9.833310000000000661e-02
-1.186740000000000017e-01
-1.335480000000000000e-01
-1.473839999999999872e-01
-1.624099999999999988e-01
-1.765510000000000135e-01
-1.808259999999999867e-01
-1.621809999999999918e-01
-1.283559999999999979e-01
-9.565500000000000391e-02
-7.613029999999999797e-02
-6.778589999999999616e-02
-5.624819999999999820e-02
-3.194380000000000136e-02
-4.530459999999999988e-05
2.953729999999999897e-02
4.558220000000000327e-02
4.347730000000000344e-02
3.302490000000000286e-02
2.105639999999999942e-02
1.673769999999999989e-03
-1.833159999999999998e-02
-1.536880000000000017e-02
7.890229999999999813e-03
2.008129999999999984e-02
1.139500000000000061e-02
2.449549999999999991e-03
8.125469999999999221e-03
2.266009999999999899e-02
3.501710000000000239e-02
4.129979999999999762e-02
4.061530000000000001e-02
3.662689999999999696e-02
3.581689999999999874e-02
4.125229999999999869e-02
4.898129999999999845e-02
5.141949999999999993e-02
3.938239999999999796e-02
1.714979999999999977e-02
-5.058209999999999616e-03
-2.409789999999999849e-02
-4.208880000000000260e-02
-5.999390000000000278e-02
-7.363569999999999838e-02
-7.885730000000000517e-02
-6.662949999999999429e-02
-3.209669999999999884e-02
1.223579999999999980e-02
5.129949999999999788e-02
6.800050000000000539e-02
6.590989999999999349e-02
5.993989999999999735e-02
4.633160000000000056e-02
2.279739999999999892e-02
-3.365490000000000061e-03
-2.723400000000000126e-02
-4.764829999999999760e-02
-4.994570000000000259e-02
-2.891929999999999848e-02
-3.218319999999999775e-04
2.516619999999999968e-02
4.701480000000000242e-02
6.713199999999999723e-02
6.002350000000000046e-02
2.290889999999999940e-02
-1.922439999999999913e-02
-5.025659999999999850e-02
-6.492340000000000610e-02
-7.099220000000000530e-02
-7.683059999999999889e-02
-7.788119999999999765e-02
-6.412600000000000244e-02
-3.956309999999999688e-02
-1.524089999999999993e-02
3.302970000000000125e-03
1.121349999999999951e-02
1.129879999999999947e-02
1.053749999999999999e-02
1.114710000000000006e-02
1.126910000000000064e-02
-7.208060000000000508e-04
-2.657280000000000059e-02
-5.453970000000000345e-02
-7.035879999999999912e-02
-6.273769999999999347e-02
-4.093900000000000317e-02
-1.848800000000000096e-02
3.993520000000000403e-03
2.932330000000000006e-02
5.541929999999999773e-02
7.888839999999999741e-02
8.033329999999999638e-02
5.985089999999999855e-02
4.437239999999999934e-02
4.783110000000000139e-02
5.726490000000000052e-02
5.739799999999999763e-02
5.304919999999999775e-02
5.773459999999999703e-02
7.155599999999999461e-02
8.552239999999999842e-02
9.188350000000000684e-02
9.034129999999999938e-02
8.959259999999999446e-02
9.432790000000000619e-02
1.015039999999999970e-01
1.071389999999999981e-01
1.114330000000000043e-01
1.145570000000000060e-01
1.146550000000000069e-01
1.101660000000000000e-01
9.833450000000000524e-02
8.092119999999999869e-02
6.340020000000000377e-02
4.612320000000000308e-02
2.627089999999999981e-02
4.816570000000000053e-03
-7.055529999999999961e-03
-5.546419999999999823e-03
6.035940000000000489e-04
5.052970000000000378e-03
7.404280000000000063e-03
8.528469999999999801e-03
8.695410000000000639e-03
8.667889999999999276e-03
8.389179999999999554e-03
5.457690000000000284e-03
-8.839480000000000254e-03
-3.303829999999999961e-02
-5.791899999999999826e-02
-7.959990000000000121e-02
-9.782150000000000567e-02
-1.113589999999999997e-01
-1.213629999999999987e-01
-1.303789999999999949e-01
-1.391529999999999989e-01
-1.424749999999999905e-01
-1.383929999999999882e-01
-1.315270000000000050e-01
-1.233039999999999969e-01
-1.114089999999999941e-01
-9.663299999999999668e-02
-8.182989999999999708e-02
-6.790050000000000252e-02
-4.930169999999999692e-02
-2.457070000000000087e-02
1.344490000000000051e-03
2.508989999999999831e-02
4.313569999999999904e-02
4.376359999999999972e-02
2.896960000000000160e-02
1.239769999999999935e-02
-8.301269999999999483e-04
-1.243310000000000075e-02
-2.477249999999999938e-02
-3.688820000000000293e-02
-4.355620000000000325e-02
-3.771359999999999990e-02
-2.352519999999999958e-02
-9.913679999999999368e-03
9.282420000000000821e-06
8.480990000000000750e-03
1.763340000000000046e-02
2.720169999999999880e-02
3.200000000000000067e-02
3.101430000000000159e-02
2.850240000000000065e-02
2.687190000000000065e-02
2.564079999999999832e-02
2.073969999999999980e-02
7.511829999999999723e-03
-1.122139999999999943e-02
-2.953129999999999991e-02
-4.511939999999999701e-02
-4.815010000000000123e-02
-3.557010000000000033e-02
-1.797199999999999839e-02
-8.109520000000000270e-03
-1.149090000000000007e-02
-1.541460000000000052e-02
-1.018329999999999930e-02
-2.808749999999999832e-04
8.164990000000000442e-03
1.448920000000000069e-02
1.918219999999999995e-02
2.055490000000000095e-02
1.899800000000000100e-02
1.671200000000000116e-02
1.107610000000000018e-02
-7.913590000000000240e-05
-1.378459999999999928e-02
-2.674549999999999844e-02
-3.842240000000000238e-02
-4.964650000000000313e-02
-6.071490000000000220e-02
-7.118620000000000503e-02
-7.788910000000000278e-02
-7.643320000000000669e-02
-7.076090000000000158e-02
-6.881059999999999954e-02
-7.107940000000000091e-02
-7.368679999999999675e-02
-7.501660000000000272e-02
-7.544460000000000055e-02
-6.812360000000000637e-02
-4.883350000000000191e-02
-2.432930000000000162e-02
-1.319730000000000078e-03
1.928699999999999859e-02
3.910919999999999674e-02
5.569600000000000245e-02
6.357970000000000288e-02
5.951410000000000033e-02
4.537669999999999898e-02
2.757909999999999875e-02
1.145769999999999948e-02
4.563160000000000133e-03
1.406379999999999957e-02
3.330779999999999852e-02
5.126440000000000163e-02
5.909500000000000169e-02
5.908599999999999963e-02
6.001399999999999790e-02
6.692549999999999888e-02
7.745970000000000633e-02
8.683240000000000403e-02
8.736190000000000622e-02
7.613820000000000310e-02
6.033770000000000105e-02
4.573780000000000207e-02
3.046010000000000037e-02
1.186390000000000014e-02
-7.724110000000000177e-03
-2.384090000000000167e-02
-3.349789999999999712e-02
-3.949069999999999664e-02
-4.378669999999999785e-02
-4.567840000000000095e-02
-4.527509999999999868e-02
-4.401100000000000151e-02
-3.549189999999999984e-02
-1.890690000000000079e-02
-1.216730000000000068e-03
9.361939999999999151e-03
1.245199999999999953e-02
1.512780000000000027e-02
2.172610000000000166e-02
3.074050000000000046e-02
3.894140000000000101e-02
4.520819999999999700e-02
4.641750000000000043e-02
4.924760000000000248e-02
5.806879999999999681e-02
6.455479999999999552e-02
6.106450000000000072e-02
5.099390000000000173e-02
4.319350000000000273e-02
4.272429999999999978e-02
4.655299999999999716e-02
4.223620000000000152e-02
2.822540000000000118e-02
1.271949999999999990e-02
-1.134259999999999945e-04
-1.087190000000000031e-02
-1.629939999999999861e-02
-1.621109999999999912e-02
-1.485979999999999940e-02
-1.454040000000000020e-02
-1.712400000000000033e-02
-2.355499999999999955e-02
-3.190520000000000161e-02
-3.992880000000000040e-02
-4.714320000000000316e-02
-5.379570000000000185e-02
-5.603969999999999785e-02
-5.143640000000000018e-02
-4.363129999999999786e-02
-3.638190000000000174e-02
-3.022009999999999974e-02
-2.420270000000000060e-02
-1.800279999999999936e-02
-1.223229999999999977e-02
-1.095439999999999955e-02
-1.721779999999999838e-02
-2.739360000000000059e-02
-3.670570000000000083e-02
-3.953090000000000076e-02
-3.587329999999999686e-02
-3.078519999999999868e-02
-2.673589999999999994e-02
-2.304930000000000173e-02
-1.883670000000000136e-02
-1.444969999999999935e-02
-1.034909999999999997e-02
-6.564500000000000023e-03
-3.882650000000000077e-03
-8.947260000000000282e-03
-2.128659999999999927e-02
-2.491550000000000015e-02
-1.475740000000000038e-02
-1.130649999999999971e-03
8.425159999999999247e-03
1.317720000000000002e-02
1.730999999999999900e-02
2.243569999999999939e-02
2.753040000000000001e-02
3.167149999999999826e-02
3.205879999999999841e-02
2.794900000000000162e-02
2.213220000000000118e-02
1.598149999999999918e-02
7.519549999999999845e-03
-3.309260000000000066e-03
-1.338680000000000078e-02
-1.531229999999999918e-02
-9.001890000000000239e-03
9.000990000000000163e-04
1.165820000000000051e-02
2.173419999999999866e-02
3.065429999999999891e-02
3.551939999999999958e-02
3.676859999999999851e-02
3.716679999999999984e-02
3.816979999999999679e-02
3.925979999999999748e-02
4.005530000000000201e-02
4.133520000000000250e-02
4.379999999999999866e-02
4.669879999999999864e-02
4.933389999999999997e-02
5.157230000000000147e-02
5.332869999999999971e-02
5.043600000000000166e-02
3.961119999999999919e-02
2.456969999999999987e-02
1.031720000000000033e-02
-2.141940000000000163e-03
-1.391470000000000033e-02
-2.535820000000000088e-02
-3.375559999999999672e-02
-3.861989999999999867e-02
-4.239389999999999825e-02
-4.638230000000000131e-02
-5.021180000000000088e-02
-5.093079999999999830e-02
-4.663969999999999921e-02
-3.977580000000000005e-02
-3.341999999999999832e-02
-2.874780000000000044e-02
-3.101620000000000071e-02
-3.988329999999999653e-02
-4.948040000000000077e-02
-5.718670000000000003e-02
-6.208040000000000086e-02
-5.903440000000000076e-02
-4.867180000000000117e-02
-3.755780000000000229e-02
-2.824149999999999924e-02
-2.011949999999999850e-02
-1.259410000000000043e-02
-6.544740000000000280e-03
-1.658519999999999916e-03
2.692770000000000146e-03
7.014440000000000258e-03
1.106709999999999985e-02
1.484650000000000032e-02
1.826650000000000149e-02
2.145029999999999853e-02
2.347110000000000168e-02
2.445469999999999935e-02
2.504369999999999860e-02
2.569530000000000078e-02
2.625670000000000087e-02
2.679749999999999840e-02
2.739609999999999962e-02
2.818129999999999941e-02
2.883250000000000049e-02
2.936010000000000009e-02
2.931589999999999890e-02
2.814409999999999829e-02
2.603039999999999868e-02
2.399110000000000131e-02
2.214009999999999936e-02
2.043659999999999921e-02
1.811319999999999944e-02
1.526029999999999921e-02
1.229069999999999989e-02
9.688840000000000646e-03
7.157369999999999705e-03
3.542879999999999988e-03
-3.338649999999999864e-03
-1.217380000000000025e-02
-2.061910000000000132e-02
-2.766839999999999924e-02
-3.410849999999999993e-02
-3.999359999999999721e-02
-4.468409999999999743e-02
-3.779310000000000308e-02
-2.639539999999999942e-02
-2.165299999999999864e-02
-2.103280000000000080e-02
-1.999650000000000039e-02
-1.737560000000000146e-02
-1.493410000000000050e-02
-1.360040000000000034e-02
-1.334860000000000040e-02
-1.328280000000000086e-02
-1.308379999999999960e-02
-1.239570000000000081e-02
-9.022370000000000043e-03
-3.070840000000000028e-03
2.887250000000000059e-03
7.919199999999999504e-03
1.221550000000000066e-02
1.630030000000000021e-02
2.006739999999999913e-02
2.342079999999999856e-02
2.629240000000000049e-02
2.871869999999999978e-02
2.973260000000000139e-02
2.866230000000000167e-02
2.644720000000000057e-02
2.434300000000000005e-02
2.258570000000000022e-02
2.096780000000000171e-02
1.963669999999999999e-02
1.873119999999999993e-02
1.791869999999999921e-02
1.703560000000000144e-02
1.604049999999999920e-02
1.445600000000000010e-02
1.180430000000000021e-02
8.720620000000000108e-03
5.949290000000000307e-03
3.716510000000000126e-03
2.146630000000000066e-03
1.105810000000000039e-03
2.307169999999999935e-04
-5.636880000000000146e-04
-1.134819999999999926e-03
-1.222839999999999995e-03
-1.000030000000000059e-03
-6.654169999999999616e-04
-3.085529999999999848e-04
3.287640000000000256e-05
3.372289999999999793e-04
7.719590000000000132e-04
1.410060000000000089e-03
2.068760000000000217e-03
2.573049999999999903e-03
2.926289999999999794e-03
3.172089999999999806e-03
3.316869999999999975e-03
3.274879999999999979e-03
2.210399999999999952e-03
2.623670000000000039e-04
-1.567880000000000012e-03
-2.927840000000000130e-03
-3.952579999999999809e-03
-4.829830000000000234e-03
-5.534960000000000227e-03
-6.020120000000000332e-03
-5.917010000000000325e-03
-4.917480000000000115e-03
-3.491499999999999812e-03
-2.283260000000000064e-03
-1.397149999999999998e-03
-7.083280000000000392e-04
-1.301119999999999902e-04
3.027199999999999748e-04
5.690439999999999951e-04
6.404479999999999505e-04
5.665520000000000061e-04
2.175989999999999880e-04
-3.993840000000000237e-04
-1.031950000000000011e-03
-1.286299999999999987e-03
-1.196369999999999986e-03
-1.232269999999999937e-03
-1.509700000000000104e-03
-1.818820000000000072e-03
-2.048349999999999997e-03
-2.227129999999999908e-03
-2.389029999999999886e-03
-2.516379999999999919e-03
-2.615090000000000036e-03
-2.704479999999999992e-03
-2.796050000000000011e-03
-2.884429999999999893e-03
-2.964249999999999871e-03
-3.030940000000000197e-03
-3.086080000000000160e-03
-3.127819999999999906e-03
-3.156809999999999911e-03
-3.170370000000000046e-03
-3.169570000000000026e-03
-3.149830000000000164e-03
-3.113589999999999847e-03
-3.065340000000000165e-03
-3.017989999999999909e-03
-2.966110000000000101e-03
-2.894449999999999801e-03
-2.798290000000000152e-03
-2.683039999999999817e-03
-2.553440000000000137e-03
-2.412169999999999939e-03
-2.260359999999999887e-03
-2.099820000000000072e-03
-1.933159999999999957e-03
-1.763260000000000001e-03
-1.591100000000000023e-03
-1.417419999999999965e-03
-1.242760000000000089e-03
-1.068139999999999975e-03
-8.938890000000000334e-04
-7.202769999999999615e-04
-5.477979999999999482e-04
-3.771959999999999983e-04
-2.089679999999999955e-04
-4.347439999999999833e-05
1.190999999999999947e-04
2.786080000000000132e-04
4.349220000000000213e-04
