-6.563440000000000246e-03
-1.298050000000000028e-03
-7.092869999999999600e-04
-2.877469999999999811e-04
1.944350000000000071e-03
9.879949999999999757e-04
1.530760000000000096e-04
-1.911900000000000014e-03
-3.307699999999999790e-03
-1.174240000000000006e-03
3.068640000000000083e-03
4.692220000000000418e-03
3.114079999999999973e-03
1.362600000000000052e-03
3.379060000000000136e-03
5.248700000000000240e-03
3.745259999999999822e-03
4.267589999999999925e-03
8.187609999999999680e-03
8.189860000000000195e-03
7.106890000000000256e-03
6.903219999999999842e-03
6.859750000000000396e-03
4.467269999999999748e-03
3.058139999999999990e-03
1.782180000000000071e-04
-6.540920000000000414e-03
-4.697110000000000000e-03
1.256350000000000045e-03
3.242060000000000167e-03
3.675230000000000250e-04
-8.162849999999999273e-03
-1.033240000000000026e-02
-6.429940000000000308e-03
-6.706300000000000108e-03
-9.500990000000000824e-03
-1.086149999999999963e-02
-1.011060000000000084e-02
-7.390970000000000178e-03
-5.442429999999999837e-03
-6.597709999999999686e-03
-5.787379999999999955e-03
2.457780000000000121e-03
6.650529999999999983e-03
-2.161660000000000144e-03
-6.406229999999999737e-03
-3.510759999999999922e-03
-1.932040000000000103e-03
-4.290470000000000221e-03
-6.413229999999999799e-03
-2.920840000000000068e-03
5.195949999999999744e-04
3.003190000000000091e-04
-2.078239999999999862e-03
-5.902089999999999594e-03
-8.339710000000000178e-03
-5.168289999999999863e-03
-4.645749999999999706e-03
-9.268049999999999899e-03
-9.067729999999999541e-03
-1.281620000000000025e-03
5.586540000000000082e-03
8.095279999999999837e-03
7.336999999999999772e-03
2.632400000000000018e-03
1.058240000000000005e-03
-1.774559999999999896e-03
-4.953080000000000330e-03
-7.615430000000000289e-03
-6.601649999999999706e-03
-5.771420000000000196e-03
-1.131099999999999987e-02
-1.596219999999999931e-02
-1.797560000000000130e-02
-1.228379999999999923e-02
-8.812540000000000651e-03
-1.424579999999999944e-02
-1.857129999999999892e-02
-2.196149999999999838e-02
-1.718949999999999992e-02
-1.515709999999999974e-03
9.518139999999999587e-03
1.561419999999999995e-02
1.090960000000000020e-02
3.984419999999999802e-03
-4.875729999999999886e-04
-7.591119999999999812e-03
-1.195489999999999921e-02
-9.987479999999999969e-03
-7.982279999999999584e-03
-8.163899999999999976e-03
-9.182900000000000784e-03
-1.335770000000000013e-02
-1.283849999999999922e-02
-9.350970000000000115e-03
-5.066789999999999836e-03
-2.177929999999999797e-03
-1.284140000000000021e-03
-6.897910000000000152e-03
-9.369000000000000591e-03
-3.222070000000000056e-03
-1.772190000000000093e-03
-6.440219999999999972e-03
1.219950000000000000e-04
6.791359999999999758e-03
7.560060000000000391e-03
7.261899999999999952e-03
-4.742760000000000378e-03
-1.099660000000000047e-02
-1.001860000000000077e-02
-1.058180000000000058e-02
-8.130830000000000349e-03
-6.926260000000000056e-03
1.271479999999999963e-03
2.308220000000000063e-02
2.034969999999999835e-02
3.710900000000000266e-04
-8.719990000000000380e-03
-1.242339999999999937e-02
-5.003339999999999567e-04
7.588580000000000152e-03
8.687479999999999161e-03
1.053609999999999963e-02
7.076739999999999767e-03
8.611310000000000492e-03
1.484199999999999929e-02
1.611659999999999829e-02
1.502580000000000061e-02
1.050889999999999984e-02
-2.621880000000000044e-03
-1.177150000000000071e-02
-1.114749999999999942e-02
-3.938349999999999859e-04
8.377010000000000706e-03
9.612139999999999920e-03
-4.944320000000000312e-03
-2.423859999999999904e-02
-2.062980000000000022e-02
-6.697579999999999853e-03
-1.278199999999999953e-03
2.553020000000000164e-05
-1.609199999999999975e-04
-3.952679999999999974e-04
8.405589999999999243e-03
1.591209999999999847e-02
1.119420000000000094e-03
-1.261649999999999924e-02
-1.273640000000000015e-02
-4.420860000000000414e-03
-1.314410000000000014e-03
-1.688519999999999952e-02
-3.050759999999999930e-02
-3.676669999999999938e-02
-4.195070000000000049e-02
-3.298310000000000131e-02
-5.560630000000000434e-03
1.197909999999999947e-02
9.331030000000000574e-03
-4.069839999999999916e-03
-9.354529999999999790e-03
-1.368979999999999893e-03
1.624950000000000006e-02
2.382810000000000136e-02
2.986570000000000023e-03
-1.685330000000000161e-02
-1.455509999999999964e-02
-8.927549999999999375e-03
-7.884860000000000479e-03
-1.330480000000000031e-02
-1.637979999999999992e-02
-5.860210000000000245e-03
6.689249999999999884e-03
1.585129999999999872e-02
1.672190000000000135e-02
1.435290000000000003e-02
1.405610000000000063e-03
-1.246779999999999937e-02
-1.301700000000000079e-02
-1.120280000000000060e-02
-9.745490000000000749e-03
-3.084149999999999912e-03
8.675189999999999291e-03
1.382599999999999975e-02
1.263749999999999943e-02
8.531910000000000188e-03
5.696220000000000103e-03
9.452820000000000666e-03
1.574419999999999986e-02
7.675279999999999603e-04
-2.214570000000000080e-02
-2.998939999999999939e-02
-2.680280000000000162e-02
-1.471150000000000062e-02
7.140119999999999800e-03
2.400400000000000103e-02
2.257019999999999860e-02
1.644030000000000144e-02
8.824290000000000259e-03
8.523489999999999669e-04
7.208390000000000283e-03
1.883280000000000023e-02
2.876290000000000097e-02
3.824229999999999990e-02
4.630390000000000200e-02
4.438689999999999997e-02
3.074510000000000090e-02
-2.208439999999999882e-03
-6.240099999999999814e-02
-1.111459999999999948e-01
-1.340820000000000067e-01
-1.013580000000000036e-01
1.806889999999999885e-02
1.638539999999999996e-01
2.181740000000000068e-01
2.326330000000000064e-01
2.368470000000000020e-01
2.564239999999999853e-01
2.466520000000000101e-01
2.744059999999999833e-01
1.922520000000000062e-01
-1.410819999999999956e-02
-1.093319999999999986e-01
-2.429389999999999883e-01
-2.960639999999999938e-01
-2.657999999999999807e-01
-2.737439999999999873e-01
-2.814989999999999992e-01
-2.876279999999999948e-01
-2.465310000000000001e-01
-3.116829999999999948e-02
1.384680000000000077e-01
2.804679999999999951e-01
3.922499999999999876e-01
3.527299999999999880e-01
2.881259999999999932e-01
1.615260000000000029e-01
4.891159999999999952e-02
5.158870000000000122e-02
9.159889999999999699e-02
1.359299999999999953e-01
1.575449999999999906e-01
1.137009999999999965e-01
5.015839999999999882e-02
-2.240560000000000121e-02
-1.458210000000000062e-01
-2.790460000000000163e-01
-3.846600000000000019e-01
-4.380490000000000217e-01
-4.645090000000000052e-01
-4.785130000000000217e-01
-4.727040000000000131e-01
-4.376200000000000090e-01
-3.140049999999999786e-01
-1.289780000000000093e-01
1.467339999999999964e-02
1.477080000000000060e-01
2.704079999999999817e-01
4.019220000000000015e-01
5.338260000000000227e-01
5.489270000000000538e-01
5.370519999999999738e-01
5.114769999999999595e-01
4.958310000000000217e-01
2.467789999999999984e-01
4.963089999999999863e-02
4.902329999999999882e-03
-1.090730000000000033e-01
-1.993489999999999984e-01
-2.833590000000000275e-01
-3.343409999999999993e-01
-3.482700000000000240e-01
-3.459209999999999785e-01
-2.335550000000000126e-01
8.524999999999999592e-03
1.081430000000000030e-01
1.239529999999999937e-01
1.446099999999999886e-01
1.239800000000000069e-01
1.613789999999999947e-01
2.081020000000000092e-01
2.376359999999999861e-01
2.714440000000000186e-01
2.720839999999999925e-01
2.141329999999999900e-01
3.860899999999999749e-02
-7.020560000000000689e-02
-1.495370000000000033e-01
-2.215940000000000132e-01
-2.462129999999999874e-01
-1.222189999999999943e-01
5.486919999999999992e-02
1.221939999999999971e-01
1.065220000000000056e-01
2.480819999999999900e-02
-4.541139999999999760e-02
-6.266140000000000598e-02
-2.674999999999999947e-02
-2.535439999999999916e-02
-3.974930000000000130e-02
-4.939709999999999934e-02
-6.397869999999999946e-02
-9.430900000000000394e-02
-1.838339999999999974e-01
-2.019900000000000029e-01
-1.532419999999999893e-01
-1.535469999999999891e-01
-9.745339999999999558e-02
-3.604890000000000178e-02
1.448559999999999952e-02
6.297289999999999832e-02
8.485449999999999937e-02
2.032969999999999884e-04
-1.384589999999999987e-01
-1.897629999999999872e-01
-2.608150000000000190e-01
-2.799590000000000134e-01
-2.928879999999999817e-01
-2.270060000000000133e-01
-5.370019999999999655e-03
1.218930000000000013e-01
2.186700000000000033e-01
3.346870000000000123e-01
3.705559999999999965e-01
3.646659999999999902e-01
2.527070000000000149e-01
1.360740000000000005e-01
1.014029999999999931e-01
4.474360000000000143e-02
1.625290000000000068e-02
1.290730000000000002e-02
2.815230000000000163e-02
2.319720000000000115e-02
-5.752349999999999824e-03
-3.007519999999999985e-02
-5.002619999999999983e-02
-6.337479999999999503e-02
-5.608370000000000022e-02
-7.983389999999999931e-03
2.375210000000000168e-02
2.033220000000000166e-02
1.403399999999999960e-02
4.787969999999999900e-03
-1.877579999999999874e-02
-3.866850000000000148e-02
-3.263080000000000147e-02
-2.054550000000000126e-02
-2.493520000000000111e-02
-4.100899999999999684e-02
-4.067300000000000082e-02
-2.456569999999999934e-02
-2.757739999999999844e-02
-6.164279999999999760e-02
-1.173059999999999936e-01
-1.363870000000000082e-01
-7.727080000000000060e-02
-6.944289999999999664e-03
4.123389999999999694e-02
7.969669999999999532e-02
1.058859999999999940e-01
1.245570000000000010e-01
1.178109999999999991e-01
6.512750000000000483e-02
-2.253010000000000169e-03
-5.766790000000000110e-02
-9.549489999999999368e-02
-8.342860000000000553e-02
-3.031640000000000029e-02
8.867659999999999432e-03
2.595859999999999834e-02
4.490990000000000260e-02
5.305950000000000250e-02
5.816349999999999992e-02
4.297959999999999975e-02
8.024049999999999586e-03
-1.479040000000000042e-02
-3.050970000000000071e-02
-3.250490000000000324e-02
-3.594750000000000029e-02
-3.508970000000000145e-02
-9.066509999999999847e-03
1.245450000000000029e-02
1.806239999999999929e-02
1.688840000000000133e-02
1.872650000000000009e-02
3.166009999999999658e-02
8.549779999999999880e-02
1.309670000000000001e-01
1.315209999999999990e-01
7.895689999999999653e-02
-4.727860000000000396e-03
-6.618369999999999809e-02
-1.230109999999999953e-01
-1.561670000000000003e-01
-1.630709999999999937e-01
-1.371360000000000079e-01
-1.175550000000000067e-01
-1.123099999999999932e-01
-9.089479999999999782e-02
-2.982910000000000075e-02
2.724630000000000107e-02
4.045560000000000128e-02
3.084239999999999898e-02
1.236209999999999956e-03
-4.036829999999999932e-03
-1.323259999999999931e-03
-4.361460000000000163e-03
-6.590780000000000076e-03
-9.936289999999999966e-04
1.450770000000000011e-02
2.887390000000000095e-02
3.464239999999999681e-02
2.873200000000000059e-02
2.402929999999999996e-02
2.189489999999999839e-02
1.407510000000000011e-02
6.102259999999999976e-03
1.405570000000000083e-02
3.078840000000000049e-02
4.400509999999999838e-02
5.224730000000000346e-02
4.831370000000000109e-02
3.606619999999999965e-02
9.422369999999999357e-03
-2.207249999999999837e-02
-3.855100000000000193e-02
-4.421850000000000086e-02
-4.521839999999999887e-02
-3.532989999999999742e-02
-1.618580000000000019e-02
-3.006669999999999916e-03
3.257879999999999891e-03
1.808179999999999944e-03
-2.043600000000000017e-03
-9.667280000000000317e-04
9.521689999999999321e-03
1.979689999999999922e-02
3.526610000000000161e-02
5.668589999999999740e-02
7.370229999999999837e-02
7.091139999999999943e-02
6.175780000000000158e-02
5.867830000000000268e-02
5.294669999999999932e-02
3.765779999999999822e-02
5.419580000000000447e-04
-3.375460000000000266e-02
-7.294309999999999683e-02
-1.037499999999999950e-01
-1.131739999999999968e-01
-1.156220000000000026e-01
-1.006380000000000052e-01
-7.359720000000000151e-02
-4.352969999999999756e-02
2.700779999999999847e-03
4.304279999999999912e-02
5.498190000000000022e-02
5.747069999999999956e-02
5.133440000000000225e-02
4.036950000000000260e-02
3.958819999999999700e-02
4.202100000000000279e-02
3.435780000000000084e-02
1.424120000000000073e-03
-3.644130000000000286e-02
-6.186259999999999676e-02
-7.911780000000000201e-02
-9.358439999999999814e-02
-1.121560000000000057e-01
-1.163109999999999977e-01
-9.611759999999999748e-02
-3.886889999999999790e-02
1.678649999999999934e-02
4.444610000000000227e-02
5.420559999999999962e-02
4.687920000000000281e-02
3.119790000000000063e-02
2.116950000000000082e-02
2.414300000000000126e-02
3.313859999999999723e-02
3.661099999999999771e-02
3.845029999999999976e-02
4.626990000000000269e-02
4.772060000000000191e-02
3.835519999999999902e-02
8.195159999999999945e-03
-2.250450000000000020e-02
-2.848140000000000047e-02
-1.987739999999999993e-02
7.113190000000000138e-03
2.978609999999999938e-02
3.604920000000000346e-02
3.032939999999999942e-02
-6.721699999999999724e-03
-3.620849999999999763e-02
-5.183249999999999663e-02
-6.607440000000000535e-02
-7.319760000000000155e-02
-7.415190000000000670e-02
-6.761230000000000018e-02
-5.300549999999999706e-02
-2.967260000000000036e-02
-2.723740000000000102e-03
2.402210000000000109e-02
4.043440000000000228e-02
4.384980000000000128e-02
3.547610000000000346e-02
2.941979999999999942e-02
2.892559999999999923e-02
2.976960000000000023e-02
2.288919999999999844e-02
6.773659999999999924e-03
-1.259350000000000009e-03
-4.986939999999999602e-03
-6.299930000000000243e-04
1.414729999999999981e-02
1.832570000000000032e-02
5.185620000000000160e-03
-5.733949999999999811e-03
-7.542880000000000071e-03
2.245599999999999940e-03
1.795209999999999861e-02
3.145239999999999841e-02
4.191000000000000281e-02
4.333449999999999802e-02
3.636450000000000099e-02
5.278510000000000146e-03
-2.660610000000000058e-02
-3.827730000000000021e-02
-4.302279999999999993e-02
-3.147470000000000129e-02
6.789159999999999813e-03
4.007440000000000307e-02
5.111659999999999815e-02
5.172310000000000102e-02
3.476930000000000298e-02
6.350729999999999743e-03
-1.482789999999999976e-02
-2.386030000000000095e-02
-2.631790000000000171e-02
-2.624270000000000075e-02
-2.676840000000000122e-02
-3.033670000000000117e-02
-2.830109999999999917e-02
-1.385409999999999940e-02
9.217970000000000677e-03
2.841300000000000076e-02
3.555780000000000052e-02
3.092260000000000147e-02
1.546529999999999953e-02
-8.723299999999999804e-03
-3.339740000000000070e-02
-5.335299999999999765e-02
-6.444669999999999566e-02
-6.610249999999999460e-02
-6.248580000000000106e-02
-5.236869999999999720e-02
-2.828879999999999936e-02
8.200390000000000110e-03
3.547489999999999671e-02
4.788400000000000295e-02
4.580399999999999749e-02
3.141050000000000092e-02
1.520859999999999920e-02
2.609310000000000102e-03
-5.210329999999999969e-05
3.972589999999999802e-03
2.412779999999999786e-03
6.204189999999999835e-04
-1.902260000000000019e-03
-5.455139999999999816e-03
-7.366830000000000427e-03
-8.646120000000000194e-03
-1.258249999999999993e-02
-2.159439999999999971e-02
-3.279220000000000051e-02
-3.448960000000000220e-02
-2.219679999999999917e-02
2.750170000000000132e-03
3.526549999999999824e-02
5.483099999999999780e-02
6.310910000000000131e-02
6.397590000000000221e-02
5.451219999999999677e-02
2.089389999999999997e-02
-1.673109999999999875e-02
-3.934159999999999741e-02
-5.076669999999999794e-02
-3.956629999999999869e-02
-6.116579999999999934e-03
2.573169999999999971e-02
4.677420000000000189e-02
5.857029999999999875e-02
5.838150000000000284e-02
5.107099999999999834e-02
2.568300000000000097e-02
-2.266139999999999821e-03
-1.955020000000000022e-02
-4.045519999999999672e-02
-5.746289999999999731e-02
-6.885230000000000516e-02
-7.347309999999999952e-02
-6.427480000000000693e-02
-4.805999999999999855e-02
-2.867609999999999951e-02
-7.011429999999999919e-03
1.251530000000000004e-02
2.578029999999999905e-02
3.212559999999999721e-02
2.542200000000000015e-02
9.816569999999999289e-04
-2.716230000000000033e-02
-4.282659999999999939e-02
-4.308479999999999949e-02
-3.731580000000000313e-02
-2.809000000000000039e-02
-2.136009999999999992e-02
-1.859399999999999942e-02
-1.725080000000000016e-02
-1.776399999999999854e-02
-1.702259999999999884e-02
-1.604759999999999867e-02
-1.662399999999999989e-02
-2.057559999999999945e-02
-2.438740000000000005e-02
-1.925289999999999987e-02
-6.500970000000000013e-03
7.415790000000000229e-03
2.278300000000000117e-02
3.162319999999999715e-02
3.990139999999999659e-02
3.811119999999999786e-02
2.054670000000000107e-02
2.353850000000000213e-03
-8.471529999999999686e-03
-1.259039999999999986e-02
-7.573139999999999906e-03
1.481279999999999967e-03
1.026739999999999944e-02
2.934640000000000165e-02
4.850499999999999950e-02
6.240339999999999776e-02
7.008789999999999465e-02
6.842829999999999746e-02
6.100970000000000004e-02
5.811070000000000124e-02
5.558099999999999846e-02
4.507180000000000214e-02
2.245629999999999848e-02
1.716470000000000105e-03
-8.939590000000000730e-03
-1.251689999999999921e-02
-5.979810000000000333e-03
-3.129499999999999768e-05
-1.095050000000000016e-02
-3.382009999999999877e-02
-6.452120000000000077e-02
-9.257540000000000213e-02
-1.047330000000000066e-01
-9.843250000000000610e-02
-6.101089999999999985e-02
-2.719190000000000149e-02
-1.337819999999999981e-02
-1.240320000000000051e-03
9.125799999999999884e-03
1.837909999999999891e-02
2.578619999999999871e-02
2.119599999999999956e-02
7.651309999999999709e-03
-1.522719999999999976e-03
-6.140489999999999750e-04
3.482120000000000007e-03
8.892040000000000360e-03
1.726400000000000157e-02
2.151010000000000075e-02
1.571840000000000043e-02
2.906039999999999925e-03
-1.267259999999999914e-02
-3.006069999999999923e-02
-4.217640000000000278e-02
-4.192669999999999730e-02
-2.925849999999999979e-02
-1.374850000000000030e-02
1.080060000000000091e-03
9.020580000000000265e-03
6.987529999999999610e-03
8.433710000000000512e-03
1.331010000000000006e-02
1.332120000000000005e-02
1.296300000000000056e-02
1.427860000000000067e-02
9.934180000000000788e-03
-2.619429999999999957e-04
-7.644910000000000420e-03
-1.008500000000000021e-02
-8.028840000000000629e-03
-2.757700000000000082e-03
2.534869999999999832e-03
1.466759999999999939e-02
2.859539999999999998e-02
3.461419999999999775e-02
4.215180000000000315e-02
4.846639999999999976e-02
4.602119999999999822e-02
3.636059999999999987e-02
2.294939999999999827e-02
1.345389999999999954e-02
1.456350000000000006e-02
2.104220000000000049e-02
1.639180000000000151e-02
2.367569999999999831e-03
-1.147719999999999990e-02
-2.126429999999999987e-02
-2.108300000000000105e-02
-1.189720000000000014e-02
4.077800000000000348e-03
1.496910000000000081e-02
1.473419999999999938e-02
9.261619999999999922e-03
3.656430000000000010e-03
5.614559999999999993e-04
3.427359999999999955e-03
1.235100000000000087e-02
2.011289999999999953e-02
1.560319999999999936e-02
7.119200000000000007e-04
-1.206800000000000060e-02
-1.370640000000000053e-02
-7.004319999999999644e-03
4.012380000000000287e-03
1.279929999999999957e-02
1.361910000000000030e-02
1.053630000000000018e-02
3.259290000000000190e-03
-4.224799999999999910e-03
-3.322449999999999796e-03
2.663570000000000087e-03
1.333960000000000007e-02
2.578110000000000124e-02
2.747089999999999949e-02
1.839050000000000060e-02
-1.213539999999999931e-02
-3.264290000000000247e-02
-3.192829999999999974e-02
-3.082199999999999870e-02
-2.841010000000000063e-02
-2.010460000000000025e-02
-3.863639999999999891e-04
1.329860000000000070e-02
1.627960000000000171e-02
1.467470000000000059e-02
1.276380000000000049e-02
5.466340000000000088e-03
-1.546140000000000014e-02
-3.666670000000000346e-02
-4.425790000000000279e-02
-4.592410000000000242e-02
-4.093569999999999848e-02
-2.868489999999999929e-02
-9.173809999999999257e-03
1.114410000000000053e-02
2.111419999999999964e-02
2.196949999999999945e-02
1.382730000000000070e-02
3.937940000000000017e-03
-6.923519999999999848e-03
-1.290119999999999982e-02
-1.523240000000000011e-02
-1.760139999999999968e-02
-1.390639999999999932e-02
-6.449729999999999873e-03
-2.910859999999999923e-03
-9.137469999999999967e-03
-1.796000000000000027e-02
-2.252200000000000035e-02
-2.487970000000000112e-02
-2.714159999999999837e-02
-2.209730000000000028e-02
-8.965330000000000521e-03
4.068750000000000101e-04
5.346159999999999975e-03
8.253599999999999826e-03
7.407429999999999570e-03
6.270559999999999676e-03
5.878279999999999617e-03
3.408249999999999821e-03
-2.085060000000000125e-03
-7.727290000000000374e-03
-9.341550000000000548e-03
-3.896399999999999950e-03
1.131320000000000069e-02
3.209909999999999847e-02
4.633059999999999956e-02
5.090970000000000217e-02
4.615989999999999677e-02
2.968219999999999886e-02
1.200700000000000031e-02
7.301830000000000256e-04
-4.119580000000000290e-03
-1.145410000000000005e-02
-1.453409999999999945e-02
-5.859739999999999567e-03
4.088640000000000156e-03
1.676650000000000015e-02
3.233300000000000063e-02
4.489569999999999672e-02
4.898000000000000270e-02
4.811939999999999967e-02
2.764420000000000072e-02
9.572139999999999815e-03
6.555240000000000372e-03
5.570180000000000096e-03
2.941889999999999956e-03
-1.655000000000000004e-03
-3.387740000000000196e-03
-1.197179999999999946e-02
-1.066699999999999940e-02
-6.284889999999999574e-03
-4.282420000000000324e-03
-6.851590000000000284e-03
-1.541329999999999957e-02
-1.476030000000000050e-02
8.843729999999999300e-03
3.628399999999999681e-02
4.672380000000000283e-02
2.242859999999999993e-02
-1.597120000000000137e-02
-2.647909999999999847e-02
-1.768039999999999889e-02
6.540670000000000164e-03
2.121150000000000119e-02
1.867589999999999875e-02
1.429610000000000082e-02
6.311660000000000187e-03
-1.097419999999999993e-02
-2.246849999999999889e-02
-2.658819999999999933e-02
-3.322420000000000234e-02
-3.642490000000000311e-02
-3.218359999999999971e-02
-2.698259999999999895e-02
-2.771289999999999865e-02
-3.350539999999999768e-02
-2.810949999999999907e-02
-1.282890000000000072e-02
-7.292289999999999883e-03
-1.192610000000000024e-02
-1.251769999999999966e-02
-4.349549999999999771e-03
6.943890000000000305e-03
1.526710000000000046e-02
1.141960000000000024e-02
-1.135899999999999931e-02
-3.666119999999999796e-02
-4.716820000000000040e-02
-4.314640000000000142e-02
-2.669590000000000157e-02
-4.034620000000000047e-03
2.535050000000000150e-02
4.968249999999999750e-02
6.644510000000000693e-02
7.813420000000000087e-02
7.926429999999999587e-02
6.229959999999999665e-02
4.075399999999999856e-02
2.861179999999999973e-02
1.514360000000000012e-02
2.799439999999999828e-03
-1.093189999999999960e-02
-2.792530000000000012e-02
-3.969109999999999999e-02
-3.385280000000000233e-02
-9.744259999999999380e-03
1.200400000000000078e-02
2.280870000000000120e-02
2.752289999999999945e-02
3.500849999999999795e-02
4.348149999999999932e-02
5.039280000000000148e-02
4.976119999999999849e-02
3.138969999999999955e-02
8.050869999999999901e-03
-1.369989999999999923e-02
-3.464579999999999743e-02
-4.538969999999999810e-02
-3.881199999999999928e-02
-1.513600000000000015e-02
1.020459999999999944e-02
2.504529999999999951e-02
2.041010000000000046e-02
-1.330929999999999960e-02
-4.302940000000000237e-02
-4.849490000000000051e-02
-3.586559999999999748e-02
-1.152970000000000036e-02
-1.074040000000000064e-03
-8.849849999999999384e-03
-1.823009999999999908e-02
-2.403529999999999903e-02
-2.966200000000000087e-02
-3.470120000000000149e-02
-4.356430000000000025e-02
-5.231729999999999714e-02
-5.288999999999999951e-02
-3.275249999999999689e-02
-7.752740000000000152e-03
5.220910000000000264e-04
1.212200000000000083e-03
-4.386220000000000163e-05
-3.468450000000000092e-03
-1.048959999999999997e-02
-1.132539999999999936e-02
-9.358299999999999952e-03
-4.738179999999999822e-03
2.838100000000000084e-04
-4.675930000000000017e-03
-1.318629999999999976e-02
-1.674250000000000044e-02
-1.294460000000000055e-02
-6.394649999999999987e-03
-3.393320000000000017e-03
-6.749660000000000208e-03
-7.172490000000000115e-03
-1.450850000000000056e-03
5.491720000000000282e-03
1.095630000000000041e-02
1.075270000000000045e-02
1.014729999999999972e-02
8.525919999999999332e-03
9.088350000000000248e-03
1.851869999999999905e-02
2.752570000000000017e-02
3.424989999999999979e-02
3.794569999999999887e-02
3.496160000000000240e-02
3.269650000000000334e-02
3.248059999999999836e-02
2.771449999999999955e-02
2.473960000000000048e-02
2.347410000000000121e-02
2.109269999999999895e-02
1.455580000000000068e-02
9.607100000000000362e-03
4.533920000000000311e-03
-2.489499999999999959e-03
-1.344809999999999929e-02
-2.974430000000000129e-02
-4.398119999999999807e-02
-4.180020000000000263e-02
-2.909279999999999852e-02
-1.441270000000000051e-02
1.974839999999999842e-03
6.278459999999999597e-03
3.739009999999999968e-04
-1.213820000000000003e-02
-1.451460000000000077e-02
8.159160000000000371e-03
4.380219999999999947e-02
6.380969999999999698e-02
6.189639999999999725e-02
5.059389999999999721e-02
3.096420000000000075e-02
-2.111200000000000142e-03
-2.521299999999999930e-02
-2.819639999999999994e-02
-1.897240000000000038e-02
-1.272380000000000039e-02
-1.352229999999999925e-02
-2.000740000000000157e-02
-4.116410000000000208e-02
-6.778599999999999903e-02
-6.509009999999999796e-02
-1.423589999999999925e-02
1.101120000000000050e-02
2.174010000000000092e-03
-1.892840000000000126e-04
1.467730000000000076e-02
3.723049999999999971e-02
5.432270000000000154e-02
5.885959999999999803e-02
5.523150000000000281e-02
4.243969999999999687e-02
1.213550000000000045e-02
-9.091729999999999257e-03
-2.968250000000000055e-02
-4.446739999999999721e-02
-4.013760000000000244e-02
-2.524969999999999992e-02
-2.241720000000000171e-02
-2.756930000000000144e-02
-1.953380000000000047e-02
1.831050000000000082e-03
2.439540000000000111e-02
4.030120000000000230e-02
5.196989999999999943e-02
5.191160000000000219e-02
4.363319999999999699e-02
3.934499999999999803e-02
3.887770000000000115e-02
2.960170000000000162e-02
6.309839999999999720e-03
-2.354880000000000168e-02
-4.337769999999999820e-02
-4.294850000000000056e-02
-3.254569999999999685e-02
-3.250709999999999711e-02
-3.719519999999999771e-02
-3.364790000000000142e-02
-2.115720000000000101e-02
-5.186220000000000066e-03
1.226290000000000106e-03
-1.030909999999999986e-02
-4.152949999999999697e-02
-5.574140000000000345e-02
-4.048249999999999765e-02
-9.868470000000000714e-03
1.632279999999999842e-02
1.387150000000000015e-02
-3.894139999999999928e-03
-8.565019999999999578e-03
-1.770080000000000047e-03
7.709490000000000266e-03
1.763580000000000009e-02
2.959909999999999972e-02
4.376449999999999785e-02
3.914360000000000062e-02
2.417980000000000129e-02
5.613410000000000101e-03
-1.419020000000000004e-02
-3.114400000000000154e-02
-2.371880000000000169e-02
6.462589999999999828e-03
2.619410000000000141e-02
3.682919999999999944e-02
4.287030000000000007e-02
4.273729999999999890e-02
3.680250000000000188e-02
2.652449999999999947e-02
5.145920000000000008e-03
-1.424779999999999970e-02
-1.457770000000000073e-02
-4.623750000000000039e-04
1.444140000000000007e-02
1.859030000000000057e-02
8.401020000000000362e-03
-9.763299999999999713e-04
-2.968890000000000071e-03
-7.019809999999999592e-03
-1.773440000000000086e-02
-3.434260000000000090e-02
-4.392399999999999777e-02
-3.504949999999999732e-02
-1.841790000000000094e-02
-1.138609999999999969e-03
9.711590000000000847e-03
1.441120000000000075e-02
2.298880000000000021e-02
2.770569999999999977e-02
2.112409999999999982e-02
2.013829999999999874e-03
-1.105700000000000086e-02
-7.863010000000000138e-03
1.359210000000000019e-03
8.714839999999999740e-03
1.210669999999999975e-02
7.371250000000000198e-03
-1.575809999999999971e-03
-6.874329999999999677e-03
-8.290749999999999509e-03
-1.733979999999999896e-02
-2.702950000000000144e-02
-2.866010000000000085e-02
-1.151049999999999990e-02
2.041779999999999984e-02
2.883929999999999827e-02
1.430260000000000038e-02
-1.622380000000000089e-03
-2.856270000000000163e-03
2.248099999999999838e-03
-1.000279999999999919e-02
-3.496910000000000296e-02
-5.308609999999999718e-02
-6.235759999999999914e-02
-5.581400000000000250e-02
-2.741290000000000046e-02
9.066470000000000085e-04
1.733909999999999965e-02
2.737310000000000090e-02
3.260180000000000022e-02
3.318750000000000172e-02
2.593350000000000169e-02
1.786449999999999844e-02
1.393770000000000078e-02
1.424079999999999964e-02
1.261920000000000056e-02
1.066809999999999981e-02
6.219070000000000153e-03
1.191659999999999985e-03
-1.772289999999999933e-03
-1.056050000000000044e-02
-2.029519999999999935e-02
-3.026039999999999980e-02
-3.686380000000000212e-02
-3.179930000000000256e-02
-1.286499999999999970e-02
-8.268050000000000095e-04
-5.761170000000000272e-05
-3.871279999999999947e-03
-5.415460000000000412e-03
-1.213990000000000078e-03
2.116400000000000052e-03
-2.606119999999999964e-03
-1.429419999999999996e-02
-2.560190000000000035e-02
-3.128530000000000200e-02
-1.780899999999999844e-02
5.836739999999999984e-03
2.089610000000000078e-02
2.587470000000000048e-02
2.438250000000000139e-02
2.075739999999999877e-02
1.671620000000000050e-02
3.075790000000000121e-03
-1.841150000000000078e-02
-2.989059999999999981e-02
-2.717129999999999893e-02
-2.042560000000000122e-03
2.949890000000000151e-02
4.276300000000000240e-02
4.434899999999999953e-02
4.314640000000000142e-02
4.076260000000000300e-02
3.165199999999999958e-02
1.861219999999999888e-02
4.739160000000000074e-03
-8.241409999999999361e-03
-1.992760000000000017e-02
-3.032860000000000070e-02
-3.728920000000000151e-02
-3.756770000000000248e-02
-3.113569999999999879e-02
-2.199759999999999910e-02
-1.663859999999999992e-02
-1.019740000000000056e-02
9.530909999999999859e-05
9.974919999999999967e-03
1.597550000000000012e-02
8.953660000000000438e-03
-5.589620000000000005e-03
-2.004010000000000166e-02
-2.850010000000000043e-02
-2.872670000000000085e-02
-2.520779999999999896e-02
-2.292620000000000074e-02
-1.686150000000000149e-02
2.947480000000000044e-04
1.777019999999999988e-02
2.674100000000000088e-02
2.842480000000000007e-02
1.999839999999999951e-02
1.100280000000000008e-02
1.083130000000000030e-02
1.471830000000000013e-02
1.994970000000000077e-02
2.277799999999999964e-02
2.547869999999999996e-02
2.735020000000000159e-02
2.609030000000000030e-02
2.192739999999999967e-02
1.807359999999999869e-02
1.622519999999999865e-02
1.593419999999999906e-02
1.395210000000000027e-02
9.131369999999999765e-03
2.221639999999999986e-03
-6.634250000000000390e-03
-1.686609999999999845e-02
-2.454900000000000138e-02
-2.602830000000000074e-02
-2.761670000000000097e-02
-2.968859999999999902e-02
-2.909629999999999855e-02
-2.063359999999999847e-02
-6.244760000000000241e-03
1.093849999999999944e-03
4.797179999999999847e-03
5.078400000000000275e-03
-1.188779999999999958e-03
-1.501719999999999965e-02
-2.426489999999999897e-02
-2.319420000000000162e-02
-1.892069999999999863e-02
-1.284790000000000064e-02
-9.957580000000000597e-03
-2.927050000000000051e-03
6.253640000000000414e-03
1.836170000000000163e-02
3.053809999999999858e-02
3.649150000000000310e-02
3.511419999999999819e-02
2.943350000000000133e-02
2.425760000000000069e-02
1.432450000000000043e-02
-2.491569999999999809e-03
-2.212180000000000049e-02
-3.450910000000000089e-02
-3.680139999999999800e-02
-3.108769999999999936e-02
-1.868490000000000081e-02
2.509299999999999899e-03
2.109329999999999886e-02
3.166929999999999745e-02
3.352940000000000087e-02
2.579330000000000164e-02
1.357129999999999968e-02
2.425360000000000103e-03
-1.802940000000000055e-03
-1.444310000000000082e-03
5.686110000000000296e-03
1.677000000000000018e-02
2.662689999999999849e-02
3.734160000000000257e-02
4.323980000000000185e-02
4.370559999999999723e-02
4.133669999999999706e-02
3.563039999999999957e-02
2.741280000000000105e-02
1.579670000000000032e-02
5.691090000000000211e-03
-2.223520000000000097e-03
-1.107960000000000021e-02
-1.956240000000000062e-02
-2.708630000000000065e-02
-3.271099999999999702e-02
-3.777880000000000127e-02
-4.247839999999999949e-02
-4.478410000000000030e-02
-4.303520000000000262e-02
-3.585080000000000211e-02
-2.570940000000000031e-02
-1.814249999999999891e-02
-1.384969999999999951e-02
-1.280880000000000039e-02
-1.303359999999999935e-02
-1.201920000000000072e-02
-1.197679999999999925e-02
-1.076859999999999970e-02
-6.606439999999999882e-03
-3.652990000000000057e-03
-3.238319999999999827e-03
-1.670030000000000082e-03
-1.133990000000000085e-03
-1.793380000000000018e-03
-2.327319999999999910e-03
-2.444070000000000010e-03
-3.588989999999999802e-03
-2.291010000000000008e-03
1.552889999999999913e-03
8.326230000000000436e-03
1.337780000000000045e-02
1.270310000000000016e-02
6.248059999999999725e-03
-1.189240000000000045e-03
-1.829270000000000028e-03
-2.089729999999999930e-04
1.677539999999999934e-03
3.498770000000000005e-03
5.591330000000000258e-03
6.377260000000000047e-03
7.830270000000000286e-03
9.372020000000000003e-03
7.282570000000000363e-03
1.810799999999999996e-03
-3.161170000000000039e-03
-1.608199999999999951e-03
4.483759999999999829e-03
9.799510000000000859e-03
1.340270000000000003e-02
1.541469999999999993e-02
1.505820000000000075e-02
1.307380000000000000e-02
1.026320000000000010e-02
4.860780000000000309e-03
8.486330000000000045e-04
7.991819999999999523e-04
5.209169999999999946e-03
1.130620000000000062e-02
1.675050000000000150e-02
2.056070000000000120e-02
2.039090000000000000e-02
1.794650000000000065e-02
1.641710000000000044e-02
1.657669999999999977e-02
1.814500000000000141e-02
2.054250000000000173e-02
2.061750000000000041e-02
1.786099999999999841e-02
1.317160000000000032e-02
9.284880000000000563e-03
7.713600000000000144e-03
9.395099999999999979e-03
1.131219999999999969e-02
1.556620000000000052e-02
2.120019999999999891e-02
2.386289999999999939e-02
2.174289999999999903e-02
1.554080000000000045e-02
7.229369999999999720e-03
-2.141839999999999890e-03
-9.730090000000000267e-03
-1.714800000000000005e-02
-2.243720000000000089e-02
-2.354940000000000158e-02
-2.088869999999999963e-02
-1.862990000000000132e-02
-1.772150000000000114e-02
-1.356450000000000017e-02
-5.997520000000000108e-03
-1.832300000000000031e-03
-3.826850000000000130e-03
-1.142220000000000041e-02
-2.076180000000000039e-02
-2.546139999999999862e-02
-2.869419999999999957e-02
-3.255020000000000135e-02
-3.629099999999999687e-02
-3.684019999999999656e-02
-3.183649999999999675e-02
-2.391360000000000013e-02
-1.413829999999999948e-02
-4.054010000000000252e-03
1.202640000000000046e-03
3.045359999999999994e-03
5.949090000000000194e-04
-4.603420000000000428e-03
-8.139149999999999510e-03
-8.860700000000000867e-03
-4.239490000000000272e-03
3.210189999999999919e-03
8.645369999999999444e-03
9.597659999999999178e-03
8.933250000000000218e-03
7.199879999999999648e-03
7.708480000000000193e-03
9.447199999999999348e-03
1.264859999999999943e-02
1.562660000000000091e-02
1.596180000000000168e-02
1.528320000000000026e-02
1.473610000000000024e-02
1.601380000000000164e-02
1.603999999999999870e-02
1.490739999999999947e-02
7.907809999999999492e-03
8.694679999999999770e-04
-4.563389999999999634e-03
-6.432359999999999814e-03
-4.062220000000000067e-03
-2.365219999999999964e-04
5.469039999999999666e-03
9.814939999999999429e-03
1.366820000000000014e-02
1.415439999999999927e-02
1.187239999999999997e-02
8.341859999999999553e-03
2.733600000000000092e-03
-4.622929999999999921e-03
-1.265669999999999989e-02
-1.729500000000000134e-02
-1.849469999999999933e-02
-1.775039999999999951e-02
-1.641139999999999960e-02
-1.388720000000000059e-02
-9.333130000000000245e-03
-4.182380000000000299e-03
8.653540000000000364e-04
3.162159999999999797e-03
1.572760000000000087e-03
-6.151919999999999958e-03
-1.346550000000000004e-02
-1.785990000000000147e-02
-2.238489999999999924e-02
-2.679859999999999881e-02
-2.949059999999999876e-02
-2.926430000000000003e-02
-2.579139999999999905e-02
-1.763160000000000074e-02
-7.936659999999999895e-03
3.485129999999999912e-03
1.216719999999999954e-02
1.602270000000000083e-02
1.650599999999999984e-02
1.213209999999999983e-02
6.740229999999999833e-03
4.060560000000000384e-03
2.891519999999999854e-03
1.385879999999999924e-03
-1.556929999999999989e-03
-1.700850000000000061e-03
4.645179999999999730e-04
3.316350000000000027e-03
5.502130000000000042e-03
7.537979999999999681e-03
8.044849999999999224e-03
5.057210000000000351e-03
1.183200000000000056e-04
-6.380140000000000290e-03
-8.581339999999999801e-03
-9.124010000000000106e-03
-1.020120000000000055e-02
-9.511649999999999966e-03
-9.204630000000000103e-03
-7.232970000000000024e-03
-6.723189999999999982e-04
6.566640000000000324e-03
1.189920000000000040e-02
1.487869999999999991e-02
1.184319999999999991e-02
5.811990000000000385e-03
9.086940000000000111e-05
-5.229379999999999619e-03
-8.660589999999999261e-03
-1.086059999999999977e-02
-1.162760000000000009e-02
-1.378680000000000010e-02
-1.427119999999999951e-02
-1.425680000000000003e-02
-1.259410000000000043e-02
-7.952960000000000237e-03
-3.907489999999999575e-03
2.272449999999999901e-05
-2.841310000000000211e-04
-2.229099999999999918e-03
-2.537970000000000070e-03
-2.425580000000000097e-03
-2.534520000000000176e-03
-1.916189999999999907e-03
1.571410000000000081e-03
6.619619999999999671e-03
1.150969999999999945e-02
1.582969999999999863e-02
1.937449999999999936e-02
2.180030000000000162e-02
2.230649999999999994e-02
2.297590000000000049e-02
2.363610000000000017e-02
2.341510000000000119e-02
2.354699999999999849e-02
2.349230000000000068e-02
2.633020000000000152e-02
2.943650000000000086e-02
2.835769999999999957e-02
2.223699999999999982e-02
1.125409999999999952e-02
6.107649999999999841e-04
-6.349310000000000370e-03
-1.055329999999999983e-02
-1.126689999999999983e-02
-1.180810000000000019e-02
-1.389050000000000007e-02
-1.407049999999999967e-02
-1.418739999999999932e-02
-1.373809999999999962e-02
-1.114979999999999964e-02
-7.976129999999999678e-03
-4.320949999999999618e-03
-2.404139999999999923e-04
3.970689999999999810e-03
7.731990000000000217e-03
8.609749999999999348e-03
6.111329999999999887e-03
2.067629999999999989e-03
-3.149069999999999907e-03
-8.187250000000000083e-03
-1.257360000000000075e-02
-1.650410000000000071e-02
-1.757950000000000138e-02
-1.746260000000000173e-02
-1.586359999999999854e-02
-1.207049999999999963e-02
-9.263779999999999237e-03
-8.630660000000000068e-03
-1.137879999999999968e-02
-1.586200000000000110e-02
-2.036450000000000066e-02
-2.469980000000000092e-02
-2.498869999999999911e-02
-2.119860000000000147e-02
-1.695460000000000023e-02
-1.213320000000000023e-02
-9.218260000000000690e-03
-4.986449999999999910e-03
1.044659999999999990e-03
8.351799999999999502e-03
1.592009999999999953e-02
2.434110000000000093e-02
3.150950000000000278e-02
3.202970000000000123e-02
2.641759999999999942e-02
9.853709999999999899e-03
-5.599319999999999645e-03
-1.677340000000000081e-02
-2.433470000000000077e-02
-2.820459999999999981e-02
-3.132990000000000080e-02
-2.901029999999999928e-02
-2.110329999999999845e-02
-6.579409999999999946e-03
8.451389999999999597e-03
2.128510000000000124e-02
3.296219999999999706e-02
4.188530000000000031e-02
4.422220000000000317e-02
4.028520000000000018e-02
2.805969999999999992e-02
1.527719999999999946e-02
5.043739999999999682e-03
-5.261100000000000325e-03
-1.322599999999999991e-02
-2.138989999999999989e-02
-2.719649999999999845e-02
-2.833549999999999958e-02
-2.159909999999999955e-02
-8.608100000000000473e-03
1.735059999999999952e-05
3.410219999999999831e-03
2.889370000000000046e-03
2.081910000000000184e-03
4.054989999999999636e-03
5.742490000000000268e-03
9.293539999999999440e-03
1.256110000000000039e-02
1.509109999999999965e-02
1.292820000000000080e-02
1.001660000000000050e-02
9.017519999999999356e-03
6.705720000000000083e-03
6.761350000000000172e-03
5.790889999999999926e-03
3.468939999999999784e-03
1.589689999999999940e-03
-2.660809999999999890e-04
-2.567569999999999922e-03
-4.114249999999999852e-03
-4.812269999999999569e-03
-4.163870000000000071e-03
-3.533810000000000076e-03
-5.235450000000000000e-03
-6.877910000000000100e-03
-7.380000000000000275e-03
-6.747819999999999860e-03
-8.418790000000000648e-03
-8.548520000000000424e-03
-5.657999999999999835e-03
-6.423149999999999867e-03
-8.589760000000000104e-03
-8.355269999999999711e-03
-4.824120000000000318e-03
-5.616150000000000092e-04
6.332510000000000396e-03
1.569299999999999862e-02
2.323590000000000030e-02
2.940490000000000118e-02
3.245159999999999711e-02
3.023930000000000021e-02
2.028109999999999982e-02
8.417590000000000836e-03
-2.866560000000000202e-03
-1.056849999999999977e-02
-1.484109999999999943e-02
-1.692379999999999926e-02
-1.661139999999999839e-02
-1.486700000000000001e-02
-1.241060000000000080e-02
-1.073250000000000072e-02
-8.062869999999999759e-03
-8.234949999999999562e-03
-5.953909999999999758e-03
-2.445790000000000203e-03
1.810659999999999906e-04
5.333480000000000035e-04
-1.904050000000000013e-03
-2.863440000000000082e-03
-6.422790000000000270e-03
-7.766679999999999764e-03
-4.921410000000000194e-03
-1.622219999999999955e-03
2.789820000000000147e-03
3.515599999999999802e-03
1.740360000000000041e-03
-7.437589999999999783e-04
-2.223150000000000126e-03
-2.670280000000000136e-03
-4.583130000000000363e-03
-5.792160000000000190e-03
-8.100720000000000490e-03
-1.060409999999999998e-02
-1.365919999999999981e-02
-1.374919999999999962e-02
-1.386979999999999984e-02
-1.375469999999999991e-02
-1.392730000000000010e-02
-1.074699999999999961e-02
-4.179369999999999960e-03
2.301609999999999941e-03
6.314229999999999669e-03
6.638550000000000006e-03
5.508370000000000280e-03
1.474279999999999905e-03
4.869459999999999826e-04
2.150619999999999789e-03
6.057299999999999837e-03
6.538849999999999697e-03
6.532859999999999709e-03
6.461609999999999576e-03
6.621929999999999830e-03
6.240650000000000364e-03
4.187620000000000405e-03
1.899000000000000080e-03
6.793599999999999466e-04
7.510659999999999949e-04
6.190520000000000354e-04
5.212599999999999525e-04
1.325709999999999909e-03
3.565019999999999908e-03
3.589240000000000052e-03
3.569479999999999875e-03
3.687689999999999978e-03
3.576030000000000007e-03
1.921020000000000063e-03
-4.390849999999999745e-04
-2.091120000000000131e-03
-1.864020000000000087e-03
-2.231480000000000095e-03
-1.826600000000000055e-03
-2.527409999999999900e-03
-2.391889999999999815e-03
-1.409139999999999915e-03
2.114340000000000143e-03
4.135350000000000310e-03
4.011070000000000260e-03
3.440589999999999881e-03
1.105580000000000104e-03
1.787869999999999997e-03
1.704819999999999903e-03
1.610209999999999940e-03
1.316359999999999926e-03
9.140939999999999526e-04
5.793909999999999555e-04
1.748509999999999995e-03
6.629890000000000045e-04
-1.217710000000000103e-03
-1.268180000000000045e-03
-5.439320000000000092e-04
1.598580000000000053e-03
1.490720000000000066e-03
1.720139999999999994e-03
1.443569999999999923e-03
3.471169999999999985e-03
4.199819999999999942e-03
4.039209999999999676e-03
3.738850000000000159e-03
1.623290000000000106e-03
-4.533769999999999792e-04
-3.732070000000000092e-03
-6.475400000000000079e-03
-9.509760000000000782e-03
-1.062779999999999975e-02
-9.961690000000000475e-03
-7.357660000000000242e-03
-2.458070000000000133e-03
1.565549999999999971e-03
3.982989999999999621e-03
3.964350000000000165e-03
2.991839999999999734e-04
-3.270669999999999827e-03
-5.194769999999999596e-03
-4.811679999999999603e-03
-2.334249999999999953e-03
8.164650000000000509e-04
3.510549999999999869e-03
6.439809999999999805e-03
8.907260000000000177e-03
9.571049999999999350e-03
1.106449999999999968e-02
1.079070000000000029e-02
8.998960000000000292e-03
8.330380000000000076e-03
6.608890000000000077e-03
6.001300000000000211e-03
5.990529999999999987e-03
5.731749999999999866e-03
5.678429999999999936e-03
5.449970000000000162e-03
3.873549999999999910e-03
1.613690000000000090e-03
-1.768270000000000063e-04
-2.003130000000000101e-03
-1.526460000000000100e-03
-2.248340000000000093e-04
4.486909999999999770e-04
1.781290000000000043e-03
3.227069999999999852e-03
3.228759999999999790e-03
3.227859999999999931e-03
2.395749999999999876e-03
3.185600000000000129e-04
-1.003970000000000079e-03
-2.258309999999999918e-03
-2.883220000000000140e-03
-3.722640000000000150e-03
-3.631389999999999965e-03
-2.610620000000000128e-03
-1.081179999999999945e-03
5.596559999999999556e-04
1.663769999999999962e-03
2.428350000000000126e-03
1.706660000000000035e-03
5.712770000000000261e-04
-8.263129999999999607e-04
-1.510019999999999939e-03
-2.139579999999999867e-03
-2.643570000000000034e-03
-3.660560000000000203e-03
-4.049060000000000159e-03
-3.434580000000000011e-03
-2.198400000000000094e-03
-7.688880000000000150e-04
1.967849999999999938e-04
9.717589999999999908e-04
1.542369999999999939e-03
2.187409999999999875e-03
2.126209999999999906e-03
2.073290000000000202e-03
1.326080000000000097e-03
1.161399999999999932e-03
9.934830000000000830e-04
8.873620000000000466e-04
1.208929999999999987e-03
1.831179999999999961e-03
2.909810000000000087e-03
3.559810000000000058e-03
3.853479999999999839e-03
3.873919999999999881e-03
3.571969999999999833e-03
3.482990000000000044e-03
3.038819999999999803e-03
2.556689999999999918e-03
2.312269999999999950e-03
1.996159999999999862e-03
1.393979999999999959e-03
9.713070000000000297e-04
1.103210000000000085e-03
9.358669999999999489e-04
7.523360000000000420e-04
4.395749999999999918e-04
-1.361269999999999928e-04
-5.730050000000000204e-04
-9.912219999999999365e-04
-1.244700000000000060e-03
-1.421179999999999969e-03
-1.734590000000000047e-03
-1.917410000000000034e-03
-1.886370000000000061e-03
-1.662000000000000066e-03
-1.514130000000000033e-03
-1.401370000000000090e-03
-1.259039999999999899e-03
-1.218679999999999980e-03
-1.301620000000000077e-03
-1.361870000000000051e-03
-1.419249999999999939e-03
-1.611019999999999900e-03
-1.825360000000000047e-03
-1.981099999999999962e-03
-1.925959999999999998e-03
-1.840430000000000104e-03
-1.741920000000000100e-03
-1.696990000000000000e-03
-1.666249999999999979e-03
-1.559290000000000068e-03
-1.442630000000000084e-03
-1.271489999999999903e-03
-1.180169999999999917e-03
-1.103290000000000043e-03
-1.075919999999999958e-03
-1.032080000000000107e-03
-1.004179999999999916e-03
-9.950619999999998997e-04
-9.663539999999999977e-04
-9.437350000000000166e-04
-9.088860000000000255e-04
-8.649379999999999916e-04
-8.098050000000000300e-04
-7.554379999999999862e-04
-7.019930000000000397e-04
-6.581379999999999522e-04
-6.171829999999999894e-04
-5.763190000000000500e-04
-5.352690000000000009e-04
-4.972390000000000143e-04
