-3.355750000000000117e-04
2.956650000000000228e-04
9.585250000000000020e-04
-2.758130000000000239e-04
-1.695789999999999971e-03
1.558890000000000059e-03
3.306009999999999852e-03
2.068620000000000181e-03
6.772030000000000280e-04
1.939830000000000026e-03
3.929710000000000321e-03
1.845719999999999913e-03
2.184230000000000112e-03
3.502959999999999841e-03
2.669480000000000117e-03
8.047939999999999521e-04
5.251840000000000458e-04
2.583419999999999900e-03
4.193869999999999716e-03
1.894660000000000051e-03
-2.124270000000000151e-03
-1.711300000000000017e-03
2.079919999999999859e-03
2.159349999999999985e-03
2.321409999999999880e-03
1.570559999999999925e-03
-1.574380000000000061e-04
-4.778410000000000079e-04
3.716969999999999888e-04
2.234100000000000148e-03
3.010749999999999863e-04
-1.527909999999999945e-03
-8.778399999999999842e-05
1.677719999999999949e-03
2.823060000000000066e-03
3.075899999999999902e-03
-1.001160000000000071e-03
-1.750969999999999914e-03
-8.636860000000000110e-04
-8.554070000000000586e-05
1.934970000000000049e-03
-8.925880000000000402e-04
-3.428420000000000165e-03
1.771669999999999929e-04
3.495119999999999998e-03
2.327099999999999915e-03
-1.602050000000000045e-03
-3.053619999999999945e-03
2.305359999999999788e-03
4.491110000000000414e-03
1.138260000000000096e-03
9.168130000000000463e-04
2.376329999999999849e-03
-4.634600000000000113e-04
-2.287330000000000179e-03
-1.847810000000000077e-03
5.939670000000000409e-04
4.080219999999999854e-03
1.937099999999999976e-03
-1.047519999999999918e-03
1.022979999999999940e-03
1.169759999999999940e-03
5.107360000000000242e-04
-2.768029999999999991e-04
3.262500000000000209e-03
3.687740000000000115e-03
-2.188579999999999866e-03
-1.599120000000000099e-03
-1.318710000000000064e-03
2.347070000000000146e-03
2.669299999999999885e-03
-1.429160000000000066e-03
3.955280000000000254e-04
3.274889999999999919e-03
3.289080000000000215e-03
-1.714110000000000026e-03
-2.937180000000000173e-03
-2.121270000000000187e-03
-1.764369999999999914e-03
-2.346870000000000032e-03
3.242640000000000192e-03
2.950830000000000206e-03
1.130039999999999907e-03
-7.364879999999999864e-05
-3.527460000000000057e-03
1.023700000000000001e-03
4.371120000000000257e-04
-1.154169999999999936e-03
-2.513919999999999783e-03
2.060699999999999945e-03
3.047970000000000106e-03
6.582189999999999916e-03
4.669610000000000254e-03
-1.180169999999999917e-03
-1.059889999999999964e-03
4.241250000000000228e-04
-5.714749999999999995e-04
-7.469939999999999566e-04
-9.019339999999999606e-05
7.379679999999999790e-04
4.427229999999999881e-03
4.273129999999999984e-03
2.176959999999999919e-03
-2.219319999999999887e-03
-1.902180000000000060e-03
-8.628709999999999722e-04
-6.936250000000000141e-04
-1.648420000000000050e-03
-1.740290000000000023e-03
-4.407659999999999877e-03
-2.594180000000000184e-03
1.825409999999999967e-03
8.429839999999999209e-03
4.238590000000000413e-03
-5.142419999999999977e-03
3.058309999999999848e-03
6.931180000000000327e-03
4.345410000000000071e-03
2.296440000000000124e-04
-6.631960000000000112e-03
-8.992309999999999887e-03
2.215379999999999867e-03
8.333280000000000201e-03
5.689370000000000017e-03
-4.582319999999999861e-04
-1.761779999999999943e-02
-1.538810000000000004e-02
6.379659999999999671e-03
1.103080000000000033e-02
3.595950000000000101e-03
-7.404810000000000385e-03
-5.709630000000000261e-03
-6.627300000000000465e-04
4.493310000000000359e-03
8.963910000000000280e-03
-3.640490000000000241e-04
-1.170550000000000063e-02
-1.116490000000000017e-02
7.514260000000000037e-03
8.696380000000000082e-03
2.609250000000000133e-04
-3.592689999999999946e-03
-2.835910000000000080e-03
4.616989999999999853e-04
7.962719999999999521e-03
3.263530000000000163e-03
-1.995480000000000170e-02
-2.600950000000000137e-02
-7.922969999999999666e-03
1.256570000000000083e-02
9.385309999999999139e-03
-4.865160000000000318e-03
-1.615250000000000019e-02
-1.222559999999999966e-02
7.141109999999999992e-03
1.882920000000000080e-02
9.799129999999999646e-03
-4.382999999999999743e-03
-1.997780000000000042e-02
-1.257879999999999936e-02
1.707360000000000128e-02
1.543749999999999983e-02
-8.374490000000000059e-03
-1.747500000000000095e-02
6.187630000000000387e-04
1.288219999999999990e-02
8.414539999999999867e-03
-4.829669999999999992e-04
-3.385930000000000103e-03
-3.898009999999999930e-03
-1.281330000000000012e-04
1.588489999999999911e-03
-1.838760000000000047e-03
-2.501789999999999830e-03
-1.366580000000000052e-03
7.092249999999999596e-03
1.935089999999999987e-03
-4.553169999999999613e-03
-2.803910000000000170e-03
6.108810000000000108e-03
7.582679999999999629e-03
-1.722819999999999907e-03
-2.623509999999999905e-03
-1.280209999999999942e-03
7.092929999999999895e-03
7.520279999999999847e-03
-3.035729999999999939e-03
4.504069999999999775e-03
9.522440000000000071e-03
1.797949999999999982e-03
-1.256269999999999956e-02
-7.230140000000000351e-03
3.249310000000000045e-03
1.734580000000000106e-03
6.274570000000000147e-03
-8.644409999999999724e-04
-2.307769999999999787e-03
-2.690300000000000070e-03
-8.420889999999999669e-04
7.306660000000000411e-03
5.983689999999999842e-03
-2.774050000000000127e-03
-5.920779999999999620e-03
-2.589489999999999847e-03
8.795079999999999825e-04
-3.198480000000000073e-03
2.577760000000000121e-03
1.180259999999999990e-02
6.528169999999999806e-03
5.993659999999999613e-03
3.119279999999999883e-03
-7.382660000000000090e-03
-8.806609999999999439e-03
-1.788010000000000033e-03
-3.567929999999999973e-03
-1.519900000000000070e-02
-7.978449999999999778e-03
-1.780949999999999894e-03
-6.511730000000000296e-03
-7.328770000000000076e-03
1.077030000000000088e-03
2.833449999999999944e-03
-2.811249999999999947e-03
-1.214729999999999976e-02
-1.777269999999999892e-02
-3.235229999999999855e-04
9.810400000000000804e-04
-1.513900000000000098e-03
-2.932730000000000146e-03
-3.399079999999999853e-04
4.665220000000000304e-03
6.219209999999999973e-04
-9.812690000000000648e-03
-1.184349999999999986e-02
-3.620299999999999907e-03
3.969509999999999879e-03
1.342930000000000100e-04
-1.321260000000000099e-03
4.331569999999999865e-03
-3.151160000000000072e-03
-9.090630000000000585e-03
-1.681369999999999957e-03
7.179360000000000082e-03
1.789669999999999933e-03
-5.406440000000000204e-03
4.451850000000000251e-03
1.021479999999999957e-02
3.887779999999999968e-03
-1.035039999999999918e-02
-5.012989999999999721e-04
1.652249999999999899e-02
1.205179999999999967e-02
1.076870000000000084e-02
3.520530000000000014e-03
-9.327389999999999640e-03
-1.335229999999999924e-02
6.229639999999999830e-03
8.641930000000000792e-03
-2.823889999999999907e-03
-9.766779999999999212e-04
4.616999999999999577e-03
3.922369999999999676e-03
3.086989999999999960e-03
5.893009999999999741e-03
-1.569309999999999976e-03
-6.707049999999999991e-03
-8.843959999999999669e-03
-7.882099999999999523e-03
1.835440000000000032e-03
6.974199999999999844e-03
3.969280000000000377e-03
-7.498580000000000349e-03
-6.572419999999999825e-03
-6.894739999999999897e-03
-9.083660000000000345e-03
1.049030000000000058e-03
2.065070000000000067e-04
-1.862050000000000077e-03
3.673490000000000175e-03
4.032540000000000256e-03
1.334640000000000002e-03
-9.868019999999999917e-03
-7.421030000000000335e-03
3.711250000000000139e-03
-1.314290000000000076e-03
-1.756959999999999902e-03
3.690870000000000175e-03
8.645009999999999847e-03
5.106639999999999964e-03
6.778420000000000278e-03
9.034669999999999854e-03
1.002510000000000033e-02
1.382360000000000012e-02
6.753969999999999765e-03
-6.757960000000000356e-03
-5.102490000000000324e-03
2.909619999999999915e-03
-2.731990000000000113e-03
-4.551659999999999907e-03
6.258659999999999874e-04
-7.083279999999999958e-03
-1.807889999999999844e-02
-1.159879999999999939e-02
-5.569570000000000250e-03
-6.234599999999999864e-03
2.077390000000000139e-03
7.047860000000000409e-03
5.837130000000000270e-03
3.311629999999999869e-03
3.541139999999999913e-03
-3.695269999999999740e-04
-5.815289999999999869e-03
-1.083160000000000026e-02
-1.451380000000000031e-02
-9.615769999999999179e-03
-5.689780000000000185e-03
2.605899999999999970e-03
6.464570000000000212e-03
1.286099999999999917e-02
8.022150000000000461e-03
-5.055259999999999788e-03
-1.813680000000000023e-03
4.585820000000000000e-03
4.002389999999999767e-03
-6.143530000000000345e-03
-1.883030000000000120e-02
-2.557649999999999854e-02
-1.836020000000000056e-03
1.743890000000000023e-02
4.768520000000000050e-03
-1.370569999999999948e-02
-7.504079999999999778e-03
5.655979999999999688e-03
3.045819999999999864e-03
5.077680000000000214e-03
-6.251199999999999509e-04
-3.292400000000000014e-03
-4.285859999999999843e-03
-8.602479999999999155e-03
-1.422670000000000011e-02
-1.466329999999999901e-04
1.578210000000000029e-03
-1.020889999999999992e-02
-9.189889999999999171e-03
-5.310800000000000069e-03
6.886380000000000105e-03
2.621780000000000204e-03
-1.137969999999999954e-02
-1.103600000000000067e-02
8.399170000000000290e-04
-4.805760000000000066e-03
-9.410009999999999902e-03
-2.087410000000000047e-03
8.786840000000000622e-03
1.861250000000000057e-02
4.885389999999999872e-03
-1.667230000000000101e-02
-9.252780000000000379e-03
2.089540000000000147e-02
1.654720000000000149e-02
-1.127940000000000019e-02
-1.789409999999999959e-02
2.527879999999999927e-05
1.463369999999999949e-02
2.731950000000000025e-04
-1.013080000000000057e-02
-1.062540000000000012e-02
-7.739839999999999567e-03
-8.032549999999999413e-03
6.849280000000000125e-03
2.200649999999999828e-02
-5.716040000000000357e-03
-2.947280000000000039e-02
-1.317010000000000056e-02
1.542759999999999965e-02
3.028089999999999948e-02
1.687510000000000052e-02
1.440470000000000118e-04
-1.718439999999999898e-03
1.684310000000000061e-03
9.435320000000000512e-03
1.336549999999999934e-03
8.334809999999999788e-03
8.365440000000000029e-03
-1.066459999999999950e-04
2.136670000000000127e-04
-3.226759999999999958e-03
-2.989069999999999921e-03
-1.931410000000000071e-02
1.537759999999999995e-03
1.743650000000000061e-02
2.925029999999999904e-03
-5.933629999999999634e-03
-2.221590000000000023e-02
-3.578180000000000249e-02
-2.442100000000000173e-02
-4.804349999999999767e-03
8.975890000000000257e-03
-4.290200000000000090e-03
-9.590080000000000826e-03
6.204659999999999863e-03
1.493889999999999975e-02
2.337540000000000104e-02
3.820009999999999985e-03
-1.267030000000000066e-02
-9.276720000000000452e-03
-6.476779999999999690e-03
-3.540160000000000095e-03
1.046960000000000078e-02
1.055840000000000077e-02
6.417199999999999641e-03
1.113470000000000085e-02
3.686739999999999982e-03
-1.032190000000000017e-02
-2.400820000000000037e-02
-1.285859999999999954e-02
-5.981260000000000396e-04
-1.154879999999999969e-02
1.638950000000000021e-04
2.292829999999999868e-02
2.380760000000000168e-02
1.624659999999999993e-03
-8.984320000000000500e-03
5.687399999999999574e-03
1.106900000000000071e-02
5.392700000000000271e-03
-2.001230000000000109e-03
-6.372909999999999860e-03
-7.489769999999999761e-03
-1.455419999999999978e-02
3.055079999999999948e-03
7.086160000000000202e-03
-1.396149999999999995e-02
-2.502949999999999967e-02
-1.494260000000000033e-02
1.750709999999999940e-03
-1.114919999999999974e-02
-1.516690000000000052e-02
-2.052599999999999911e-02
-7.867709999999999981e-03
2.010479999999999906e-02
3.077809999999999921e-02
1.873400000000000065e-02
8.218509999999999618e-04
-9.482140000000000013e-03
-1.101010000000000010e-02
2.418290000000000023e-03
-1.031309999999999909e-03
-1.575290000000000024e-02
-2.929429999999999795e-03
1.705440000000000081e-02
7.114599999999999570e-03
-2.677350000000000216e-03
2.119750000000000106e-03
1.250749999999999952e-02
1.314199999999999917e-02
3.567269999999999990e-03
-2.856640000000000134e-03
-6.956989999999999702e-03
-7.227240000000000227e-03
-6.487689999999999950e-03
-6.044970000000000204e-03
-3.558159999999999882e-03
-1.192009999999999945e-02
-6.791460000000000032e-03
2.548729999999999919e-03
-5.632429999999999468e-04
1.543110000000000098e-03
-6.855439999999999538e-04
-6.329150000000000401e-03
4.769520000000000183e-03
9.076000000000000734e-03
-4.978530000000000108e-03
-1.224289999999999927e-02
-8.694290000000000351e-03
-2.693580000000000106e-03
-1.346879999999999952e-02
-8.458510000000000681e-03
-1.163469999999999956e-02
-6.148110000000000033e-03
1.244649999999999923e-02
6.186699999999999838e-04
-1.404790000000000032e-02
7.663910000000000340e-03
3.329759999999999664e-02
2.387490000000000098e-02
6.515680000000000473e-04
-4.091380000000000364e-03
8.091549999999999437e-03
7.817219999999999724e-03
8.986199999999999743e-03
1.164130000000000026e-02
-8.260980000000000449e-04
-2.637560000000000165e-03
7.754080000000000000e-04
-8.417799999999999588e-03
-1.690010000000000123e-02
-1.444490000000000010e-02
-1.088500000000000058e-02
-2.189889999999999892e-02
-1.226900000000000039e-02
1.916139999999999987e-03
-8.379680000000000462e-03
-9.144630000000000813e-03
2.474239999999999946e-03
8.602459999999999274e-03
1.225820000000000035e-02
1.315380000000000021e-02
4.738860000000000121e-03
-8.331359999999999461e-03
-1.513270000000000066e-02
-1.643109999999999927e-03
2.057969999999999938e-02
3.392130000000000145e-02
1.900589999999999918e-02
-1.609630000000000088e-02
-2.430519999999999903e-02
-2.722959999999999964e-03
6.976269999999999694e-03
-7.576010000000000209e-03
-7.498430000000000373e-03
5.809560000000000071e-03
4.756980000000000063e-03
6.729709999999999859e-03
1.974089999999999873e-02
3.139650000000000080e-02
2.472979999999999970e-02
-7.459280000000000424e-03
-3.280009999999999870e-02
-3.124559999999999838e-02
-1.916669999999999832e-02
-2.010210000000000122e-03
4.748370000000000021e-03
-6.109479999999999598e-03
1.272080000000000086e-02
3.544239999999999891e-02
3.683469999999999800e-02
5.412669999999999634e-03
5.901710000000000116e-04
5.259690000000000459e-04
-9.562789999999999832e-03
-9.503579999999999320e-03
-1.965249999999999983e-02
-2.374470000000000053e-02
-2.725959999999999842e-02
-2.755329999999999932e-02
-1.260099999999999935e-02
1.739109999999999961e-02
2.086630000000000082e-02
5.011490000000000389e-03
-1.053830000000000044e-02
5.240090000000000199e-03
1.082669999999999987e-02
1.662140000000000145e-02
6.928359999999999727e-03
1.889199999999999907e-02
3.348620000000000069e-02
3.275900000000000339e-02
8.232160000000000519e-03
-2.331130000000000008e-02
-1.807759999999999923e-02
-1.501549999999999933e-02
-2.889679999999999940e-03
-1.085380000000000025e-02
6.559719999999999787e-03
1.181890000000000024e-02
-1.369940000000000047e-02
-1.760799999999999865e-02
-1.405220000000000080e-02
-5.145499999999999900e-03
4.805679999999999674e-03
-1.178760000000000051e-02
-1.968949999999999867e-02
-7.541590000000000142e-04
1.392269999999999966e-02
-7.009699999999999785e-03
9.392219999999999736e-04
1.451550000000000062e-02
-1.054079999999999948e-02
-2.234620000000000009e-02
-3.255120000000000235e-02
-9.931630000000000319e-03
-4.991709999999999897e-03
-2.681249999999999953e-02
-2.693999999999999867e-02
-1.039550000000000023e-02
-1.463659999999999961e-02
-3.161239999999999883e-02
-3.922359999999999736e-02
-1.994960000000000136e-02
-4.868830000000000206e-03
-4.287359999999999609e-03
1.578430000000000111e-02
3.576000000000000012e-02
3.600790000000000241e-02
4.775940000000000046e-02
2.101400000000000143e-02
-1.599969999999999865e-02
7.280889999999999931e-03
1.652009999999999937e-02
2.824099999999999874e-02
2.453839999999999841e-02
2.383779999999999927e-02
3.254350000000000298e-02
4.451019999999999976e-02
2.264149999999999843e-02
5.183240000000000416e-03
2.684399999999999981e-02
2.820989999999999956e-02
-1.546529999999999953e-03
-2.329490000000000033e-02
-1.846510000000000165e-02
-2.302349999999999883e-02
-3.491249999999999909e-02
-6.019209999999999838e-02
-5.106410000000000116e-02
2.078979999999999804e-03
5.015780000000000238e-02
4.279340000000000227e-02
2.946410000000000001e-02
3.286279999999999757e-02
2.111659999999999926e-02
9.614349999999999589e-04
-1.593989999999999990e-02
-9.732120000000000354e-03
-7.396259999999999987e-03
5.028419999999999591e-03
3.662809999999999677e-02
2.955450000000000091e-02
2.871310000000000182e-03
-1.552839999999999950e-02
-3.723390000000000033e-02
-1.694100000000000120e-02
2.536460000000000103e-02
5.745279999999999831e-02
6.107080000000000147e-02
3.407349999999999962e-02
1.511900000000000049e-02
5.526930000000000211e-03
3.465579999999999789e-03
1.128599999999999916e-02
1.778139999999999929e-02
2.531210000000000057e-02
5.028479999999999756e-02
4.905890000000000251e-02
2.959830000000000100e-02
4.248709999999999987e-02
5.724250000000000171e-02
5.738440000000000207e-02
6.450609999999999677e-02
7.821490000000000387e-02
8.191959999999999520e-02
7.409019999999999495e-02
6.402080000000000271e-02
5.576799999999999813e-02
3.323630000000000334e-02
-8.569359999999999825e-03
-3.583589999999999692e-02
-3.088990000000000138e-02
-1.255129999999999961e-02
2.618249999999999918e-03
1.143620000000000053e-02
2.716669999999999849e-02
4.640910000000000174e-02
5.402139999999999720e-02
4.523420000000000218e-02
2.839200000000000057e-02
1.166000000000000023e-02
-1.280869999999999925e-02
-3.710920000000000191e-02
-4.083520000000000205e-02
-3.865840000000000248e-02
-2.782190000000000010e-02
-1.466029999999999894e-03
1.082200000000000002e-02
-8.764009999999999162e-03
-5.275040000000000284e-02
-7.859610000000000207e-02
-8.230070000000000441e-02
-7.613989999999999647e-02
-6.164759999999999684e-02
-6.375079999999999636e-02
-7.255639999999999312e-02
-8.000340000000000229e-02
-8.067240000000000522e-02
-6.917800000000000338e-02
-4.543029999999999985e-02
-1.323799999999999977e-02
4.286680000000000178e-03
-1.142430000000000008e-02
-2.888049999999999992e-02
-9.577989999999999768e-03
4.285420000000000201e-02
1.037160000000000026e-01
1.396020000000000039e-01
1.411250000000000004e-01
8.383899999999999686e-02
2.180469999999999978e-02
-5.689320000000000314e-03
2.607420000000000050e-03
4.367979999999999779e-02
7.527129999999999932e-02
1.111309999999999937e-01
1.383479999999999988e-01
1.460799999999999876e-01
1.487799999999999956e-01
1.214260000000000062e-01
8.930689999999999462e-02
4.992169999999999941e-02
5.327359999999999735e-03
-1.001680000000000018e-03
3.605720000000000192e-03
-1.853029999999999955e-02
-6.709750000000000436e-02
-1.066679999999999989e-01
-1.186239999999999933e-01
-1.104289999999999994e-01
-5.066099999999999770e-02
1.503729999999999997e-02
1.084620000000000029e-02
-2.740070000000000006e-02
-4.867380000000000317e-02
-9.957570000000000657e-03
5.520930000000000282e-02
8.565839999999999566e-02
9.194270000000000220e-02
7.938040000000000374e-02
6.163249999999999978e-02
5.467410000000000325e-02
6.719870000000000010e-02
1.043369999999999992e-01
1.196910000000000057e-01
8.240000000000000102e-02
8.907999999999999252e-03
-5.523059999999999775e-02
-9.009920000000000428e-02
-1.075659999999999950e-01
-1.153909999999999936e-01
-1.229340000000000016e-01
-1.314309999999999923e-01
-1.249170000000000003e-01
-1.137340000000000018e-01
-1.215310000000000001e-01
-1.248400000000000065e-01
-9.790880000000000416e-02
-7.731699999999999684e-02
-1.010100000000000026e-01
-1.405349999999999933e-01
-1.527350000000000096e-01
-1.162109999999999949e-01
-3.394529999999999770e-02
5.145940000000000236e-02
9.550509999999999555e-02
8.013679999999999415e-02
3.364319999999999811e-02
6.884620000000000149e-03
-3.118469999999999923e-03
-9.622949999999999907e-03
-2.309489999999999980e-03
2.136889999999999970e-02
6.840209999999999346e-02
8.241089999999999527e-02
4.545020000000000310e-02
8.353889999999999233e-03
-2.661470000000000155e-02
-2.501839999999999967e-02
1.513910000000000082e-02
5.216309999999999697e-02
7.160130000000000661e-02
8.803149999999999864e-02
1.047290000000000026e-01
8.307649999999999757e-02
2.313930000000000153e-02
-1.371220000000000078e-02
-1.054509999999999996e-02
-1.159869999999999998e-02
-2.373969999999999900e-02
3.541310000000000204e-03
7.450379999999999503e-02
1.052219999999999961e-01
8.398379999999999734e-02
7.124199999999999977e-02
6.969269999999999632e-02
6.571470000000000089e-02
6.868100000000000593e-02
4.195190000000000030e-02
1.470270000000000084e-02
2.491389999999999924e-02
4.463670000000000138e-02
3.920219999999999955e-02
2.957649999999999862e-02
4.359140000000000237e-02
6.876809999999999867e-02
9.631119999999999959e-02
9.972109999999999308e-02
9.433969999999999856e-02
6.736169999999999658e-02
4.440979999999999928e-02
3.871209999999999929e-02
3.725760000000000183e-02
2.195259999999999920e-02
-1.577409999999999923e-02
-1.506620000000000008e-02
6.057070000000000336e-03
1.949769999999999975e-02
3.710700000000000109e-02
3.699179999999999829e-02
-4.350070000000000043e-04
-6.429920000000000080e-02
-1.205569999999999975e-01
-1.543970000000000065e-01
-1.807219999999999938e-01
-2.039990000000000137e-01
-2.224389999999999978e-01
-2.300999999999999990e-01
-2.412120000000000097e-01
-2.448029999999999928e-01
-2.258380000000000110e-01
-1.991120000000000112e-01
-1.810819999999999930e-01
-1.696999999999999897e-01
-1.490259999999999918e-01
-1.196310000000000012e-01
-9.437510000000000343e-02
-7.363129999999999675e-02
-5.098010000000000042e-02
-4.863309999999999855e-02
-5.279160000000000103e-02
-5.834439999999999765e-02
-6.686340000000000339e-02
-7.367690000000000350e-02
-7.450710000000000666e-02
-5.823300000000000004e-02
-3.611319999999999808e-02
-1.591100000000000153e-02
2.479600000000000207e-03
2.114769999999999844e-02
4.315220000000000167e-02
6.658469999999999667e-02
9.013960000000000028e-02
1.119750000000000051e-01
1.389759999999999884e-01
1.575300000000000034e-01
1.686739999999999906e-01
1.681420000000000137e-01
1.365790000000000060e-01
8.867020000000000457e-02
3.998770000000000102e-02
2.610240000000000130e-02
2.857909999999999964e-02
1.431340000000000043e-02
7.924149999999999597e-03
1.264170000000000051e-02
2.974709999999999854e-02
5.751769999999999800e-02
7.070229999999999571e-02
7.886029999999999429e-02
8.019139999999999602e-02
6.004650000000000265e-02
2.911499999999999852e-02
5.396009999999999696e-03
-9.956980000000000691e-03
-2.165020000000000139e-02
-4.645959999999999673e-02
-7.046940000000000148e-02
-7.829469999999999485e-02
-8.110789999999999667e-02
-8.974110000000000420e-02
-1.125990000000000046e-01
-1.255330000000000057e-01
-1.331849999999999978e-01
-1.212619999999999948e-01
-9.845370000000000510e-02
-9.299459999999999671e-02
-9.872899999999999732e-02
-1.115440000000000043e-01
-1.121950000000000031e-01
-1.065860000000000002e-01
-1.024430000000000063e-01
-9.838610000000000411e-02
-8.539829999999999643e-02
-6.731370000000000409e-02
-3.815190000000000248e-02
-4.730490000000000389e-03
1.882030000000000161e-02
2.646319999999999922e-02
1.664480000000000126e-02
-8.114999999999999384e-05
-1.222320000000000004e-02
-1.235269999999999944e-02
-2.124909999999999993e-02
-3.038309999999999969e-02
-4.544030000000000291e-02
-6.771810000000000329e-02
-8.553130000000000455e-02
-7.387059999999999460e-02
-2.450669999999999932e-02
1.132900000000000053e-02
2.098440000000000027e-02
1.478999999999999933e-02
7.690800000000000240e-03
1.790139999999999960e-03
-1.036109999999999982e-02
-3.325079999999999703e-02
-6.495040000000000535e-02
-7.053070000000000173e-02
-6.346010000000000539e-02
-7.037659999999999749e-02
-8.063370000000000259e-02
-7.978399999999999381e-02
-6.979920000000000568e-02
-7.460849999999999427e-02
-8.240219999999999489e-02
-8.895770000000000066e-02
-8.638419999999999432e-02
-5.361060000000000131e-02
-4.583209999999999888e-03
3.673189999999999789e-02
5.322740000000000110e-02
6.658229999999999704e-02
9.494750000000000412e-02
1.129389999999999977e-01
1.276970000000000049e-01
1.392180000000000084e-01
1.455700000000000049e-01
1.399680000000000091e-01
1.155940000000000023e-01
9.007419999999999316e-02
6.974059999999999981e-02
5.907040000000000207e-02
4.289939999999999726e-02
1.758099999999999941e-02
-8.372900000000000828e-03
-3.025900000000000117e-02
-4.405239999999999850e-02
-5.350980000000000320e-02
-5.657689999999999941e-02
-4.855969999999999731e-02
-3.488449999999999884e-02
-2.377260000000000137e-02
-1.098069999999999949e-02
1.459069999999999985e-02
4.637489999999999668e-02
7.413019999999999332e-02
8.001360000000000416e-02
6.336319999999999453e-02
3.645360000000000267e-02
1.201340000000000047e-02
-1.168019999999999996e-02
-2.070409999999999959e-02
-6.301639999999999846e-03
1.272909999999999927e-03
-1.032849999999999914e-02
-2.736049999999999940e-02
-3.554700000000000221e-02
-4.078559999999999824e-02
-4.320100000000000329e-02
-4.038470000000000254e-02
-3.619660000000000238e-02
-2.083430000000000004e-02
-3.327999999999999795e-03
1.495450000000000078e-02
3.791579999999999950e-02
5.170210000000000083e-02
5.929709999999999842e-02
5.595660000000000217e-02
4.934290000000000204e-02
5.118509999999999727e-02
6.075579999999999870e-02
6.426769999999999705e-02
6.237460000000000226e-02
5.990929999999999866e-02
4.586389999999999911e-02
2.271300000000000055e-02
1.930010000000000059e-02
3.895250000000000101e-02
5.107520000000000115e-02
5.085699999999999943e-02
4.575400000000000300e-02
4.149339999999999973e-02
4.075600000000000056e-02
4.558170000000000277e-02
4.768390000000000128e-02
4.279609999999999664e-02
3.159449999999999759e-02
2.766450000000000159e-02
2.924449999999999966e-02
3.532980000000000148e-02
4.764120000000000160e-02
6.564430000000000265e-02
7.929500000000000437e-02
7.596060000000000312e-02
7.289039999999999409e-02
7.750999999999999557e-02
7.316280000000000006e-02
6.435920000000000529e-02
5.732129999999999864e-02
5.128900000000000126e-02
6.208570000000000061e-02
7.877090000000000480e-02
7.993989999999999430e-02
6.162680000000000241e-02
2.668270000000000017e-02
-2.079020000000000173e-02
-5.948380000000000334e-02
-7.798349999999999727e-02
-7.969099999999999795e-02
-6.097500000000000142e-02
-3.173159999999999870e-02
-2.000659999999999938e-02
-1.962509999999999949e-02
-1.548290000000000083e-02
-5.931589999999999606e-03
-1.450710000000000020e-03
7.076510000000000265e-03
2.187470000000000039e-02
3.236440000000000150e-02
2.896989999999999982e-02
1.421150000000000017e-02
4.993789999999999688e-03
-4.053590000000000144e-03
-1.419540000000000038e-02
-2.161789999999999892e-02
-1.739720000000000155e-02
-1.551420000000000056e-02
-1.757459999999999925e-02
-8.658759999999999721e-03
1.531530000000000044e-02
3.661090000000000177e-02
3.011350000000000138e-02
7.357370000000000229e-03
-2.567430000000000059e-02
-4.684640000000000332e-02
-3.096300000000000094e-02
-9.279779999999999626e-03
-1.805889999999999926e-02
-3.594560000000000116e-02
-4.045300000000000284e-02
-7.777240000000000368e-03
4.898879999999999901e-02
7.056080000000000685e-02
6.867890000000000106e-02
6.878710000000000380e-02
7.780800000000000216e-02
8.082419999999999882e-02
7.325270000000000392e-02
7.719810000000000560e-02
8.517959999999999421e-02
8.687280000000000002e-02
7.139529999999999488e-02
4.222440000000000221e-02
1.870319999999999969e-02
1.129289999999999981e-02
1.704369999999999843e-02
2.205800000000000122e-02
1.483749999999999999e-02
-4.720000000000000237e-03
-2.623079999999999856e-02
-4.931540000000000229e-02
-6.552009999999999779e-02
-7.574859999999999927e-02
-7.500199999999999922e-02
-5.435310000000000141e-02
-2.213330000000000158e-02
1.406750000000000014e-02
4.077320000000000250e-02
4.431460000000000260e-02
3.536720000000000141e-02
2.455009999999999831e-02
1.799860000000000002e-02
2.563230000000000022e-02
4.411779999999999868e-02
6.519410000000000482e-02
6.721470000000000222e-02
3.580379999999999674e-02
5.131410000000000311e-03
-1.076530000000000022e-02
-2.167109999999999870e-02
-1.390680000000000041e-02
6.577350000000000037e-04
1.250500000000000049e-02
3.150640000000000124e-03
-5.957959999999999992e-03
1.104240000000000083e-02
3.263579999999999953e-02
4.606819999999999665e-02
3.370379999999999904e-02
4.752299999999999884e-04
-2.035930000000000031e-02
-2.767570000000000099e-02
-1.590799999999999853e-02
3.572999999999999787e-03
-3.566989999999999918e-03
-2.686380000000000018e-02
-4.863259999999999805e-02
-6.368580000000000074e-02
-7.225579999999999503e-02
-6.833799999999999597e-02
-5.884690000000000060e-02
-6.004029999999999784e-02
-6.703539999999999499e-02
-6.010859999999999814e-02
-5.174870000000000164e-02
-5.238109999999999988e-02
-5.257690000000000280e-02
-4.854590000000000294e-02
-4.981780000000000236e-02
-5.232189999999999758e-02
-5.160689999999999722e-02
-5.853980000000000294e-02
-7.396830000000000072e-02
-7.766069999999999918e-02
-6.318079999999999530e-02
-3.989209999999999978e-02
-1.661520000000000098e-03
1.908019999999999855e-02
1.964319999999999955e-02
1.966969999999999830e-02
1.840489999999999834e-02
1.066929999999999962e-02
1.134959999999999962e-02
3.119879999999999876e-02
5.822170000000000123e-02
7.596150000000000124e-02
7.650010000000000143e-02
6.520360000000000045e-02
5.347969999999999807e-02
5.330429999999999890e-02
5.823090000000000210e-02
5.160800000000000110e-02
3.219940000000000302e-02
8.203929999999999903e-03
-6.415729999999999697e-03
2.764270000000000095e-03
2.168530000000000110e-02
3.446489999999999970e-02
2.964019999999999849e-02
1.869770000000000112e-02
1.365839999999999893e-03
-2.720130000000000117e-02
-4.534400000000000236e-02
-6.039619999999999711e-02
-7.249239999999999851e-02
-7.451499999999999790e-02
-6.434259999999999979e-02
-3.868449999999999667e-02
-1.579770000000000132e-02
-3.942270000000000323e-03
4.488229999999999954e-04
-2.566300000000000091e-03
-2.862110000000000175e-03
-1.146780000000000022e-02
-2.209929999999999881e-02
-1.289790000000000034e-02
-2.398030000000000213e-03
8.654679999999999665e-03
1.903010000000000118e-02
9.619590000000000779e-03
-9.335080000000000808e-03
-1.823150000000000118e-02
-2.600389999999999993e-02
-3.452199999999999713e-02
-3.334589999999999776e-02
-2.778689999999999979e-02
-6.019110000000000259e-03
1.295310000000000038e-03
2.041939999999999901e-03
1.190019999999999967e-02
-1.572959999999999983e-03
-1.754309999999999897e-02
-1.504510000000000049e-02
2.502929999999999999e-03
1.170129999999999955e-02
-1.842289999999999900e-03
6.018840000000000127e-03
3.611700000000000327e-02
3.346600000000000269e-02
1.133299999999999932e-02
-6.986209999999999642e-03
-2.244130000000000083e-02
-4.444370000000000265e-02
-4.444979999999999765e-02
-3.870010000000000117e-02
-4.482930000000000248e-02
-2.376429999999999862e-02
-4.725980000000000285e-03
-1.596629999999999924e-03
7.782250000000000105e-03
2.027399999999999949e-03
-2.053810000000000011e-02
-4.877469999999999722e-02
-4.890119999999999884e-02
-3.299540000000000112e-02
-3.682549999999999712e-02
-4.043019999999999947e-02
-4.443980000000000152e-02
-3.459790000000000088e-02
-1.329209999999999940e-02
-1.163770000000000082e-02
-2.839940000000000173e-02
-4.230099999999999832e-02
-4.480409999999999948e-02
-2.514560000000000059e-02
-2.224989999999999954e-02
-3.184200000000000225e-02
-2.167459999999999873e-02
-6.328740000000000233e-03
7.966549999999999326e-03
2.518209999999999893e-02
3.246389999999999693e-02
1.311750000000000069e-02
-2.749650000000000184e-03
-1.838809999999999967e-03
2.168849999999999945e-02
3.959660000000000263e-02
4.330529999999999796e-02
4.562480000000000008e-02
3.663340000000000346e-02
1.830400000000000083e-02
-5.468119999999999925e-03
-2.055190000000000142e-02
-1.079099999999999938e-03
3.403130000000000044e-02
4.964240000000000319e-02
4.322959999999999997e-02
3.515630000000000144e-02
3.879459999999999853e-02
3.343650000000000094e-02
1.695939999999999948e-02
1.111580000000000033e-02
2.862819999999999948e-02
3.855170000000000124e-02
9.884620000000000212e-03
-1.799910000000000052e-02
-1.227800000000000072e-02
8.569770000000000859e-03
1.591170000000000084e-02
1.198469999999999917e-02
7.074369999999999964e-03
-6.225780000000000420e-04
7.167139999999999796e-03
1.653889999999999874e-02
1.753230000000000066e-02
1.295450000000000074e-02
-2.563769999999999938e-03
-4.380420000000000320e-03
4.651650000000000229e-03
1.704560000000000103e-02
3.345639999999999725e-02
4.147150000000000142e-02
3.853489999999999693e-02
2.273410000000000014e-02
7.357540000000000087e-03
1.521660000000000026e-02
2.942929999999999852e-02
3.424359999999999904e-02
2.809499999999999845e-02
7.244170000000000297e-03
-2.522359999999999967e-03
2.157360000000000094e-03
7.916249999999999676e-03
1.097620000000000019e-02
6.258689999999999913e-03
-4.256519999999999748e-03
-1.957470000000000217e-03
1.405439999999999988e-02
2.010100000000000081e-02
1.775190000000000101e-02
3.091500000000000151e-02
5.209729999999999916e-02
6.192489999999999800e-02
5.965739999999999932e-02
5.852829999999999838e-02
6.776840000000000641e-02
6.732570000000000221e-02
4.586380000000000318e-02
2.362879999999999842e-02
1.668050000000000088e-02
2.215589999999999921e-02
3.027710000000000123e-02
2.676210000000000047e-02
8.478579999999999450e-03
9.115019999999999720e-03
2.191900000000000098e-02
1.769520000000000121e-02
6.652629999999999655e-03
-6.843029999999999946e-03
-2.740120000000000056e-02
-5.385999999999999815e-02
-6.816450000000000287e-02
-7.109809999999999741e-02
-7.164890000000000148e-02
-6.320739999999999692e-02
-4.793499999999999844e-02
-3.974339999999999817e-02
-3.939360000000000084e-02
-4.128269999999999856e-02
-4.702529999999999905e-02
-5.115229999999999777e-02
-4.558720000000000133e-02
-3.101759999999999934e-02
-1.853379999999999958e-02
-1.477209999999999981e-02
-1.215989999999999953e-02
-6.964109999999999918e-03
-7.648570000000000368e-03
-1.021799999999999965e-02
-3.043360000000000162e-03
6.135579999999999853e-03
8.862000000000000086e-03
6.993309999999999978e-03
5.960009999999999961e-03
2.837740000000000054e-03
-4.607280000000000056e-03
-6.253599999999999784e-03
1.250489999999999935e-03
5.033619999999999935e-03
2.482559999999999975e-03
4.934720000000000079e-06
-2.434949999999999962e-03
-4.962560000000000408e-03
-1.256260000000000016e-02
-1.740560000000000024e-02
-2.470380000000000145e-02
-3.791280000000000344e-02
-3.762929999999999747e-02
-3.414709999999999968e-02
-3.706029999999999741e-02
-4.117699999999999833e-02
-3.851279999999999981e-02
-2.497140000000000123e-02
-1.844140000000000015e-02
-1.858320000000000111e-02
-1.731440000000000062e-02
-1.646680000000000019e-02
-1.429120000000000043e-02
-1.331000000000000065e-02
-1.845290000000000125e-02
-3.065719999999999903e-02
-4.064410000000000245e-02
-3.711500000000000216e-02
-1.937209999999999974e-02
-5.804110000000000345e-03
-9.449650000000000410e-03
-1.657749999999999849e-02
-1.438960000000000065e-02
-6.406120000000000390e-03
-1.814129999999999953e-03
-3.614490000000000151e-03
-7.491560000000000406e-03
-9.063430000000000791e-03
-1.752949999999999994e-02
-2.736229999999999912e-02
-3.479510000000000242e-02
-3.875889999999999891e-02
-3.051330000000000015e-02
-1.679229999999999959e-02
-6.312879999999999880e-03
-6.921870000000000106e-03
-1.491669999999999975e-02
-1.932209999999999830e-02
-2.331240000000000048e-02
-4.068410000000000082e-02
-6.098719999999999836e-02
-6.915340000000000376e-02
-5.555079999999999740e-02
-3.756310000000000204e-02
-1.851770000000000152e-02
1.499329999999999934e-02
3.678449999999999775e-02
2.752179999999999904e-02
4.476909999999999744e-03
6.518480000000000107e-04
9.641049999999999967e-03
1.596090000000000009e-02
2.641280000000000017e-02
3.689830000000000193e-02
4.541930000000000273e-02
4.499910000000000021e-02
4.647189999999999654e-02
5.829770000000000091e-02
6.220629999999999910e-02
5.650340000000000223e-02
4.872169999999999973e-02
4.330959999999999671e-02
3.678560000000000163e-02
3.034320000000000073e-02
3.210160000000000097e-02
3.525640000000000024e-02
3.838670000000000276e-02
4.723209999999999908e-02
5.602549999999999891e-02
6.181590000000000001e-02
6.503910000000000247e-02
6.899049999999999627e-02
6.450240000000000140e-02
5.254489999999999855e-02
4.846380000000000132e-02
4.441029999999999978e-02
3.824330000000000090e-02
2.568399999999999850e-02
5.891819999999999870e-03
-4.758069999999999661e-03
3.418629999999999759e-04
1.344880000000000034e-02
2.146589999999999956e-02
1.884960000000000108e-02
1.327109999999999922e-02
1.202459999999999987e-02
1.779669999999999863e-02
1.748150000000000051e-02
1.081979999999999921e-02
6.711149999999999928e-03
-6.014430000000000297e-03
-1.827180000000000124e-02
-1.428570000000000013e-02
4.516860000000000146e-03
1.365189999999999980e-02
1.063470000000000040e-02
7.422630000000000373e-03
2.402120000000000210e-03
3.240489999999999950e-03
9.086030000000000148e-03
9.930519999999999972e-03
1.306490000000000082e-02
2.492640000000000133e-02
3.418589999999999823e-02
2.650320000000000106e-02
7.894240000000000285e-03
-4.105110000000000356e-03
-1.205509999999999915e-02
-2.378509999999999999e-02
-2.816509999999999847e-02
-2.448300000000000129e-02
-2.492979999999999849e-02
-3.434450000000000003e-02
-4.456389999999999657e-02
-4.606650000000000328e-02
-4.585029999999999661e-02
-4.731710000000000083e-02
-4.579840000000000300e-02
-3.767009999999999803e-02
-2.971009999999999970e-02
-2.471829999999999861e-02
-2.825170000000000112e-02
-2.882499999999999993e-02
-2.518159999999999843e-02
-1.883730000000000127e-02
-9.095350000000000310e-03
-5.567250000000000150e-03
-7.560410000000000047e-03
-2.289410000000000056e-02
-3.592469999999999691e-02
-3.667650000000000077e-02
-2.652759999999999840e-02
-1.872060000000000043e-02
-1.975599999999999926e-02
-1.918179999999999885e-02
-1.579140000000000058e-02
-8.198620000000000213e-03
-4.467000000000000159e-04
-4.768520000000000050e-03
-2.093870000000000106e-02
-2.184349999999999833e-02
-7.213699999999999973e-03
8.125999999999999543e-03
1.413269999999999978e-02
8.505270000000000538e-03
1.058169999999999987e-03
-7.662910000000000207e-03
-1.050979999999999970e-02
2.555280000000000051e-03
1.990950000000000011e-02
1.974419999999999994e-02
-3.715920000000000160e-03
-4.021570000000000006e-02
-6.702139999999999487e-02
-5.873189999999999661e-02
-3.054530000000000092e-02
-1.226089999999999992e-02
5.086170000000000101e-03
3.078699999999999840e-02
5.924800000000000205e-02
6.888790000000000191e-02
3.733109999999999901e-02
-1.078040000000000075e-02
-3.552260000000000140e-02
-1.468410000000000028e-02
2.188789999999999833e-02
3.672170000000000295e-02
3.730909999999999782e-02
1.096450000000000029e-02
-2.263439999999999896e-02
-4.967060000000000225e-02
-6.865390000000000381e-02
-4.398839999999999695e-02
-1.279379999999999927e-02
3.237470000000000105e-03
1.982559999999999878e-02
2.729190000000000088e-02
-7.295739999999999777e-04
-1.862760000000000110e-02
-2.145510000000000212e-03
-1.300450000000000043e-02
-3.047410000000000049e-02
-3.286920000000000119e-02
-2.421359999999999832e-02
1.318670000000000085e-02
4.109890000000000071e-02
2.656680000000000152e-02
-2.942859999999999834e-03
-9.943209999999999202e-03
1.172050000000000002e-02
3.089640000000000095e-02
3.890529999999999683e-02
4.455909999999999732e-02
4.568200000000000038e-02
3.257800000000000279e-02
1.461160000000000063e-02
-8.180169999999999846e-04
-1.217269999999999984e-02
-7.775619999999999581e-03
4.978360000000000250e-03
2.321689999999999865e-02
3.972350000000000186e-02
4.751819999999999655e-02
4.729880000000000195e-02
2.748830000000000023e-02
2.229909999999999878e-03
-1.040190000000000038e-02
-3.374160000000000180e-03
1.905959999999999946e-02
3.706759999999999916e-02
4.341289999999999732e-02
3.943080000000000196e-02
2.758640000000000050e-02
6.469270000000000055e-03
-6.478700000000000431e-03
-3.620760000000000211e-03
1.069789999999999977e-02
1.440040000000000070e-02
6.349439999999999598e-03
4.967250000000000311e-03
5.800490000000000160e-03
9.523389999999999633e-03
1.308510000000000055e-02
2.550469999999999994e-03
-1.985090000000000118e-02
-3.153299999999999853e-02
-2.196040000000000145e-02
-7.657070000000000196e-03
-1.024109999999999951e-03
1.195309999999999992e-03
-1.884180000000000056e-03
-2.509540000000000208e-03
-4.452740000000000170e-03
-1.082070000000000080e-02
-1.476509999999999975e-02
-2.257230000000000000e-02
-3.108330000000000121e-02
-4.026649999999999674e-02
-5.520449999999999663e-02
-6.800970000000000626e-02
-6.686229999999999951e-02
-5.956630000000000258e-02
-5.019060000000000188e-02
-3.367889999999999773e-02
-1.853509999999999880e-02
-9.570399999999999741e-03
-3.690210000000000191e-03
-6.802919999999999844e-04
-4.377899999999999674e-03
-1.285009999999999972e-02
-1.976380000000000151e-02
-2.006580000000000169e-02
-1.258420000000000025e-02
-9.501890000000000683e-03
-1.813319999999999863e-02
-2.488469999999999918e-02
-2.197479999999999919e-02
-1.404739999999999982e-02
-1.036019999999999996e-02
-5.488830000000000098e-03
2.372200000000000090e-03
5.946179999999999695e-03
4.799590000000000280e-03
4.006939999999999634e-03
6.740430000000000380e-03
8.104059999999999736e-03
7.987670000000000534e-03
6.475919999999999593e-03
7.455009999999999762e-03
1.064440000000000004e-02
1.158780000000000053e-02
2.015470000000000109e-02
2.827069999999999930e-02
2.406519999999999840e-02
1.334989999999999961e-02
-2.710059999999999813e-03
-9.160649999999999349e-03
5.182479999999999726e-03
2.466029999999999958e-02
3.430020000000000291e-02
2.938980000000000065e-02
1.762810000000000071e-02
1.287169999999999981e-02
1.368759999999999942e-02
1.074070000000000059e-02
8.495559999999999223e-03
1.440020000000000015e-02
2.817729999999999888e-02
3.797629999999999756e-02
4.250190000000000218e-02
3.059020000000000142e-02
4.042579999999999611e-03
-2.123429999999999936e-03
8.321250000000000521e-03
1.953710000000000169e-02
2.816609999999999947e-02
4.097110000000000335e-02
5.636279999999999762e-02
6.519379999999999620e-02
6.937269999999999548e-02
6.549249999999999516e-02
5.000570000000000015e-02
2.490130000000000121e-02
2.853909999999999867e-03
2.606960000000000180e-03
1.455509999999999964e-02
2.498759999999999870e-02
2.355739999999999917e-02
6.089790000000000307e-03
-1.630339999999999914e-02
-3.308359999999999773e-02
-4.046849999999999753e-02
-3.602749999999999703e-02
-2.955160000000000078e-02
-1.755860000000000060e-02
-3.138979999999999982e-03
7.960620000000000500e-04
1.492599999999999960e-03
1.059999999999999961e-03
-7.444880000000000074e-03
-2.149650000000000172e-02
-1.985949999999999868e-02
-7.621700000000000350e-03
-5.439020000000000139e-03
-1.606650000000000092e-02
-2.596170000000000075e-02
-3.185230000000000006e-02
-3.395970000000000238e-02
-2.457579999999999834e-02
-1.686479999999999924e-02
-1.749929999999999888e-02
-1.325110000000000003e-02
-5.758349999999999753e-03
-4.460010000000000363e-03
-8.019939999999999708e-03
-1.036809999999999989e-02
-8.683180000000000412e-03
-2.709159999999999954e-03
-7.555309999999999977e-03
-2.108169999999999836e-02
-2.944070000000000020e-02
-2.682450000000000112e-02
-1.504459999999999999e-02
-1.047919999999999928e-02
-6.552370000000000069e-03
-4.672629999999999666e-03
-1.070710000000000064e-02
-1.899059999999999984e-02
-1.753319999999999879e-02
-6.235769999999999855e-03
4.925960000000000061e-03
5.116569999999999972e-03
7.458770000000000417e-05
1.456559999999999973e-03
-7.944899999999999532e-03
-2.232910000000000103e-02
-2.037179999999999894e-02
-7.148660000000000257e-03
-9.115349999999999495e-03
-1.109530000000000065e-02
-8.740059999999999800e-04
-3.478129999999999850e-04
-1.027050000000000012e-02
-1.259009999999999990e-02
-2.953279999999999968e-03
6.674369999999999782e-03
1.301049999999999950e-02
1.354479999999999920e-02
1.047350000000000017e-02
8.863799999999999804e-03
1.164420000000000038e-02
1.169809999999999947e-02
1.002620000000000074e-02
1.149790000000000013e-02
8.598969999999999184e-03
4.878039999999999937e-04
-1.167280000000000054e-02
-2.457490000000000022e-02
-3.425170000000000298e-02
-4.042289999999999772e-02
-3.694479999999999986e-02
-2.921539999999999901e-02
-2.144410000000000066e-02
-1.779270000000000157e-02
-1.441759999999999917e-02
-1.124759999999999996e-02
-1.589689999999999853e-02
-1.591949999999999962e-02
-1.865620000000000125e-02
-2.361560000000000048e-02
-2.516310000000000074e-02
-2.236430000000000015e-02
-1.511230000000000039e-02
-3.940339999999999641e-03
7.729430000000000025e-04
-2.074110000000000103e-04
-3.676840000000000121e-04
-3.937819999999999862e-03
-6.951030000000000403e-03
-5.114139999999999658e-03
4.955160000000000120e-03
1.471030000000000081e-02
1.679399999999999990e-02
1.049740000000000048e-02
4.084560000000000100e-03
2.528929999999999980e-03
5.894789999999999579e-03
1.028369999999999979e-02
1.203390000000000015e-02
1.560070000000000033e-02
2.006410000000000138e-02
2.251910000000000023e-02
2.604710000000000011e-02
2.572570000000000065e-02
2.620389999999999872e-02
2.698719999999999938e-02
2.474200000000000010e-02
2.663700000000000095e-02
3.134730000000000155e-02
3.662460000000000021e-02
4.142459999999999892e-02
4.534839999999999705e-02
4.613060000000000077e-02
3.920669999999999711e-02
2.528870000000000076e-02
1.590249999999999997e-02
1.707530000000000159e-02
1.761580000000000090e-02
1.708219999999999877e-02
2.062759999999999941e-02
2.057339999999999863e-02
1.557930000000000079e-02
1.026600000000000082e-02
8.136110000000000217e-03
6.837509999999999769e-03
5.557269999999999571e-03
1.036130000000000037e-02
1.548670000000000081e-02
1.263459999999999930e-02
1.186339999999999964e-02
1.256700000000000005e-02
3.511330000000000007e-03
-7.244709999999999692e-03
-7.230570000000000400e-03
-1.662539999999999895e-03
1.301440000000000062e-03
-6.337269999999999889e-06
-4.773959999999999836e-03
-1.242919999999999962e-02
-1.885130000000000139e-02
-1.632890000000000036e-02
-1.623010000000000078e-02
-1.995020000000000127e-02
-2.044199999999999837e-02
-1.868159999999999960e-02
-1.781989999999999963e-02
-1.726919999999999844e-02
-1.331790000000000057e-02
-1.210929999999999992e-02
-1.010010000000000074e-02
-4.363729999999999692e-03
8.932089999999999518e-04
-1.942530000000000038e-03
-7.890299999999999397e-03
-3.821660000000000161e-03
-2.057199999999999914e-03
-2.994730000000000135e-03
-3.202949999999999981e-03
-2.864460000000000096e-03
-6.323419999999999735e-03
-1.339519999999999947e-02
-1.323930000000000072e-02
-1.356590000000000053e-02
-2.084470000000000073e-02
-2.455049999999999941e-02
-2.164469999999999936e-02
-2.125010000000000093e-02
-2.360030000000000114e-02
-2.663190000000000002e-02
-2.773259999999999961e-02
-2.384659999999999905e-02
-1.521040000000000066e-02
-7.402429999999999774e-03
-5.848090000000000233e-03
-6.801940000000000243e-03
-6.080949999999999897e-03
-2.042910000000000212e-03
5.268300000000000066e-03
7.181670000000000241e-03
3.673749999999999932e-03
5.195439999999999954e-03
9.810789999999999789e-03
1.468419999999999968e-02
1.879669999999999952e-02
1.864760000000000029e-02
1.771009999999999945e-02
1.601270000000000124e-02
1.181620000000000066e-02
4.583280000000000340e-03
4.034369999999999797e-03
6.194589999999999819e-03
4.198300000000000295e-03
-3.143309999999999963e-04
-4.696399999999999880e-03
-5.361590000000000279e-03
-1.025880000000000021e-02
-1.746320000000000164e-02
-2.187990000000000074e-02
-1.704829999999999887e-02
-6.122230000000000207e-03
3.091280000000000069e-03
9.881269999999999290e-03
1.236989999999999965e-02
1.148030000000000057e-02
1.462789999999999924e-02
2.137199999999999864e-02
2.624440000000000106e-02
2.504670000000000160e-02
1.859819999999999876e-02
1.340110000000000086e-02
1.002579999999999964e-02
1.059170000000000077e-02
8.576059999999999933e-03
4.280690000000000189e-03
2.529200000000000111e-03
1.740589999999999976e-03
2.050520000000000120e-03
4.325990000000000044e-03
9.055580000000000573e-03
1.124129999999999921e-02
5.649490000000000067e-03
3.467560000000000173e-03
4.365009999999999897e-03
2.336079999999999927e-03
4.098489999999999772e-03
5.668109999999999642e-03
1.061800000000000070e-02
1.236819999999999933e-02
6.295979999999999632e-03
4.093649999999999893e-03
6.024350000000000364e-03
4.205539999999999799e-03
8.765029999999999664e-05
1.312519999999999963e-03
4.816059999999999612e-03
7.119069999999999912e-03
6.343719999999999741e-03
-2.067349999999999917e-03
-1.054470000000000060e-02
-1.335910000000000049e-02
-1.475150000000000072e-02
-1.590630000000000169e-02
-1.460599999999999919e-02
-9.948790000000000758e-03
-6.223910000000000033e-03
-4.443139999999999937e-03
1.291150000000000023e-03
7.400789999999999973e-03
5.279039999999999601e-03
-3.413140000000000054e-04
-5.659749999999999850e-03
-6.441220000000000105e-03
-8.548699999999999355e-03
-1.350400000000000038e-02
-1.250659999999999966e-02
-8.392079999999999679e-03
-8.460570000000000590e-03
-1.423600000000000039e-02
-1.811820000000000097e-02
-1.615689999999999835e-02
-9.238430000000000600e-03
-1.080629999999999959e-03
3.624479999999999803e-03
5.448080000000000110e-03
4.827770000000000325e-03
1.063810000000000103e-03
-1.807409999999999963e-04
8.044239999999999811e-04
-7.134920000000000324e-04
-6.973269999999999729e-04
-1.531840000000000025e-03
-1.977739999999999967e-03
-2.635789999999999834e-03
-4.079250000000000410e-03
3.616749999999999956e-04
-1.743760000000000015e-03
-9.944720000000000643e-03
-1.330880000000000084e-02
-1.167799999999999915e-02
-6.253800000000000331e-03
-6.883300000000000182e-03
-9.221299999999999983e-03
-9.129649999999999571e-03
-6.981689999999999598e-03
-5.483459999999999897e-03
-6.190479999999999941e-03
-4.697360000000000251e-03
-6.576349999999999904e-03
-8.107529999999999945e-03
-7.945509999999999379e-03
-6.652309999999999821e-03
-4.322780000000000025e-03
-4.528980000000000158e-03
-3.802900000000000117e-03
-3.569469999999999935e-03
-3.641029999999999961e-03
1.283370000000000040e-03
7.498079999999999849e-03
1.162589999999999978e-02
1.421960000000000064e-02
1.613500000000000004e-02
1.545649999999999975e-02
1.520540000000000086e-02
1.693930000000000088e-02
1.427690000000000035e-02
1.320679999999999944e-02
1.311479999999999937e-02
1.475480000000000021e-02
1.649070000000000050e-02
1.561640000000000077e-02
1.767049999999999871e-02
1.825380000000000058e-02
2.083319999999999964e-02
2.362480000000000135e-02
2.211710000000000065e-02
1.661709999999999923e-02
1.426280000000000082e-02
1.671780000000000141e-02
1.487750000000000010e-02
1.323719999999999931e-02
1.236800000000000052e-02
1.203129999999999998e-02
1.214840000000000017e-02
8.799579999999999555e-03
4.325700000000000031e-03
1.669459999999999998e-03
1.910019999999999904e-03
2.432099999999999974e-03
4.452570000000000312e-03
8.194790000000000407e-03
7.673410000000000300e-03
3.392309999999999943e-03
-2.435109999999999879e-03
-7.967749999999999139e-03
-9.266369999999999468e-03
-3.890100000000000068e-03
4.026980000000000316e-03
4.046199999999999797e-03
-2.058659999999999917e-03
-7.316920000000000195e-03
-9.537620000000000126e-03
-9.724440000000000861e-03
-9.552210000000000215e-03
-1.115069999999999950e-02
-1.435980000000000069e-02
-1.367449999999999916e-02
-1.097369999999999943e-02
-1.153799999999999965e-02
-1.465709999999999930e-02
-1.513620000000000070e-02
-1.592740000000000128e-02
-1.719330000000000164e-02
-1.501210000000000044e-02
-1.004239999999999994e-02
-5.126440000000000337e-03
-7.111100000000000407e-03
-1.333069999999999915e-02
-1.442270000000000010e-02
-9.688010000000000371e-03
-5.459310000000000204e-03
-2.302359999999999823e-03
3.323710000000000119e-03
7.427729999999999576e-03
7.204209999999999954e-03
1.014460000000000015e-03
-5.045530000000000327e-03
-5.496509999999999591e-03
-4.548189999999999698e-03
-2.994539999999999962e-03
-1.755990000000000025e-03
-2.461220000000000074e-03
-2.404129999999999982e-03
-2.442310000000000054e-03
-2.259909999999999957e-03
-4.465200000000000007e-04
2.012529999999999788e-03
5.214690000000000124e-03
5.309020000000000232e-03
-1.528159999999999978e-03
-8.295179999999999221e-03
-9.359040000000000761e-03
-7.121879999999999704e-03
3.120120000000000207e-04
5.350520000000000102e-03
1.803460000000000002e-03
-3.875040000000000168e-03
-7.335839999999999722e-03
-7.497079999999999717e-03
-8.928580000000000197e-03
-1.343880000000000075e-02
-1.444639999999999987e-02
-7.427780000000000146e-03
3.538719999999999756e-04
1.326420000000000030e-03
1.556630000000000036e-03
3.184890000000000117e-03
1.769970000000000050e-03
-5.148489999999999490e-04
-9.646770000000000475e-04
-9.597409999999999579e-04
9.492279999999999858e-04
5.400539999999999681e-03
8.769169999999999743e-03
1.037210000000000042e-02
1.274860000000000056e-02
1.244420000000000075e-02
8.105489999999999917e-03
5.256049999999999958e-03
4.713170000000000033e-03
5.869229999999999586e-03
7.787370000000000056e-03
9.416849999999999180e-03
1.052900000000000016e-02
9.589560000000000445e-03
9.114109999999999920e-03
9.887570000000000039e-03
1.202909999999999917e-02
1.317070000000000046e-02
1.139800000000000015e-02
9.220080000000000289e-03
9.107199999999999324e-03
9.793529999999999944e-03
9.752230000000000620e-03
9.978269999999999154e-03
1.087590000000000084e-02
1.180119999999999954e-02
8.810190000000000729e-03
4.922710000000000280e-03
1.422639999999999972e-03
5.010280000000000419e-04
1.978329999999999932e-03
2.302419999999999955e-04
-3.366960000000000005e-03
-6.423250000000000140e-03
-6.756970000000000164e-03
-5.852259999999999754e-03
-6.992260000000000142e-03
-9.056120000000000836e-03
-9.810160000000000061e-03
-8.318789999999999518e-03
-7.905250000000000818e-03
-9.093230000000000757e-03
-7.237659999999999927e-03
-5.866930000000000235e-03
-5.341049999999999964e-03
-7.806950000000000001e-03
-9.951899999999999635e-03
-9.342220000000000038e-03
-9.174969999999999307e-03
-8.370320000000000538e-03
-8.553780000000000411e-03
-8.234639999999999668e-03
-8.054789999999999173e-03
-9.656349999999999309e-03
-9.931799999999999309e-03
-9.488999999999999171e-03
-8.849479999999999846e-03
-6.950950000000000011e-03
-6.059059999999999793e-03
-4.934739999999999960e-03
-4.207009999999999743e-03
-4.185320000000000186e-03
-4.132760000000000079e-03
-3.138370000000000135e-03
-2.575280000000000104e-03
-3.920759999999999697e-03
-6.131450000000000095e-03
-6.484509999999999753e-03
-5.494090000000000085e-03
-5.624040000000000289e-03
-6.030340000000000353e-03
-4.425970000000000425e-03
-1.834689999999999932e-03
-1.131319999999999895e-03
-1.468670000000000045e-03
-2.257299999999999845e-03
-2.311179999999999918e-03
-1.283599999999999975e-03
-8.758460000000000030e-04
-4.448090000000000030e-04
1.045780000000000060e-03
2.182079999999999870e-03
2.000350000000000131e-03
6.068519999999999557e-04
-5.992410000000000314e-04
2.950000000000000148e-04
1.150280000000000052e-03
7.116829999999999554e-04
1.090639999999999925e-03
2.065990000000000187e-03
3.133250000000000184e-03
3.989099999999999764e-03
5.032619999999999802e-03
5.336510000000000038e-03
5.293260000000000152e-03
4.703510000000000156e-03
4.205780000000000109e-03
4.754150000000000389e-03
4.383040000000000373e-03
4.109380000000000151e-03
4.169810000000000356e-03
4.165290000000000312e-03
4.582639999999999804e-03
4.704490000000000408e-03
4.347059999999999813e-03
3.815750000000000131e-03
3.507000000000000135e-03
3.479980000000000139e-03
3.831119999999999925e-03
3.778989999999999867e-03
3.383460000000000027e-03
3.394959999999999818e-03
3.494489999999999836e-03
3.570189999999999995e-03
3.243680000000000088e-03
2.565420000000000113e-03
1.918790000000000079e-03
1.433870000000000066e-03
1.007859999999999963e-03
4.857509999999999779e-04
2.746709999999999863e-04
3.240280000000000222e-04
4.586430000000000064e-04
4.602060000000000048e-04
6.009719999999999646e-04
7.371549999999999717e-04
6.364950000000000512e-04
3.084730000000000263e-04
-1.606470000000000088e-04
-2.940379999999999925e-04
-4.033509999999999808e-04
-5.101329999999999623e-04
-8.050089999999999763e-04
-1.117149999999999914e-03
-1.320310000000000103e-03
-1.381590000000000032e-03
-1.222479999999999964e-03
-1.182099999999999948e-03
-1.084069999999999912e-03
-1.019139999999999976e-03
-1.084389999999999963e-03
-1.069059999999999932e-03
-1.043510000000000097e-03
-1.059440000000000034e-03
-1.045630000000000084e-03
-9.987060000000000295e-04
-8.720200000000000434e-04
-6.646109999999999561e-04
-5.445959999999999473e-04
-5.034790000000000359e-04
-4.336160000000000036e-04
-3.788980000000000169e-04
-3.181559999999999944e-04
-2.411819999999999958e-04
-1.796029999999999946e-04
-1.333639999999999923e-04
-6.955780000000000003e-05
1.050420000000000016e-05
7.017339999999999461e-05
1.182059999999999995e-04
1.625689999999999948e-04
2.016689999999999965e-04
2.360580000000000089e-04
2.599820000000000191e-04
2.690629999999999953e-04
2.619969999999999786e-04
2.409610000000000126e-04
