1.655809999999999964e-03
5.453079999999999906e-03
7.241720000000000101e-03
3.411930000000000084e-03
6.565279999999999727e-04
2.644660000000000066e-03
1.009149999999999978e-02
9.960520000000000485e-03
-3.123579999999999933e-03
-6.525440000000000407e-03
3.635250000000000026e-03
8.488290000000000765e-03
5.313879999999999992e-03
-3.318649999999999812e-03
-9.431249999999999530e-04
4.968079999999999719e-03
-3.277940000000000020e-03
-1.996860000000000041e-03
-7.643780000000000192e-03
-3.767110000000000163e-03
2.857619999999999952e-03
3.878930000000000052e-03
5.389060000000000204e-03
-3.468970000000000040e-03
1.344090000000000042e-02
1.556270000000000049e-02
-8.489850000000000174e-03
-5.710009999999999739e-03
3.366189999999999807e-03
-3.793529999999999819e-03
-2.719549999999999832e-03
-1.308670000000000059e-03
8.672249999999999404e-03
7.129970000000000231e-03
-3.637739999999999767e-04
-5.114579999999999647e-03
-1.851840000000000083e-02
4.508110000000000069e-03
1.478930000000000002e-02
4.515979999999999951e-04
1.787579999999999985e-03
3.508709999999999954e-03
6.470919999999999797e-03
7.089470000000000277e-04
-1.943319999999999900e-03
-5.629649999999999932e-03
-4.930330000000000129e-03
-1.023579999999999976e-02
-9.404529999999999487e-03
-4.185799999999999937e-03
1.505659999999999984e-02
1.144779999999999930e-02
-8.936160000000000284e-03
-2.982079999999999800e-03
-1.049809999999999979e-02
-7.554289999999999963e-03
1.090039999999999933e-02
1.564050000000000162e-02
-2.028120000000000010e-03
-5.590219999999999478e-04
1.156680000000000035e-02
1.980379999999999901e-03
8.349000000000000518e-03
1.016120000000000044e-02
3.966919999999999648e-03
-1.106649999999999995e-02
-9.496450000000000030e-03
-2.665059999999999998e-02
-1.892900000000000138e-02
7.091339999999999796e-03
1.052009999999999924e-03
2.218559999999999977e-02
-6.140080000000000017e-03
-2.699659999999999907e-02
1.546160000000000069e-02
5.300730000000000025e-03
-1.268170000000000061e-02
-9.832250000000000711e-03
-1.295819999999999958e-02
1.297330000000000011e-02
2.175389999999999963e-02
2.071960000000000121e-02
-2.211410000000000112e-02
-2.942099999999999924e-02
3.071600000000000068e-04
-2.942880000000000149e-03
9.607980000000000340e-03
-3.952080000000000176e-03
-4.625219999999999874e-04
-9.199830000000000854e-03
-4.453910000000000161e-03
1.480729999999999980e-03
-3.888550000000000166e-03
2.363890000000000088e-02
1.427140000000000006e-02
1.200599999999999931e-02
-2.086429999999999882e-02
-5.351650000000000157e-02
1.229159999999999975e-02
5.542919999999999792e-02
3.275249999999999689e-02
6.863929999999999858e-03
-8.341940000000000813e-03
-3.386179999999999746e-02
-4.500160000000000271e-02
-9.523139999999999383e-03
3.852810000000000262e-02
1.133269999999999937e-02
-4.120359999999999995e-02
8.719120000000000342e-03
3.035190000000000110e-02
-7.588619999999999914e-03
-2.165349999999999914e-02
-2.145829999999999960e-02
-2.575169999999999890e-02
-2.096760000000000030e-03
1.502960000000000060e-02
8.775420000000000789e-03
4.319680000000000221e-03
-4.179920000000000163e-02
-5.001189999999999802e-02
-2.190389999999999959e-03
3.626549999999999913e-02
3.105240000000000083e-02
-3.721189999999999914e-02
-3.520990000000000231e-02
6.688089999999999834e-03
-4.395259999999999792e-03
3.090570000000000058e-04
-8.381120000000000583e-03
2.286310000000000078e-02
3.443419999999999814e-02
2.063769999999999841e-02
6.986090000000000355e-03
-2.368989999999999985e-02
1.644390000000000088e-02
2.252010000000000123e-02
1.920360000000000122e-02
-2.120620000000000144e-02
-5.906789999999999957e-02
-1.553340000000000059e-03
4.833709999999999743e-03
-4.148430000000000173e-02
-2.420080000000000148e-02
2.985349999999999896e-03
2.850650000000000146e-03
7.249560000000000379e-03
2.597350000000000006e-02
-1.748579999999999926e-02
-4.436919999999999753e-02
2.495289999999999835e-03
3.477079999999999754e-02
1.901310000000000153e-02
-3.015539999999999887e-02
-4.627509999999999957e-02
1.198070000000000038e-02
4.919409999999999755e-02
2.291510000000000075e-03
3.621140000000000123e-03
-2.279410000000000117e-02
-5.196640000000000287e-02
7.828540000000000151e-03
9.735090000000000063e-03
-6.242280000000000224e-03
-8.696370000000000142e-03
5.030729999999999751e-03
4.546610000000000235e-02
2.196479999999999960e-02
1.998300000000000076e-02
-4.039039999999999991e-02
-2.804440000000000058e-02
2.248920000000000086e-02
-1.157779999999999920e-02
-1.510949999999999967e-02
-2.578120000000000064e-02
-3.308370000000000061e-02
-1.756059999999999913e-02
4.282790000000000208e-02
4.157359999999999702e-03
-4.480730000000000129e-02
-3.146589999999999804e-02
-1.517040000000000055e-02
1.131470000000000045e-02
1.612900000000000097e-02
1.906669999999999893e-02
2.320720000000000074e-02
1.265969999999999943e-02
1.412919999999999975e-02
-3.032019999999999854e-03
-2.050269999999999870e-02
-3.217320000000000076e-03
1.727520000000000097e-02
2.047409999999999855e-02
3.873740000000000083e-03
-1.572880000000000111e-02
-5.617819999999999932e-03
-8.496180000000000745e-03
-4.033550000000000330e-03
1.895029999999999978e-02
2.843470000000000025e-02
-1.326869999999999959e-03
-4.308020000000000078e-03
4.089749999999999636e-03
1.530759999999999933e-02
-1.248699999999999984e-02
-1.981159999999999866e-02
3.249939999999999773e-02
3.984059999999999685e-02
-1.260979999999999913e-02
-4.759639999999999704e-02
-2.408980000000000149e-02
1.574690000000000117e-02
1.521089999999999942e-02
3.725220000000000007e-03
2.360750000000000055e-04
-3.438070000000000015e-02
-3.056339999999999838e-03
4.395969999999999739e-02
3.662809999999999677e-02
1.944960000000000092e-02
3.666429999999999689e-02
1.582369999999999957e-02
-9.065840000000000357e-03
-2.516960000000000031e-02
-2.415720000000000020e-02
1.095229999999999988e-02
7.420649999999999989e-03
3.650620000000000254e-02
3.747799999999999743e-02
-1.048840000000000015e-02
-1.766360000000000152e-02
-1.191470000000000029e-03
1.746719999999999870e-02
6.870959999999999741e-03
-5.192989999999999759e-03
-1.419690000000000014e-02
-9.137690000000000395e-03
-1.038029999999999899e-03
-8.256049999999999153e-03
1.812019999999999950e-02
3.439319999999999877e-02
4.019210000000000144e-02
2.773749999999999827e-02
1.981449999999999878e-02
9.755110000000000864e-03
-1.074330000000000077e-02
-2.206150000000000125e-02
8.007230000000000597e-03
2.862200000000000161e-02
4.072930000000000300e-02
5.174360000000000070e-02
3.712499999999999828e-02
1.254440000000000069e-02
-1.089709999999999984e-02
-3.999160000000000215e-02
-1.565369999999999956e-02
3.306320000000000092e-02
3.335389999999999883e-02
3.323940000000000054e-03
2.431120000000000156e-02
3.632400000000000212e-02
-1.594359999999999875e-02
-3.244940000000000324e-02
-8.602310000000000165e-03
-1.548309999999999964e-02
-2.563560000000000144e-02
-1.283119999999999920e-02
1.620330000000000034e-02
3.320669999999999872e-02
3.916279999999999761e-02
3.186300000000000243e-02
2.578469999999999807e-03
-4.958649999999999863e-02
-9.100560000000000593e-02
-8.170779999999999710e-02
-2.812920000000000004e-02
4.522609999999999825e-02
2.358390000000000139e-02
8.224779999999999244e-03
1.525490000000000006e-02
2.640280000000000057e-02
1.264400000000000072e-02
-1.098240000000000050e-01
-1.556349999999999956e-01
-4.648170000000000079e-02
4.859970000000000262e-02
9.054249999999999798e-02
8.791559999999999653e-02
-8.099259999999999793e-02
-2.472910000000000108e-01
-2.833129999999999815e-01
-2.022650000000000003e-01
-1.517979999999999885e-01
-1.397869999999999946e-01
-7.225560000000000316e-02
-2.191500000000000045e-02
2.152729999999999921e-02
1.727660000000000029e-01
1.965880000000000127e-01
8.875189999999999468e-02
3.093720000000000150e-02
-1.989890000000000062e-02
4.508439999999999670e-02
1.374690000000000079e-01
2.467429999999999901e-01
3.055459999999999843e-01
1.970059999999999867e-01
3.485529999999999878e-02
-4.889720000000000177e-02
-1.101609999999999950e-01
-3.419440000000000257e-01
-4.384390000000000231e-01
-4.096870000000000234e-01
-3.569559999999999955e-01
-1.285340000000000094e-01
-3.392089999999999689e-02
-1.504169999999999986e-02
6.392970000000000597e-02
1.694920000000000038e-01
2.885510000000000019e-01
3.205669999999999908e-01
3.176370000000000027e-01
3.089790000000000036e-01
1.936670000000000058e-01
-3.641010000000000080e-02
-2.532690000000000219e-01
-4.042299999999999782e-01
-3.676849999999999841e-01
-6.093330000000000274e-02
2.104630000000000112e-01
2.038619999999999877e-01
1.646620000000000028e-01
4.562490000000000295e-02
-7.996280000000000054e-02
6.719859999999999722e-02
1.307649999999999924e-01
8.388669999999999460e-02
9.450569999999999804e-02
1.477789999999999937e-01
1.172639999999999932e-01
1.769310000000000049e-01
1.979289999999999938e-01
1.686249999999999971e-01
8.819799999999999862e-02
-8.821429999999999549e-02
-2.569779999999999842e-01
-3.740850000000000009e-01
-2.749909999999999854e-01
-7.720589999999999398e-02
8.764629999999999643e-02
4.140510000000000024e-02
4.843709999999999682e-02
1.107530000000000042e-01
-1.043760000000000000e-02
4.269549999999999734e-02
8.740349999999999508e-02
1.032959999999999955e-02
-6.037909999999999805e-02
1.247780000000000000e-01
1.570020000000000027e-01
2.148870000000000207e-03
8.150249999999999509e-03
-9.773619999999999530e-02
-1.522149999999999892e-01
-1.114949999999999969e-01
-8.678130000000000566e-02
3.317629999999999885e-02
6.287729999999999708e-02
4.429609999999999798e-02
4.197639999999999705e-02
-1.419040000000000058e-02
4.647389999999999854e-02
-8.963419999999999721e-03
-4.976749999999999924e-02
1.681749999999999912e-02
1.429339999999999951e-02
2.602149999999999949e-02
3.761470000000000091e-02
4.382319999999999965e-02
2.485170000000000087e-02
3.947579999999999839e-02
1.426080000000000125e-01
1.561780000000000113e-01
6.984630000000000005e-02
5.255810000000000343e-02
-3.013619999999999841e-02
-1.241749999999999937e-01
-8.638020000000000420e-02
5.406699999999999701e-02
7.787460000000000215e-02
2.719279999999999961e-02
1.029459999999999958e-01
7.232349999999999890e-02
-4.265780000000000266e-02
-2.423460000000000111e-03
-2.290970000000000159e-02
-1.372210000000000096e-01
-1.229679999999999940e-01
-2.605299999999999977e-02
2.033170000000000116e-02
5.307069999999999843e-02
7.449569999999999803e-02
-2.550010000000000124e-02
-1.295949999999999880e-01
-6.704450000000000687e-02
-4.415899999999999687e-02
-3.099920000000000106e-02
9.323110000000000772e-03
-3.284800000000000220e-02
3.481850000000000223e-02
1.032129999999999992e-01
8.839919999999999722e-02
-4.346579999999999888e-02
-1.391139999999999877e-01
-1.137770000000000031e-01
-9.938479999999999537e-02
-9.214980000000000393e-02
-7.440330000000000554e-02
3.278120000000000339e-02
4.929780000000000273e-02
-5.260379999999999917e-02
-8.405999999999999583e-02
6.096139999999999892e-02
1.460470000000000101e-01
-1.220470000000000062e-02
-5.328780000000000322e-02
1.407859999999999927e-03
6.204059999999999957e-03
2.020229999999999942e-02
-5.048629999999999785e-02
-7.942299999999999360e-02
-2.512189999999999909e-02
-5.195179999999999937e-02
-1.293779999999999930e-01
-1.369410000000000072e-01
-1.012099999999999944e-01
1.915699999999999903e-01
2.704520000000000257e-01
2.746519999999999864e-02
-7.394449999999999634e-02
-9.855759999999999521e-02
-5.884960000000000191e-02
7.647199999999999831e-02
8.461169999999999802e-02
7.598649999999999849e-02
2.399459999999999926e-01
2.403969999999999996e-01
6.717750000000000110e-02
-1.166729999999999989e-01
-1.400409999999999988e-01
-1.138729999999999951e-02
1.876379999999999992e-01
3.676019999999999982e-02
-2.788220000000000143e-01
-1.164440000000000058e-01
-6.480930000000000024e-02
-4.098679999999999685e-02
-5.760649999999999972e-03
1.583519999999999928e-01
3.151780000000000137e-01
2.745569999999999955e-01
2.896199999999999886e-01
2.032710000000000072e-01
1.146080000000000015e-01
5.684210000000000304e-03
-2.412889999999999827e-02
-2.025580000000000089e-02
-5.660769999999999691e-02
-1.205090000000000050e-01
-2.655989999999999740e-01
-3.119910000000000183e-01
-2.567070000000000185e-01
8.871919999999999806e-02
2.193029999999999979e-01
1.729539999999999966e-01
3.279250000000000220e-01
3.390699999999999825e-01
7.709649999999999836e-02
-2.340250000000000108e-01
-2.391560000000000075e-01
3.666110000000000202e-02
-7.598119999999999874e-02
-1.898890000000000022e-01
1.424819999999999975e-01
5.878680000000000017e-02
1.283870000000000011e-01
-4.711779999999999614e-03
-2.890840000000000076e-01
-1.353870000000000073e-02
-2.128450000000000064e-01
-2.666549999999999754e-01
1.272639999999999882e-01
2.139250000000000040e-01
1.915860000000000063e-01
1.221549999999999997e-01
-2.137449999999999906e-01
-3.488589999999999747e-01
-1.327299999999999869e-01
3.371260000000000229e-02
3.047400000000000109e-01
1.130690000000000028e-01
-4.363319999999999976e-01
-3.202389999999999959e-01
-7.297770000000000645e-02
-1.663850000000000051e-01
-2.043399999999999939e-01
-2.125700000000000159e-02
-8.128619999999999596e-03
4.264090000000000241e-02
1.513730000000000075e-01
1.455950000000000022e-01
1.362569999999999892e-01
2.682160000000000100e-02
-2.200370000000000104e-01
-2.120730000000000115e-01
2.463470000000000104e-01
1.149540000000000006e-01
-2.032990000000000075e-01
-7.142089999999999550e-02
-1.391799999999999982e-01
4.930640000000000023e-02
-4.406920000000000281e-02
-1.586650000000000005e-01
1.043810000000000016e-01
1.247270000000000045e-01
-3.327129999999999671e-02
-1.863070000000000004e-01
-2.546059999999999990e-01
-3.468820000000000237e-01
-2.908069999999999822e-01
-6.652360000000000217e-02
7.708489999999999787e-02
8.569079999999999753e-02
-8.828740000000000199e-02
-2.001269999999999993e-01
-4.471909999999999774e-02
-4.249639999999999668e-02
-1.396979999999999889e-01
7.394739999999999647e-02
1.523039999999999949e-01
1.172869999999999989e-02
-1.413139999999999952e-01
-1.677780000000000105e-01
7.750279999999999669e-02
3.082610000000000072e-01
5.145619999999999639e-01
4.852029999999999954e-01
1.062730000000000063e-01
-1.268360000000000043e-01
-2.168100000000000027e-01
-3.376500000000000057e-01
-1.892280000000000073e-01
2.605299999999999838e-01
3.594939999999999802e-01
2.754969999999999919e-01
4.276309999999999834e-01
2.893589999999999773e-01
-1.564020000000000132e-01
-2.787419999999999898e-01
-3.094020000000000103e-01
-2.929439999999999822e-01
7.913420000000000176e-02
1.693800000000000028e-01
-3.185639999999999999e-02
6.291889999999999983e-02
-6.901789999999999314e-02
-3.254940000000000055e-01
-4.180209999999999759e-01
-3.551830000000000265e-01
-2.964260000000000228e-01
-2.786150000000000015e-01
8.215949999999999642e-02
2.630339999999999900e-01
1.141610000000000021e-02
1.216689999999999994e-01
2.817839999999999789e-01
7.011760000000000215e-02
-2.455730000000000066e-02
1.796200000000000019e-01
1.698350000000000137e-01
2.008980000000000141e-02
2.174480000000000024e-01
2.255749999999999977e-01
1.109249999999999958e-01
1.515549999999999953e-01
1.334909999999999985e-01
1.787920000000000065e-01
1.172330000000000039e-01
8.417520000000000557e-02
1.052580000000000043e-01
9.068120000000000347e-02
1.085750000000000048e-01
1.028860000000000052e-01
7.636880000000000057e-02
7.835060000000000635e-02
1.454799999999999982e-01
8.353560000000000152e-02
5.113759999999999833e-02
-5.020769999999999704e-04
-9.368329999999999713e-02
-1.077349999999999974e-01
-7.545580000000000342e-02
-7.201699999999999768e-02
-1.273410000000000097e-01
-2.144979999999999942e-01
-2.210969999999999880e-01
-2.430259999999999920e-01
-1.173710000000000031e-01
1.780859999999999943e-01
2.437650000000000095e-01
2.234639999999999960e-01
5.195729999999999793e-02
-1.887909999999999866e-01
-2.857149999999999967e-01
-1.038960000000000022e-01
8.884380000000000055e-02
1.752340000000000009e-01
1.716040000000000065e-01
1.801810000000000078e-01
1.553529999999999911e-01
8.436649999999999705e-02
6.517770000000000508e-02
7.082810000000000494e-02
1.660550000000000082e-01
7.422310000000000019e-02
-5.751590000000000175e-02
-1.477769999999999917e-01
-1.622949999999999948e-01
-1.147650000000000059e-02
2.796519999999999909e-02
-7.451889999999999903e-02
-9.979349999999999332e-02
-7.786940000000000528e-02
-4.057079999999999714e-02
1.413220000000000032e-01
1.114409999999999984e-01
-1.607929999999999915e-01
-2.323729999999999962e-01
-2.066099999999999881e-01
-2.705489999999999839e-01
-2.400760000000000116e-01
-7.589700000000000613e-02
8.666749999999999454e-02
1.225539999999999963e-01
7.025059999999999638e-02
1.624200000000000088e-01
1.937230000000000063e-01
1.550539999999999974e-01
1.771969999999999934e-01
1.819580000000000156e-02
-1.084289999999999976e-01
-3.139610000000000317e-02
-1.282780000000000031e-01
-1.651859999999999995e-01
-3.435509999999999953e-02
-5.940809999999999841e-02
-1.052679999999999935e-02
2.132819999999999855e-02
-3.336829999999999657e-02
-3.391349999999999920e-02
-1.290139999999999898e-01
-1.669879999999999975e-01
-1.062649999999999983e-01
-8.968120000000000258e-02
4.879409999999999997e-02
1.346390000000000087e-01
8.633830000000000671e-02
8.939669999999999561e-02
-6.632660000000000292e-03
-1.650290000000000090e-01
-1.571809999999999874e-01
-1.003440000000000026e-01
-1.363439999999999930e-01
5.212850000000000122e-02
2.945070000000000188e-01
2.854869999999999908e-01
2.269349999999999978e-01
3.640129999999999755e-01
1.454989999999999895e-01
-3.029560000000000031e-01
-7.429819999999999480e-02
4.900829999999999770e-02
-5.353229999999999794e-02
5.047719999999999985e-02
-7.497260000000000035e-02
-1.574490000000000056e-01
6.718990000000000205e-03
5.585330000000000156e-02
1.009660000000000002e-01
1.813019999999999909e-01
-1.865669999999999829e-02
-1.197339999999999932e-01
-2.856229999999999967e-03
1.226900000000000039e-02
-4.095179999999999654e-02
-8.178140000000000409e-02
-1.352899999999999936e-01
-5.974379999999999968e-02
-2.998139999999999833e-02
-5.233059999999999795e-02
6.769210000000000504e-02
1.019150000000000056e-01
1.132599999999999996e-01
1.212320000000000064e-01
-4.355720000000000099e-04
-3.678159999999999763e-02
2.970669999999999908e-02
2.011469999999999925e-02
9.610200000000000686e-02
2.313139999999999918e-01
8.092620000000000369e-02
-2.790530000000000094e-02
-2.713509999999999880e-02
-9.191799999999999971e-02
-1.003069999999999934e-01
-3.795609999999999956e-02
2.189450000000000077e-02
3.369550000000000323e-02
2.897370000000000154e-02
2.851010000000000003e-02
2.260600000000000109e-02
8.156090000000000562e-02
1.077179999999999943e-01
7.960889999999999633e-02
8.058029999999999360e-02
3.464699999999999724e-02
-1.145039999999999947e-02
-3.134089999999999793e-02
-6.199919999999999737e-02
-9.108739999999999892e-02
-7.128890000000000227e-02
4.271679999999999922e-03
4.620219999999999883e-02
2.177710000000000062e-02
-7.762629999999999530e-02
-1.830839999999999967e-01
-2.566209999999999880e-01
-2.722580000000000000e-01
-1.808490000000000097e-01
8.238350000000000187e-03
2.417900000000000049e-01
2.770449999999999857e-01
2.036439999999999917e-01
2.620709999999999984e-01
2.016169999999999907e-01
-6.197479999999999656e-02
-1.149960000000000010e-01
-2.506179999999999866e-02
-9.081119999999999470e-02
-5.901470000000000327e-02
2.600900000000000087e-02
3.390429999999999833e-02
6.342539999999999810e-03
-5.190700000000000175e-02
-1.955219999999999875e-02
5.404260000000000314e-02
1.017720000000000014e-01
2.545170000000000071e-02
-1.829880000000000118e-01
-4.411879999999999968e-03
7.521360000000000545e-02
-2.069509999999999961e-01
-9.243619999999999615e-02
2.827319999999999833e-02
-9.487629999999999675e-02
-9.521499999999999408e-02
-1.299920000000000068e-02
-1.293479999999999908e-01
-1.685359999999999914e-01
-1.441240000000000021e-01
-1.390510000000000079e-01
8.188109999999999833e-02
1.324420000000000042e-01
2.154649999999999968e-02
-4.290059999999999707e-02
-4.438519999999999965e-02
1.090509999999999917e-02
7.721669999999999923e-02
1.131729999999999958e-01
6.982939999999999980e-02
-2.215999999999999914e-02
-7.786609999999999365e-02
-3.376810000000000228e-02
6.622519999999999796e-02
7.306459999999999344e-02
5.879220000000000279e-02
-9.931519999999999238e-03
-6.153879999999999767e-02
-1.560109999999999969e-02
-2.779689999999999939e-02
-6.404010000000000258e-02
-7.261389999999999512e-02
-3.345549999999999913e-02
-4.057869999999999880e-03
-3.368840000000000029e-02
-4.194049999999999861e-02
2.521709999999999924e-03
2.212930000000000105e-02
8.697790000000000382e-03
9.490600000000000078e-03
9.633620000000000724e-03
3.383230000000000265e-02
3.538569999999999910e-02
3.306760000000000168e-03
-4.187340000000000333e-03
-8.467789999999999345e-03
-2.329739999999999936e-02
-9.249310000000000170e-03
-1.160489999999999959e-02
-3.206320000000000003e-02
8.865719999999999677e-04
-7.419310000000000141e-03
-4.996010000000000034e-02
-3.030510000000000148e-02
-1.750039999999999929e-02
-2.734999999999999931e-02
-3.999289999999999963e-03
7.773129999999999623e-03
1.921839999999999963e-03
4.369699999999999800e-03
-1.953329999999999997e-02
-4.927279999999999854e-02
-4.073489999999999750e-02
-2.099459999999999868e-02
-2.517049999999999843e-02
1.529469999999999962e-02
2.871819999999999928e-02
3.217640000000000083e-02
5.090070000000000011e-02
1.127009999999999991e-02
3.177649999999999919e-02
4.603059999999999791e-02
1.506129999999999969e-02
-1.694669999999999857e-02
-2.243710000000000149e-02
3.525040000000000118e-02
9.269109999999999849e-02
1.014540000000000025e-01
9.366299999999999626e-02
7.544380000000000530e-02
-1.338340000000000016e-02
-6.054539999999999922e-02
-5.687729999999999869e-02
-3.883720000000000228e-02
-2.349429999999999921e-02
-5.428510000000000280e-02
-5.311269999999999880e-02
-5.784489999999999771e-02
-6.230299999999999727e-02
-2.978770000000000029e-02
1.153709999999999979e-02
2.213439999999999852e-02
3.389179999999999970e-02
2.200649999999999828e-02
7.437789999999999679e-03
-3.843979999999999880e-03
-2.044910000000000130e-02
1.490110000000000046e-02
1.505500000000000067e-02
-1.325179999999999934e-02
-1.075139999999999950e-02
-2.863260000000000111e-02
-1.746289999999999995e-02
-3.867400000000000275e-05
2.378250000000000156e-03
3.663940000000000252e-02
3.431019999999999903e-02
2.740199999999999927e-03
2.977720000000000020e-02
3.867820000000000286e-02
2.269670000000000021e-02
5.880599999999999716e-02
7.086359999999999881e-02
2.710960000000000106e-02
-2.405590000000000159e-02
-4.383150000000000240e-02
-2.354849999999999999e-02
-1.592640000000000028e-02
-2.833640000000000117e-02
-1.508639999999999981e-02
2.476120000000000057e-02
4.952059999999999795e-02
1.560669999999999939e-02
-3.860870000000000274e-02
-4.870120000000000005e-02
-1.853489999999999999e-02
8.377539999999999293e-03
-2.596069999999999801e-03
-3.633659999999999668e-02
-3.489500000000000240e-02
-7.550689999999999659e-03
1.453469999999999936e-02
-1.161200000000000079e-02
-3.040290000000000006e-02
-3.157339999999999799e-03
2.830200000000000164e-03
-9.913919999999999677e-03
-5.878150000000000389e-03
1.429429999999999937e-02
1.257630000000000033e-02
3.667169999999999978e-03
3.707239999999999841e-02
6.485799999999999899e-02
7.019899999999999751e-02
6.209329999999999711e-02
6.498039999999999372e-02
4.208239999999999897e-02
1.003530000000000047e-02
2.436460000000000015e-02
4.452620000000000189e-02
4.645690000000000236e-02
1.359969999999999929e-02
-4.635549999999999567e-03
1.431250000000000057e-02
3.462090000000000306e-02
4.117309999999999720e-02
2.238300000000000012e-02
1.117280000000000009e-02
3.012559999999999891e-02
1.379810000000000064e-02
-5.318690000000000050e-03
1.576949999999999880e-02
3.269679999999999809e-02
1.585479999999999876e-02
-2.808089999999999892e-02
-4.242590000000000250e-02
-4.430640000000000273e-02
-6.057420000000000165e-02
-5.569860000000000089e-02
-3.859359999999999874e-02
-1.610709999999999920e-02
2.597570000000000087e-02
3.680660000000000182e-02
3.677169999999999744e-02
2.502410000000000051e-02
9.610340000000000202e-03
-8.538199999999999262e-03
-2.556829999999999867e-02
-5.074549999999999894e-02
-6.090040000000000037e-02
-4.039960000000000079e-02
-5.102670000000000122e-02
-2.657079999999999859e-02
-1.454369999999999968e-02
-4.252369999999999761e-02
-6.634230000000000682e-02
-6.240289999999999726e-02
-1.591789999999999872e-02
3.395879999999999732e-02
2.744179999999999883e-02
-1.057229999999999975e-02
-5.741470000000000254e-03
-1.424800000000000025e-02
1.991000000000000148e-03
2.727769999999999848e-02
1.435750000000000047e-02
1.036529999999999917e-02
-1.147390000000000042e-02
-3.765460000000000335e-02
-3.545190000000000147e-02
-2.504879999999999954e-02
2.023969999999999936e-03
1.505779999999999966e-02
1.633300000000000030e-02
4.025270000000000237e-02
6.716500000000000248e-02
6.048030000000000073e-02
3.566300000000000026e-02
1.432210000000000080e-02
-1.364549999999999964e-02
-2.212350000000000080e-02
-1.606770000000000073e-02
-1.845629999999999840e-02
-2.743049999999999915e-03
-1.064769999999999953e-02
-8.628169999999999243e-03
9.251229999999999176e-03
1.302460000000000076e-02
1.419469999999999933e-02
-1.308310000000000028e-02
1.119120000000000011e-02
6.135310000000000069e-02
2.620940000000000075e-02
-4.150650000000000173e-02
-3.083819999999999964e-02
3.179409999999999875e-02
3.963799999999999962e-02
4.515889999999999835e-03
-1.839210000000000150e-02
-1.750180000000000138e-02
-1.483370000000000001e-02
3.521149999999999974e-02
4.315279999999999810e-02
1.164890000000000023e-02
3.218429999999999902e-02
1.166780000000000074e-02
-8.900989999999999250e-03
6.354089999999999738e-03
-8.162140000000000020e-03
-1.666700000000000126e-02
6.643699999999999779e-03
2.396589999999999832e-02
4.408730000000000288e-02
3.198499999999999954e-02
-1.453510000000000045e-02
-3.460130000000000150e-02
-5.735699999999999826e-02
-5.934609999999999885e-02
-2.094760000000000025e-02
1.380609999999999997e-02
7.858789999999999179e-03
-4.556700000000000333e-02
-7.023680000000000201e-02
-5.400560000000000083e-02
-5.967320000000000263e-02
-3.585359999999999936e-02
6.185539999999999788e-03
-8.359079999999999636e-03
-2.488550000000000137e-02
-1.633410000000000070e-03
-9.311019999999999713e-03
-4.035529999999999673e-02
-1.078160000000000056e-02
4.288939999999999766e-03
-2.943250000000000033e-02
-4.039480000000000154e-02
-2.116089999999999985e-02
-5.798070000000000003e-04
-1.414430000000000028e-02
-3.350940000000000168e-02
2.845620000000000094e-03
1.360980000000000002e-02
-3.730390000000000095e-03
1.031059999999999963e-02
2.744369999999999882e-03
3.260509999999999884e-03
1.958889999999999937e-02
3.869920000000000304e-02
2.473840000000000067e-02
3.031419999999999948e-03
4.214849999999999847e-02
6.354899999999999438e-02
5.181580000000000213e-02
2.146340000000000053e-02
2.122059999999999919e-02
3.057860000000000092e-02
1.279090000000000088e-03
4.361369999999999830e-03
4.059150000000000258e-02
2.959399999999999878e-02
3.198690000000000127e-03
9.087579999999999616e-03
4.873879999999999706e-03
-5.417420000000000048e-03
-9.529279999999999348e-03
-5.379199999999999780e-03
2.646259999999999932e-02
5.978819999999999968e-02
5.206800000000000317e-02
1.598279999999999840e-02
5.770530000000000277e-03
2.892629999999999854e-02
1.957580000000000084e-02
-1.893469999999999875e-02
-1.476629999999999956e-02
2.033830000000000013e-02
1.740629999999999955e-02
-2.078589999999999952e-02
-2.143619999999999901e-02
3.926129999999999898e-04
-9.989210000000000103e-03
3.836730000000000002e-03
2.679370000000000016e-02
1.231250000000000053e-02
2.325559999999999954e-03
1.571449999999999930e-02
1.039990000000000012e-02
-2.382909999999999803e-03
1.781589999999999910e-02
1.336629999999999936e-02
-2.330799999999999886e-02
-2.990709999999999896e-02
-1.210780000000000016e-02
-3.809780000000000024e-03
-1.006579999999999975e-02
-2.828579999999999983e-02
-3.590700000000000142e-02
-7.400979999999999712e-03
4.615240000000000314e-02
5.589120000000000199e-02
3.014979999999999787e-04
-1.854719999999999980e-02
-1.806970000000000104e-02
1.471059999999999946e-03
6.017890000000000045e-02
4.631350000000000050e-02
1.137449999999999919e-02
-1.428369999999999987e-02
-3.555629999999999902e-02
-4.262760000000000160e-02
-5.619360000000000327e-02
-1.749860000000000001e-03
4.752479999999999899e-02
2.897289999999999935e-02
-6.850690000000000425e-03
-5.163349999999999884e-02
-3.625199999999999950e-02
-3.609249999999999958e-02
-4.950979999999999964e-02
-1.468640000000000050e-02
-1.359059999999999956e-02
-1.433249999999999975e-02
-1.178470000000000038e-02
7.487919999999999689e-04
-7.111000000000000133e-03
-1.488399999999999966e-02
1.099310000000000044e-02
-7.387209999999999957e-03
-1.399279999999999968e-02
4.345899999999999763e-03
2.962900000000000082e-03
-5.064940000000000414e-03
-1.370399999999999917e-02
-7.904400000000000662e-03
2.119460000000000094e-03
-1.693980000000000138e-02
-1.880499999999999880e-02
3.044190000000000090e-02
4.965429999999999844e-02
1.444010000000000085e-02
-3.599739999999999884e-02
-3.773669999999999802e-02
8.493769999999999445e-03
2.080699999999999911e-02
3.198480000000000073e-02
2.625109999999999943e-02
-6.800709999999999741e-03
-1.518730000000000080e-02
-1.970039999999999986e-02
-1.430520000000000055e-02
-2.381170000000000161e-03
1.980770000000000100e-02
3.880650000000000072e-02
2.446519999999999945e-02
1.142250000000000036e-02
-6.243470000000000096e-03
-1.380310000000000044e-02
-6.217160000000000221e-03
-1.042419999999999979e-02
-1.206529999999999929e-02
-4.080740000000000235e-03
3.642900000000000305e-02
5.970910000000000106e-02
3.379870000000000096e-02
-9.538819999999999938e-03
-3.285930000000000101e-02
-1.891479999999999898e-02
-3.760359999999999918e-03
1.132080000000000065e-02
1.135680000000000023e-02
-1.367879999999999964e-02
-1.268790000000000022e-02
-2.928839999999999829e-03
2.901649999999999976e-03
-1.251860000000000039e-03
-2.445019999999999832e-02
-6.944099999999999925e-03
1.952519999999999950e-02
3.178219999999999656e-02
1.930580000000000143e-02
-3.251840000000000199e-03
-2.243360000000000146e-02
-1.889149999999999857e-02
2.462049999999999916e-03
-9.077240000000000308e-03
-6.593769999999999666e-03
2.485849999999999865e-02
2.169509999999999841e-02
-4.367260000000000413e-03
-4.938579999999999706e-03
-1.530959999999999960e-02
-1.712939999999999949e-02
1.692700000000000107e-02
4.832859999999999934e-02
3.340599999999999820e-02
-1.584119999999999973e-02
-7.261090000000000599e-02
-8.805770000000000264e-02
-3.365760000000000279e-02
3.448109999999999890e-03
-7.636239999999999868e-03
1.367149999999999919e-03
3.350229999999999875e-02
2.400920000000000137e-02
-1.071229999999999925e-02
-1.116819999999999966e-02
-1.668659999999999935e-02
-3.733739999999999976e-02
-6.876000000000000167e-02
-7.804360000000000464e-02
-3.602930000000000021e-02
1.433459999999999943e-02
4.876710000000000073e-02
4.152829999999999716e-02
-4.642010000000000233e-03
-1.618199999999999847e-02
2.536209999999999853e-02
3.260819999999999691e-02
-1.555349999999999962e-02
-1.988909999999999983e-02
2.697859999999999842e-02
2.553340000000000123e-02
-8.361600000000000282e-03
-1.699109999999999857e-02
-8.048569999999999683e-03
5.312850000000000038e-03
1.717830000000000051e-02
3.119179999999999869e-02
2.342199999999999838e-02
1.803460000000000002e-03
-9.236950000000000716e-03
-3.918900000000000161e-02
-5.070949999999999763e-02
-1.862139999999999976e-02
2.089399999999999938e-02
4.545509999999999828e-02
2.875240000000000087e-02
-1.730490000000000153e-02
5.724099999999999761e-04
4.338759999999999839e-02
2.773849999999999927e-02
3.274699999999999833e-02
4.224440000000000139e-02
1.586279999999999982e-02
8.077469999999999789e-03
1.375219999999999915e-02
2.839830000000000132e-02
1.877070000000000127e-02
-2.135149999999999895e-02
-8.815709999999999172e-03
1.284949999999999981e-02
-2.092039999999999872e-02
-1.161260000000000070e-02
3.401699999999999863e-02
2.971460000000000073e-02
1.860030000000000017e-02
4.890640000000000265e-02
3.152270000000000072e-02
-5.371030000000000248e-02
-5.551770000000000316e-02
8.529419999999999363e-03
4.637129999999999724e-02
2.439500000000000002e-02
-2.045299999999999896e-02
1.174320000000000051e-02
-1.158739999999999944e-02
-8.126429999999999765e-02
-6.666959999999999553e-02
-2.789039999999999922e-02
-1.196030000000000010e-02
-1.674799999999999900e-02
-3.814139999999999892e-02
-2.346410000000000162e-02
2.358860000000000123e-02
2.279789999999999942e-02
2.761090000000000072e-02
2.008160000000000153e-02
-2.270739999999999911e-02
-1.163490000000000010e-02
-7.221589999999999954e-03
-3.731899999999999801e-02
-6.124700000000000283e-02
-5.055740000000000234e-02
6.924740000000000409e-03
4.056200000000000083e-02
3.141510000000000136e-02
3.511430000000000107e-02
2.627420000000000103e-02
1.521460000000000000e-02
2.371480000000000116e-02
-1.277269999999999968e-02
-1.539609999999999937e-02
4.165230000000000321e-02
2.734489999999999837e-02
-1.715389999999999970e-02
1.464610000000000044e-02
-9.877920000000000103e-03
-6.116300000000000209e-02
-5.633529999999999788e-02
-1.758440000000000057e-04
6.419719999999999593e-02
-1.007569999999999993e-02
-7.063360000000000471e-02
-4.978160000000000224e-02
2.097749999999999962e-02
8.436029999999999918e-02
6.002450000000000147e-02
7.939730000000000745e-03
1.149050000000000071e-02
1.726700000000000110e-02
-1.642309999999999950e-02
-1.625520000000000090e-02
-6.460360000000000061e-03
-2.513289999999999969e-02
-3.059210000000000054e-02
4.284839999999999829e-03
-9.114439999999999695e-03
-3.900669999999999832e-02
-6.104990000000000243e-04
5.340879999999999933e-02
7.061489999999999434e-02
-1.010740000000000076e-02
-6.095640000000000086e-02
-1.522249999999999992e-02
3.455529999999999713e-02
5.127410000000000301e-02
-1.276210000000000061e-03
-4.347840000000000038e-02
-2.890550000000000064e-02
-1.561419999999999995e-02
2.139900000000000135e-02
4.538919999999999760e-02
6.775359999999999716e-02
5.977620000000000156e-02
-1.639830000000000107e-02
-3.187000000000000249e-02
1.012129999999999974e-02
2.350479999999999844e-03
-9.209669999999999662e-03
2.710049999999999959e-02
4.554180000000000034e-02
7.899110000000000853e-03
-2.578470000000000067e-02
-3.839100000000000151e-02
-3.578080000000000149e-02
-4.715610000000000288e-03
-6.104659999999999601e-03
-4.312250000000000111e-02
-3.504920000000000258e-02
-1.056490000000000033e-02
-6.850320000000000020e-03
2.405890000000000112e-02
1.709019999999999984e-02
-3.195289999999999936e-02
-1.106910000000000012e-02
3.539130000000000054e-02
1.208260000000000063e-02
2.309600000000000194e-03
4.335889999999999883e-02
4.845710000000000295e-02
-4.754880000000000391e-03
-2.425779999999999950e-02
1.706919999999999965e-02
2.819489999999999844e-02
-1.699509999999999910e-02
-6.656919999999999504e-02
-3.602989999999999665e-02
1.751559999999999923e-02
2.945539999999999964e-03
9.097140000000000087e-03
2.478429999999999869e-02
3.277689999999999770e-02
2.299819999999999989e-02
-2.530829999999999885e-02
-2.091700000000000156e-02
2.635499999999999995e-02
5.745209999999999727e-03
-6.938930000000000098e-02
-7.206210000000000393e-02
-7.747279999999999618e-03
2.351900000000000030e-04
-1.098090000000000004e-02
-7.603590000000000348e-03
-8.088690000000000376e-04
4.578929999999999806e-02
5.881369999999999654e-02
1.744789999999999883e-02
-3.426669999999999716e-02
-2.290999999999999981e-02
1.387599999999999945e-02
7.319039999999999747e-03
8.206919999999999493e-03
1.794010000000000049e-02
1.001539999999999982e-03
-1.829889999999999989e-02
-1.294110000000000052e-02
-2.250510000000000010e-02
6.190140000000000225e-03
5.939509999999999929e-02
8.670160000000000367e-02
3.508259999999999851e-02
-2.571740000000000137e-02
-4.122449999999999726e-02
-1.633739999999999845e-02
7.545630000000000219e-03
-2.238079999999999931e-02
-2.537580000000000044e-02
-4.101520000000000166e-02
-5.934339999999999754e-02
4.423869999999999886e-03
4.133359999999999812e-02
9.554510000000000433e-03
4.875090000000000326e-03
1.942209999999999987e-03
-5.868210000000000093e-02
-6.814610000000000112e-02
-2.931440000000000087e-02
-1.284470000000000056e-02
1.206819999999999941e-02
1.516329999999999935e-02
-1.154679999999999943e-02
-3.969639999999999974e-02
-2.489099999999999993e-02
4.936340000000000172e-02
7.683909999999999352e-02
4.499510000000000315e-02
2.937680000000000152e-02
1.179119999999999994e-02
-2.827680000000000124e-02
-1.227579999999999991e-02
3.965169999999999806e-02
1.362269999999999974e-02
-1.361530000000000032e-02
1.389070000000000062e-03
1.377779999999999977e-02
4.866510000000000280e-02
2.823289999999999828e-02
-4.797449999999999978e-03
1.628169999999999965e-02
3.483150000000000135e-02
2.857049999999999867e-02
5.286790000000000413e-03
-1.550370000000000047e-02
2.039020000000000069e-02
1.799780000000000130e-02
-2.107409999999999839e-02
-5.590119999999999811e-02
-3.937539999999999790e-02
1.431709999999999927e-02
2.750270000000000145e-02
1.595440000000000053e-02
-4.967520000000000269e-02
-6.211030000000000023e-02
-5.320489999999999942e-02
-6.508669999999999733e-02
-5.857810000000000100e-02
-4.724609999999999921e-02
-4.448470000000000202e-02
-7.605009999999999548e-02
-5.172609999999999708e-02
-2.133709999999999871e-04
9.386739999999999320e-03
-4.840050000000000255e-03
-2.537690000000000085e-02
-1.301910000000000046e-02
-5.021470000000000100e-03
-1.128849999999999992e-02
-6.494060000000000284e-03
-1.846289999999999997e-03
-3.436820000000000153e-03
-2.029670000000000085e-02
-1.832500000000000101e-02
-7.461569999999999835e-03
6.718349999999999669e-03
3.066670000000000160e-02
5.317020000000000080e-02
4.823739999999999972e-02
5.042200000000000154e-03
-4.240839999999999888e-02
-5.665830000000000172e-02
-5.077620000000000050e-02
-2.418050000000000060e-02
4.038139999999999785e-02
7.882119999999999405e-02
4.604640000000000122e-02
2.097179999999999878e-02
5.567679999999999851e-02
3.970760000000000262e-02
-5.850099999999999571e-03
-2.646170000000000119e-02
-2.316609999999999850e-02
2.087289999999999979e-02
3.912050000000000249e-02
3.878489999999999716e-02
6.759500000000000230e-02
5.614770000000000177e-02
-1.815049999999999997e-02
-3.448260000000000214e-02
2.823710000000000109e-02
4.586199999999999999e-02
2.113349999999999951e-02
1.003689999999999964e-02
-1.358009999999999946e-02
-6.236970000000000014e-02
-3.744309999999999999e-02
2.273000000000000020e-02
7.977609999999999563e-03
-5.117449999999999777e-02
-4.264939999999999704e-02
3.495419999999999777e-02
2.267430000000000140e-02
-2.239400000000000071e-02
-2.276339999999999961e-02
-1.479079999999999978e-02
2.716600000000000004e-03
-1.618210000000000134e-02
-3.880759999999999765e-02
-1.971759999999999832e-02
1.861770000000000092e-02
3.019840000000000024e-02
1.389950000000000040e-02
-1.781699999999999950e-02
-1.069310000000000052e-02
2.590160000000000032e-02
6.334299999999999653e-02
4.151280000000000248e-02
-7.137509999999999688e-02
-9.777859999999999330e-02
-3.148469999999999741e-02
-1.375020000000000062e-02
2.628419999999999802e-03
6.005719999999999809e-02
5.065390000000000170e-02
-2.258440000000000100e-02
-4.893610000000000321e-02
-3.759780000000000066e-02
-3.206540000000000085e-02
1.898009999999999975e-02
6.592309999999999837e-02
8.100300000000000555e-02
5.840959999999999902e-02
-1.314820000000000051e-02
-2.109439999999999926e-02
1.043709999999999950e-02
-1.736220000000000124e-02
-1.294739999999999953e-02
3.894559999999999689e-02
3.171790000000000026e-02
-7.337480000000000391e-03
-1.414160000000000070e-02
4.981789999999999830e-03
-9.146229999999999985e-03
-4.041030000000000316e-02
-2.837680000000000063e-02
-2.629549999999999943e-02
-5.382139999999999841e-02
-3.838590000000000058e-02
-6.277590000000000427e-03
2.503159999999999934e-03
1.355639999999999970e-02
-6.461149999999999489e-04
-2.381310000000000024e-02
-2.921380000000000157e-02
-1.284839999999999940e-02
1.178290000000000066e-02
3.034639999999999907e-02
3.479809999999999848e-02
3.786169999999999813e-02
6.706360000000000099e-02
8.023349999999999926e-02
7.577440000000000564e-02
8.432309999999999806e-02
8.111989999999999479e-02
7.261159999999999837e-02
7.566380000000000328e-02
6.962039999999999895e-02
6.349970000000000614e-02
7.299769999999999870e-02
5.467290000000000344e-02
-4.980509999999999625e-03
-1.166129999999999944e-02
3.512350000000000194e-02
5.315720000000000167e-02
6.424549999999999705e-02
6.235160000000000008e-02
3.998920000000000252e-02
2.028309999999999835e-02
-1.331350000000000068e-02
-4.209050000000000291e-02
-7.031850000000000600e-02
-4.614809999999999746e-02
4.469530000000000031e-02
7.137000000000000288e-02
3.458619999999999924e-03
-4.210300000000000153e-02
1.111580000000000033e-03
6.488189999999999583e-03
-1.424100000000000019e-02
-7.868750000000000744e-03
-6.486279999999999824e-02
-9.559819999999999429e-02
-7.440439999999999554e-02
-6.100040000000000323e-02
-6.977769999999999806e-02
-1.150169999999999942e-01
-1.401300000000000046e-01
-1.213290000000000063e-01
-1.000790000000000013e-01
-1.120990000000000042e-01
-1.255100000000000104e-01
-1.217950000000000005e-01
-8.503729999999999623e-02
3.064369999999999941e-02
1.413030000000000119e-01
1.423129999999999951e-01
6.361200000000000188e-02
1.299520000000000015e-02
-4.101419999999999719e-03
-3.149939999999999945e-03
4.630360000000000031e-02
3.561219999999999664e-02
2.250809999999999964e-02
7.136950000000000238e-02
7.925379999999999925e-02
1.146469999999999989e-01
1.255219999999999947e-01
8.895930000000000504e-02
5.785119999999999846e-02
1.078710000000000085e-02
-2.750620000000000148e-02
-3.896199999999999664e-02
-4.839589999999999864e-02
-2.704060000000000144e-02
3.602730000000000168e-03
2.096740000000000062e-02
7.160759999999999348e-02
3.849269999999999775e-02
-5.759430000000000105e-02
-6.026680000000000231e-02
-2.196390000000000148e-02
1.959079999999999849e-02
9.342680000000000429e-02
1.268970000000000098e-01
7.406029999999999558e-02
-1.646299999999999847e-02
-2.928940000000000016e-02
2.993470000000000159e-02
4.735469999999999957e-02
7.550089999999999753e-03
-1.071230000000000055e-03
3.684640000000000137e-02
3.440460000000000046e-02
2.079589999999999911e-02
1.540139999999999955e-03
-5.783110000000000334e-02
-1.181949999999999945e-01
-1.193960000000000021e-01
-7.291079999999999783e-02
1.178869999999999918e-02
1.233299999999999952e-01
7.355760000000000076e-02
-1.645299999999999888e-02
1.602239999999999914e-02
6.443599999999999849e-03
-5.791160000000000058e-02
-4.827200000000000241e-02
-4.106889999999999846e-02
-7.036140000000000450e-02
-5.843430000000000152e-02
-2.516149999999999984e-02
2.066480000000000053e-02
1.980029999999999984e-02
-1.495550000000000004e-02
-3.138490000000000030e-02
5.483730000000000028e-03
3.296670000000000156e-02
3.240880000000000150e-02
-2.263149999999999884e-02
-8.198189999999999644e-02
3.406070000000000191e-03
7.981939999999999868e-02
1.216769999999999935e-01
1.203690000000000038e-01
2.659860000000000002e-02
-6.393890000000000684e-02
-7.678110000000000490e-02
-8.238209999999999977e-02
-7.815320000000000600e-02
-4.257269999999999804e-02
-7.621799999999999973e-04
1.016360000000000041e-01
1.021129999999999954e-01
-1.269499999999999969e-02
-5.621240000000000264e-02
1.116060000000000099e-03
1.888439999999999910e-02
-2.399950000000000000e-02
-5.225679999999999908e-02
-6.705540000000000112e-02
-4.372809999999999891e-02
-3.593430000000000235e-02
-3.301369999999999999e-02
2.184370000000000148e-03
2.539930000000000139e-03
-2.507799999999999960e-02
-2.833240000000000064e-02
-2.082650000000000126e-02
-2.059959999999999916e-02
-1.665840000000000029e-03
2.098080000000000084e-02
2.663159999999999833e-02
3.208169999999999772e-02
6.251130000000000575e-02
9.918810000000000127e-02
1.425510000000000110e-01
1.201170000000000015e-01
3.269600000000000284e-02
2.516430000000000056e-02
1.715670000000000042e-02
-5.439460000000000128e-02
-1.064760000000000012e-01
-1.474640000000000117e-01
-1.961179999999999868e-01
-2.369300000000000017e-01
-2.311040000000000039e-01
-1.577290000000000081e-01
-6.675470000000000015e-02
1.712920000000000068e-02
1.347339999999999927e-01
1.518019999999999925e-01
8.347720000000000140e-02
1.084630000000000039e-01
1.179000000000000048e-01
1.491659999999999930e-01
1.006019999999999970e-01
-4.929959999999999898e-02
-1.217789999999999984e-01
-1.406779999999999975e-01
-1.315330000000000110e-01
-1.191959999999999964e-01
-7.293020000000000058e-02
-5.582909999999999956e-03
3.459840000000000138e-02
3.383830000000000171e-02
3.166000000000000064e-02
9.223889999999999867e-02
1.026439999999999991e-01
1.725650000000000100e-02
-2.158940000000000164e-02
-2.855459999999999943e-02
-6.247830000000000050e-02
-4.303409999999999874e-02
-5.011970000000000314e-02
-1.016679999999999945e-01
-1.034169999999999950e-01
-7.272919999999999385e-02
-7.888280000000000292e-02
-6.594200000000000061e-02
1.237719999999999966e-02
2.085069999999999979e-02
-1.766779999999999913e-04
3.522809999999999830e-02
4.178749999999999826e-02
1.216500000000000047e-02
-1.747889999999999991e-03
2.064030000000000118e-03
1.715349999999999861e-02
1.607959999999999945e-02
1.374000000000000048e-02
1.965039999999999842e-02
-2.759469999999999978e-03
-1.688160000000000008e-02
-1.036849999999999924e-02
-8.075409999999999880e-03
-1.450820000000000061e-02
-5.873169999999999780e-02
-9.777800000000000380e-02
-8.610320000000000473e-02
-1.948750000000000135e-02
6.112880000000000223e-03
3.100500000000000131e-02
8.970909999999999995e-02
6.420209999999999806e-02
1.224450000000000018e-02
1.613739999999999966e-02
2.837720000000000173e-02
-3.847810000000000119e-03
-1.168860000000000081e-03
2.694380000000000039e-02
2.465269999999999961e-02
-1.829920000000000158e-02
-5.042459999999999998e-02
-2.919199999999999920e-02
5.430950000000000361e-03
-5.653570000000000123e-03
-1.255090000000000025e-02
4.534849999999999992e-02
3.940029999999999921e-02
-2.852069999999999952e-02
-3.577720000000000206e-02
-2.656750000000000084e-02
-3.265010000000000134e-02
-2.027069999999999914e-02
-2.831979999999999914e-02
-2.723209999999999867e-02
-6.341600000000000188e-03
2.577849999999999933e-02
5.141600000000000337e-02
3.243139999999999912e-02
2.729909999999999889e-03
-5.254759999999999813e-04
2.685200000000000087e-02
2.154740000000000127e-02
-2.926180000000000100e-02
-8.131529999999999661e-03
4.158080000000000109e-02
1.987890000000000143e-02
-1.626110000000000055e-02
-1.248800000000000084e-02
3.388449999999999795e-02
6.595370000000000399e-02
5.876789999999999792e-02
2.971479999999999955e-02
7.090260000000000139e-03
-8.045379999999999546e-03
-1.330719999999999993e-02
1.825500000000000039e-02
5.033710000000000268e-02
2.850739999999999871e-02
-1.600259999999999877e-02
-4.987969999999999904e-02
-6.705969999999999986e-02
-1.781809999999999991e-02
-1.593829999999999900e-02
-4.025460000000000149e-02
2.997290000000000110e-03
1.388170000000000029e-02
1.314940000000000032e-02
1.917659999999999851e-02
1.498550000000000056e-02
4.457830000000000299e-03
1.285599999999999937e-02
6.465650000000000563e-02
7.152060000000000362e-02
3.080899999999999958e-02
2.937330000000000149e-03
-2.408609999999999918e-02
-4.232869999999999688e-03
2.286430000000000060e-02
-1.307779999999999923e-03
-2.965829999999999855e-02
-1.473029999999999999e-02
1.756500000000000075e-02
-3.408529999999999893e-03
-1.739749999999999977e-02
1.091249999999999989e-03
2.428189999999999862e-02
2.130009999999999890e-02
2.131650000000000125e-03
2.956630000000000022e-02
3.842570000000000013e-02
-2.774759999999999813e-03
-1.139229999999999930e-02
1.656030000000000002e-02
3.179440000000000044e-02
4.012539999999999857e-02
6.040940000000000198e-02
7.499870000000000148e-02
4.257930000000000048e-02
-1.698950000000000113e-02
-4.215830000000000272e-02
-1.459910000000000027e-02
-4.179689999999999794e-03
-2.232479999999999881e-02
1.725180000000000116e-02
6.449799999999999978e-02
6.361360000000000625e-02
4.387100000000000027e-02
1.918879999999999891e-02
-1.386700000000000042e-03
-3.179470000000000213e-02
-4.651509999999999673e-02
-2.363699999999999829e-02
-2.066350000000000131e-02
-3.585010000000000280e-02
-3.691359999999999780e-02
-1.656579999999999858e-02
-1.003000000000000072e-02
-2.512520000000000031e-02
-1.910229999999999914e-02
1.236869999999999983e-02
1.731049999999999950e-02
1.197669999999999985e-02
6.443599999999999328e-02
7.685350000000000514e-02
4.530510000000000093e-02
4.115200000000000108e-02
5.744830000000000075e-02
4.705390000000000267e-02
1.795170000000000099e-02
1.843859999999999943e-02
3.140439999999999898e-02
3.904339999999999894e-02
5.230989999999999598e-03
-4.152440000000000297e-02
-5.668890000000000040e-02
-1.298309999999999916e-02
1.354520000000000030e-02
3.001300000000000148e-02
8.585379999999999401e-02
9.302900000000000058e-02
4.832199999999999690e-02
1.998110000000000164e-02
1.306339999999999932e-02
-2.913790000000000130e-02
-2.432650000000000090e-02
1.030679999999999964e-02
3.290459999999999826e-03
4.437789999999999790e-02
5.174009999999999720e-02
-5.406570000000000299e-03
-3.296990000000000337e-02
-4.752090000000000101e-05
2.957219999999999988e-02
-1.362860000000000026e-04
-4.077150000000000218e-02
-2.473080000000000070e-02
4.810919999999999780e-02
4.893820000000000114e-02
1.249699999999999943e-02
-2.246300000000000120e-03
-6.067569999999999778e-04
2.848279999999999909e-02
1.757159999999999961e-04
-4.227439999999999670e-02
-4.430429999999999785e-02
-2.044220000000000065e-02
-1.832359999999999892e-02
-3.560119999999999951e-02
-5.769790000000000335e-03
3.780509999999999947e-03
-2.083139999999999992e-02
-4.472219999999999668e-02
-5.143380000000000174e-02
-4.376270000000000160e-02
-5.194590000000000318e-02
-6.714290000000000536e-02
-5.646079999999999849e-02
-1.927370000000000125e-02
5.634730000000000120e-03
3.976079999999999892e-02
4.426250000000000323e-02
-5.112700000000000404e-03
-5.751810000000000256e-02
-5.754279999999999812e-02
-1.182440000000000054e-02
1.862139999999999976e-02
6.065140000000000114e-02
9.811040000000000039e-02
7.439010000000000067e-02
1.615580000000000141e-02
-2.250620000000000051e-02
-1.059180000000000017e-02
4.537669999999999725e-03
-2.773849999999999927e-02
-3.228360000000000257e-02
-1.735669999999999921e-03
-3.034900000000000098e-02
-5.311559999999999893e-02
-2.253720000000000029e-02
2.281750000000000098e-02
4.363319999999999699e-02
2.004730000000000054e-02
1.170140000000000069e-02
3.793950000000000100e-02
2.687979999999999883e-02
-4.232219999999999732e-02
-4.658960000000000184e-02
-4.392290000000000083e-03
4.664510000000000184e-03
3.038739999999999844e-02
3.407029999999999781e-02
-1.235520000000000021e-02
-3.769379999999999953e-02
-1.045060000000000086e-02
2.383800000000000155e-02
4.317859999999999754e-02
5.185189999999999938e-02
4.435240000000000016e-02
1.433489999999999938e-02
-3.073970000000000088e-03
1.648439999999999975e-02
2.660569999999999949e-02
5.395419999999999730e-03
-4.016259999999999795e-03
-5.980670000000000430e-03
-4.754950000000000149e-02
-8.493050000000000599e-02
-8.105840000000000267e-02
-6.512099999999999833e-02
-6.679989999999999539e-02
-6.670679999999999665e-02
-7.405720000000000358e-02
-6.598160000000000136e-02
-3.633410000000000112e-02
-2.917749999999999858e-02
-3.904110000000000219e-02
-3.172989999999999838e-02
2.007609999999999950e-02
3.986080000000000179e-02
2.735109999999999972e-02
2.744709999999999858e-02
3.809049999999999936e-02
6.176419999999999827e-02
4.179480000000000001e-02
8.817989999999999509e-03
2.135299999999999969e-04
-1.628720000000000168e-02
-9.834680000000000158e-03
-5.547009999999999788e-03
-3.494359999999999827e-02
-4.776009999999999978e-02
-3.892910000000000120e-02
-1.028860000000000018e-02
2.013480000000000131e-02
2.463320000000000093e-02
7.359069999999999674e-03
-1.974889999999999979e-02
-3.326889999999999709e-02
-1.612569999999999976e-02
1.026939999999999971e-02
2.675860000000000044e-02
3.265880000000000172e-02
4.590709999999999930e-02
3.927100000000000035e-02
-1.272919999999999954e-02
-1.755289999999999975e-02
2.134209999999999927e-02
3.219790000000000152e-02
9.389679999999999208e-03
-2.079989999999999877e-03
1.164699999999999937e-02
2.593679999999999944e-02
2.181539999999999868e-02
-1.483040000000000053e-02
-3.512119999999999825e-02
-2.432090000000000087e-04
4.677339999999999970e-02
2.473059999999999842e-02
-7.177560000000000363e-03
-2.532299999999999829e-02
-2.101779999999999968e-02
-8.811799999999999841e-03
-4.297929999999999806e-02
-2.823229999999999837e-02
1.658799999999999858e-02
9.993550000000000350e-03
-3.461229999999999862e-02
-5.607979999999999909e-02
-4.721209999999999990e-02
-1.656540000000000096e-02
-1.481939999999999993e-02
-3.167269999999999808e-03
3.957460000000000144e-02
8.527109999999999204e-03
-2.284500000000000072e-02
-6.011960000000000220e-03
-1.630130000000000121e-02
-2.969290000000000124e-02
-8.447869999999999685e-03
1.116189999999999977e-03
-6.618060000000000262e-03
-1.506270000000000005e-02
-2.223920000000000063e-02
-6.198089999999999850e-02
-5.504860000000000309e-02
-3.200610000000000000e-03
-9.026530000000000057e-04
-2.108159999999999895e-02
-4.152949999999999697e-02
-5.841099999999999764e-02
-4.044389999999999791e-02
-1.530839999999999979e-02
1.946909999999999960e-02
2.802899999999999836e-02
1.131030000000000056e-02
2.309299999999999894e-02
-1.130779999999999980e-02
-6.933219999999999661e-02
-5.346229999999999732e-02
2.324729999999999852e-02
6.544769999999999754e-02
5.245079999999999881e-02
3.849149999999999794e-02
3.426010000000000166e-02
1.507980000000000084e-02
-1.718619999999999870e-02
-3.660089999999999871e-02
1.686750000000000055e-02
3.772120000000000334e-02
1.321259999999999969e-02
2.157449999999999993e-02
2.650090000000000084e-02
2.456940000000000165e-02
3.936030000000000084e-03
1.258090000000000076e-02
1.655250000000000124e-02
-3.031479999999999939e-02
-4.252310000000000118e-02
1.086669999999999997e-02
3.882139999999999896e-02
1.008870000000000079e-02
-2.332880000000000023e-02
-1.732409999999999853e-02
2.632719999999999852e-03
-1.783480000000000135e-02
-1.844550000000000009e-02
1.714109999999999939e-02
2.334649999999999920e-02
1.990990000000000208e-03
6.479709999999999637e-03
2.679600000000000037e-02
1.977699999999999944e-02
-2.456579999999999875e-03
1.499799999999999918e-02
1.912950000000000067e-03
-4.520500000000000212e-02
-3.094239999999999838e-02
-9.147419999999999857e-03
-1.699929999999999844e-02
-1.966709999999999986e-02
2.008909999999999862e-02
2.308709999999999929e-02
-1.468870000000000071e-02
-1.066119999999999915e-02
-2.346300000000000122e-02
-3.270549999999999846e-02
-2.977060000000000123e-02
-3.259120000000000072e-02
1.126989999999999936e-02
5.752850000000000324e-02
8.146449999999999525e-02
8.750829999999999720e-02
6.674480000000000690e-02
3.211859999999999715e-02
2.395500000000000060e-03
-1.627259999999999948e-03
3.304189999999999905e-02
4.934569999999999929e-02
1.465439999999999972e-02
-1.350170000000000016e-02
-7.105809999999999731e-03
3.092370000000000101e-03
-1.866800000000000057e-03
4.459590000000000255e-03
-1.133460000000000023e-02
-2.922860000000000041e-02
-7.016859999999999764e-03
1.150499999999999960e-02
1.163789999999999963e-02
-1.751489999999999991e-02
-4.944180000000000103e-02
-2.443570000000000117e-02
-1.531509999999999989e-02
-2.512680000000000122e-02
2.330319999999999874e-03
6.281590000000000090e-03
4.635209999999999851e-03
2.277500000000000011e-02
3.932660000000000322e-02
4.961519999999999819e-02
3.207879999999999759e-02
-3.656229999999999897e-02
-5.300160000000000288e-02
4.592859999999999825e-03
3.923589999999999717e-02
5.890639999999999765e-02
9.503670000000000173e-02
7.677000000000000490e-02
-3.107479999999999964e-02
-7.889229999999999854e-02
-4.218999999999999834e-02
-9.000070000000000639e-03
-1.490750000000000061e-02
-5.210010000000000335e-02
-4.169640000000000152e-02
-1.166919999999999936e-02
-7.703790000000000290e-03
-4.334899999999999864e-02
-4.931920000000000054e-02
3.107130000000000048e-03
2.520060000000000182e-03
-3.014539999999999928e-02
-2.031629999999999894e-02
-2.302409999999999960e-03
-1.626450000000000118e-02
-1.045540000000000011e-02
2.988860000000000128e-02
2.083799999999999888e-02
-9.050139999999999921e-03
1.768859999999999920e-03
1.626800000000000121e-02
8.247729999999999992e-03
6.257150000000000385e-03
3.064499999999999863e-02
-1.248370000000000035e-02
-6.179899999999999977e-02
-2.614259999999999848e-02
2.028970000000000079e-02
-1.138869999999999943e-03
-3.688940000000000274e-02
-1.361079999999999929e-02
1.596020000000000078e-02
3.067680000000000060e-02
4.312699999999999867e-02
5.733270000000000033e-02
5.358790000000000081e-02
5.592330000000000391e-03
-2.133459999999999870e-02
8.308209999999999901e-03
1.909210000000000074e-02
-4.561270000000000081e-03
-6.905070000000000131e-03
-5.923590000000000279e-03
-2.077239999999999989e-02
4.941000000000000079e-03
5.536859999999999699e-02
4.955210000000000170e-02
-1.327210000000000022e-02
-4.239699999999999719e-02
-1.010409999999999954e-02
-4.596189999999999998e-03
-2.523059999999999886e-02
3.496069999999999994e-03
4.840690000000000270e-02
5.618900000000000283e-02
3.726840000000000014e-02
4.086259999999999892e-02
3.709620000000000278e-02
-1.584779999999999869e-02
-4.932929999999999954e-02
-4.594290000000000179e-02
-2.677310000000000106e-02
1.122869999999999945e-02
1.536080000000000084e-02
1.060030000000000000e-02
-9.017799999999999427e-03
-2.136209999999999845e-02
-9.508739999999999901e-03
-1.038960000000000057e-02
1.444199999999999998e-02
3.338449999999999751e-02
1.667259999999999923e-02
-1.012760000000000049e-02
-1.953039999999999984e-02
-1.687119999999999939e-02
-2.304039999999999908e-02
-1.633410000000000070e-02
1.212219999999999964e-02
6.407859999999999598e-03
-4.130930000000000019e-02
-2.528750000000000095e-02
1.702120000000000022e-02
1.672759999999999872e-02
1.150319999999999988e-02
7.519569999999999727e-03
2.204489999999999922e-02
3.738020000000000231e-02
4.103129999999999972e-02
3.884289999999999965e-02
5.606850000000000028e-02
5.055330000000000240e-02
-1.136659999999999927e-02
-3.688749999999999668e-02
1.591820000000000040e-02
4.453150000000000164e-02
2.647539999999999963e-02
3.292260000000000325e-02
1.587869999999999907e-02
-4.038850000000000079e-02
-4.111220000000000152e-02
-5.316190000000000151e-03
-1.685820000000000027e-02
-2.214560000000000139e-02
1.242019999999999930e-02
1.810840000000000019e-02
-6.732889999999999838e-04
8.021449999999999414e-03
3.161610000000000115e-02
4.171199999999999908e-02
3.622720000000000107e-02
-2.365649999999999958e-03
-3.477190000000000142e-02
4.962760000000000088e-03
4.511130000000000001e-02
4.627069999999999794e-02
1.289880000000000020e-02
-4.150349999999999873e-02
-2.931279999999999997e-02
1.735739999999999852e-02
8.302800000000000805e-03
1.792650000000000146e-02
3.640460000000000224e-02
-9.324670000000000181e-03
-2.951650000000000107e-02
1.465520000000000017e-02
1.264649999999999976e-02
-1.276200000000000077e-02
-2.014849999999999974e-02
-1.882050000000000042e-02
-2.677490000000000078e-02
-2.244669999999999999e-02
1.145610000000000031e-02
-7.462319999999999717e-03
-2.785440000000000138e-02
-1.960540000000000199e-03
8.057299999999999879e-03
-2.167320000000000010e-02
-2.857109999999999858e-02
8.040530000000000593e-03
1.839930000000000038e-02
-3.249880000000000130e-03
-2.334730000000000139e-02
-3.293449999999999850e-02
-3.282990000000000214e-02
-1.808179999999999857e-02
1.198699999999999939e-02
1.303280000000000063e-02
-2.890409999999999854e-02
-2.300220000000000042e-02
2.988230000000000053e-02
2.841590000000000088e-02
-1.290000000000000001e-02
-2.448430000000000051e-02
-8.353899999999999824e-04
2.582539999999999922e-03
-1.391889999999999968e-02
-2.468930000000000083e-02
-3.953099999999999670e-02
-4.754520000000000274e-02
-3.144090000000000079e-02
-3.275639999999999802e-03
8.492579999999999574e-03
-5.717390000000000146e-03
-1.604440000000000033e-02
-2.570559999999999946e-03
-5.344869999999999829e-03
-3.688999999999999918e-02
-3.625319999999999931e-02
-2.636519999999999836e-02
-3.146720000000000073e-02
-2.308959999999999832e-02
-6.569539999999999581e-03
4.521569999999999930e-03
1.078070000000000070e-02
4.732690000000000334e-03
-1.246309999999999953e-02
-1.110790000000000041e-02
1.330500000000000085e-02
3.608719999999999983e-02
1.992100000000000121e-02
5.979370000000000344e-03
9.359460000000000002e-03
-1.589350000000000138e-02
-3.007550000000000154e-02
-2.115950000000000122e-02
-1.672579999999999900e-02
-3.872529999999999722e-02
-4.606269999999999809e-02
5.196609999999999701e-05
2.847540000000000140e-02
4.562150000000000233e-02
6.106869999999999660e-02
3.410219999999999918e-02
5.193530000000000021e-03
-1.956070000000000031e-02
-3.955260000000000026e-02
-1.914789999999999895e-02
-7.414300000000000404e-03
6.164900000000000067e-03
3.576540000000000274e-02
3.132639999999999730e-02
1.037590000000000040e-02
1.774850000000000039e-02
4.041809999999999847e-02
2.688460000000000155e-02
-2.062399999999999997e-02
-1.248879999999999955e-02
7.653669999999999571e-03
2.194830000000000045e-03
7.808749999999999719e-03
3.659130000000000021e-02
5.772390000000000160e-02
1.810169999999999835e-02
-7.956879999999999509e-03
-9.866869999999999807e-04
-1.606979999999999867e-02
-3.856729999999999881e-02
-3.007369999999999835e-02
8.388079999999999148e-03
2.588249999999999926e-02
-2.435909999999999898e-03
-3.355869999999999687e-02
-2.570100000000000162e-02
-1.807380000000000098e-02
-3.442869999999999958e-02
-3.964430000000000037e-02
-6.938999999999999856e-03
1.871329999999999869e-02
1.069489999999999981e-03
-2.126470000000000096e-02
-3.272209999999999702e-02
-1.835619999999999960e-02
-3.112209999999999803e-03
3.565899999999999886e-03
2.878429999999999964e-03
-2.325280000000000055e-02
-2.483120000000000119e-02
-5.026639999999999971e-04
-1.204970000000000086e-03
-1.822630000000000083e-02
-2.694420000000000148e-02
-8.000369999999999704e-03
9.325719999999999149e-03
-3.265479999999999858e-03
-1.901250000000000162e-02
-1.966769999999999977e-02
5.605739999999999681e-03
2.893410000000000079e-02
2.635180000000000161e-02
1.510369999999999942e-02
1.576730000000000145e-02
-2.567020000000000030e-05
-2.699970000000000148e-02
-2.860419999999999977e-02
5.905320000000000361e-03
1.412290000000000073e-02
-1.972479999999999926e-04
1.596440000000000012e-02
1.615990000000000135e-02
2.391429999999999945e-02
4.576260000000000050e-02
3.290499999999999675e-02
-6.770400000000000203e-03
-2.092000000000000109e-03
2.561180000000000054e-02
3.580060000000000187e-02
4.063739999999999714e-02
2.698300000000000004e-02
1.075130000000000009e-02
2.451000000000000054e-02
4.394270000000000120e-02
3.789630000000000082e-02
3.772520000000000040e-02
5.236489999999999895e-02
3.647740000000000010e-02
3.401589999999999800e-04
-2.099039999999999934e-02
-1.737100000000000102e-02
3.968000000000000173e-03
1.135760000000000068e-02
2.135060000000000083e-02
1.484629999999999977e-02
-1.163709999999999918e-02
-2.733560000000000156e-02
-1.559999999999999928e-02
8.699280000000000207e-03
8.079479999999999995e-03
1.839680000000000135e-02
1.549939999999999998e-02
-9.243390000000000634e-03
2.223539999999999892e-02
4.611959999999999671e-02
1.381910000000000083e-02
-2.057200000000000001e-02
-4.771569999999999978e-02
-2.892070000000000057e-02
-1.933639999999999925e-03
1.127430000000000012e-03
1.299510000000000075e-02
5.555749999999999925e-03
-5.854869999999999866e-04
3.401389999999999796e-03
-8.253039999999999682e-03
-2.155800000000000077e-02
-3.048779999999999893e-02
-3.020530000000000090e-02
-5.352339999999999702e-03
3.079430000000000014e-02
2.010230000000000003e-02
-1.102120000000000009e-02
-1.866419999999999885e-02
-2.496759999999999952e-02
-2.071150000000000074e-02
-1.151669999999999951e-02
-4.164359999999999763e-03
-1.317549999999999971e-02
-2.620700000000000113e-02
-3.552360000000000240e-02
-1.528170000000000049e-02
8.428790000000000240e-03
1.440929999999999989e-02
2.197179999999999966e-02
2.898359999999999999e-03
-1.239479999999999922e-02
-3.404289999999999920e-03
1.507899999999999996e-06
-7.060649999999999912e-03
5.428889999999999584e-03
1.891800000000000079e-02
2.027670000000000080e-03
-1.201939999999999953e-02
2.227809999999999860e-02
3.972239999999999799e-02
2.202809999999999838e-02
-1.592589999999999978e-02
-2.667589999999999892e-02
8.576240000000000599e-03
-2.460089999999999846e-02
-4.666939999999999977e-02
-8.081680000000000808e-03
2.206309999999999868e-02
2.604369999999999949e-02
-6.078159999999999986e-03
-5.357220000000000211e-03
2.573399999999999993e-02
-1.416629999999999973e-02
-3.750679999999999986e-02
8.212370000000000086e-03
2.007569999999999841e-02
-6.859040000000000276e-03
-2.687960000000000002e-02
-3.024840000000000168e-02
-1.857970000000000108e-02
-5.346390000000000343e-03
1.029980000000000001e-03
-1.492330000000000045e-02
-3.495430000000000065e-02
-3.033459999999999976e-02
-1.889710000000000001e-02
-1.198600000000000013e-02
-1.175380000000000001e-02
-6.425029999999999977e-03
-7.574059999999999647e-03
-1.111380000000000007e-02
-5.377319999999999670e-03
-2.578470000000000067e-02
-4.696290000000000187e-02
-3.230700000000000238e-02
-4.132249999999999639e-03
3.052670000000000036e-02
2.636890000000000067e-02
-3.086550000000000057e-02
-3.534810000000000035e-02
1.389250000000000033e-02
1.289199999999999895e-03
-1.924910000000000163e-02
-2.103000000000000008e-02
-3.588229999999999892e-02
-3.138029999999999986e-03
4.517899999999999694e-02
3.784549999999999720e-02
-2.595679999999999862e-02
-4.569140000000000180e-03
5.621770000000000239e-02
1.076749999999999929e-02
-2.418980000000000088e-02
5.531069999999999910e-03
2.145110000000000072e-02
9.023599999999999677e-03
2.529870000000000035e-02
4.546870000000000078e-02
2.768750000000000031e-02
1.348970000000000030e-02
1.351809999999999991e-02
-4.129459999999999728e-03
-8.595610000000000056e-03
1.792070000000000121e-02
3.432179999999999953e-02
2.571290000000000034e-02
7.497529999999999646e-03
9.610119999999999774e-03
1.338289999999999966e-02
-2.324999999999999810e-03
1.481340000000000044e-03
1.518440000000000067e-02
9.076380000000000212e-03
4.838890000000000205e-03
8.213430000000000730e-03
-2.648929999999999861e-04
-4.293889999999999860e-03
-1.271899999999999940e-02
-1.903880000000000156e-02
-5.765430000000000207e-03
4.077940000000000384e-03
2.745830000000000146e-02
3.009049999999999919e-02
2.152600000000000173e-03
-2.915800000000000076e-03
-9.352130000000000165e-03
-1.900229999999999975e-02
-9.261580000000000160e-03
5.767699999999999737e-03
7.279980000000000132e-03
-3.573400000000000014e-03
3.624389999999999903e-03
1.119640000000000045e-02
-6.897190000000000092e-03
-1.647579999999999878e-02
-9.767369999999999178e-03
-1.023950000000000034e-02
1.829239999999999989e-03
6.995610000000000196e-03
-6.461579999999999754e-03
-1.605709999999999993e-03
7.575029999999999958e-03
2.760959999999999803e-03
4.679609999999999846e-03
7.856290000000000148e-03
-3.873649999999999750e-04
2.971269999999999814e-03
6.972019999999999780e-03
-6.883199999999999909e-03
-1.368459999999999989e-02
-5.569840000000000381e-03
1.419109999999999903e-03
4.546530000000000016e-03
9.564800000000000038e-03
6.766610000000000159e-03
6.908140000000000114e-03
6.272530000000000119e-03
2.279030000000000031e-03
2.197370000000000139e-03
-2.981300000000000096e-03
-3.294899999999999912e-03
4.698670000000000277e-03
6.956939999999999999e-03
2.176389999999999835e-03
1.138810000000000083e-03
-1.810750000000000077e-03
9.217719999999999560e-04
8.045220000000000496e-03
8.647840000000000388e-03
8.992909999999999793e-03
7.436319999999999736e-03
6.170300000000000090e-03
4.683449999999999593e-03
7.994929999999999702e-04
1.773899999999999913e-03
3.259730000000000179e-03
1.849270000000000080e-03
2.599760000000000005e-03
2.462090000000000112e-03
-2.510790000000000266e-04
-2.463159999999999829e-03
-1.863910000000000089e-03
-1.204889999999999911e-03
-2.425810000000000032e-03
-3.039229999999999970e-03
-3.572309999999999982e-03
-3.258169999999999903e-03
-2.297990000000000189e-03
-2.204269999999999927e-03
-3.560680000000000095e-03
-4.883870000000000225e-03
-4.675939999999999958e-03
-4.668949999999999836e-03
-4.944460000000000348e-03
-5.032100000000000288e-03
-4.589979999999999581e-03
-4.363510000000000132e-03
-4.431110000000000257e-03
-4.371919999999999626e-03
-3.984320000000000396e-03
-3.369420000000000141e-03
-3.134300000000000020e-03
-2.850230000000000038e-03
-2.521419999999999911e-03
-2.415739999999999988e-03
-2.226000000000000114e-03
-1.924930000000000044e-03
-1.712790000000000059e-03
-1.498750000000000082e-03
-1.210029999999999960e-03
-9.538209999999999874e-04
-7.581149999999999608e-04
