4.512580000000000410e-03
-8.925020000000000522e-03
-1.363959999999999999e-02
-4.519900000000000306e-03
4.631399999999999927e-03
4.279350000000000341e-03
-1.543740000000000043e-02
-2.262039999999999884e-02
-1.062029999999999919e-02
-1.003879999999999963e-03
-7.345400000000000193e-03
-1.888079999999999967e-02
-2.201240000000000141e-02
-1.815900000000000153e-02
-1.298580000000000047e-02
-5.580769999999999655e-03
1.008219999999999993e-03
3.913970000000000123e-03
1.138010000000000063e-02
1.082200000000000002e-02
6.521400000000000113e-03
4.752469999999999958e-03
1.187689999999999926e-02
2.008259999999999906e-02
1.782200000000000104e-02
1.837659999999999988e-02
1.876589999999999855e-02
1.586680000000000035e-02
6.128579999999999792e-03
-2.988479999999999956e-03
-7.374780000000000051e-03
-8.721490000000000145e-03
-7.346850000000000255e-03
-1.267969999999999991e-03
1.834539999999999955e-03
9.998459999999999813e-04
1.777759999999999974e-03
4.704820000000000182e-03
-3.690149999999999897e-04
-1.893440000000000054e-02
-3.408889999999999837e-02
-3.223489999999999689e-02
-7.580869999999999970e-03
1.124900000000000032e-02
-1.309660000000000034e-03
-2.126839999999999981e-02
-2.726539999999999866e-02
-1.029500000000000033e-02
1.138669999999999960e-02
2.081010000000000151e-02
1.927660000000000137e-02
1.634259999999999879e-02
2.159929999999999836e-02
2.199250000000000163e-02
1.832210000000000089e-02
9.872000000000000566e-03
5.740539999999999705e-03
1.405509999999999919e-02
2.048979999999999899e-02
8.499239999999999920e-03
-1.058440000000000075e-02
-2.889900000000000108e-02
-2.771020000000000080e-02
-7.211750000000000278e-03
5.787650000000000086e-03
1.351059999999999935e-02
1.446779999999999941e-02
1.629620000000000027e-02
1.751449999999999882e-02
9.470279999999999324e-03
-1.278870000000000007e-02
-3.001399999999999901e-02
-2.613139999999999907e-02
-9.634480000000000821e-03
-2.089080000000000104e-03
-6.379769999999999885e-03
-1.310210000000000020e-02
-1.791299999999999837e-02
-2.771890000000000118e-02
-3.180770000000000125e-02
-1.780769999999999922e-02
5.077410000000000083e-03
2.757799999999999835e-02
2.949600000000000138e-02
1.310809999999999927e-02
5.751199999999999715e-03
1.019879999999999919e-02
1.843469999999999831e-02
1.531889999999999988e-02
-1.848320000000000084e-03
-4.435699999999999886e-03
1.915620000000000170e-02
3.140579999999999761e-02
1.694860000000000116e-02
-4.091570000000000103e-03
-1.383020000000000083e-02
-4.535760000000000226e-04
2.394109999999999988e-02
3.286950000000000288e-02
6.993390000000000370e-03
-1.858989999999999948e-02
-2.030629999999999935e-02
-1.202259999999999961e-02
-6.761109999999999863e-03
-1.172310000000000019e-02
-2.316520000000000037e-02
-2.758870000000000072e-02
-2.154899999999999871e-02
-9.215879999999999211e-03
-1.320080000000000038e-02
-3.090050000000000088e-02
-3.822590000000000016e-02
-3.637490000000000168e-03
3.170370000000000132e-02
1.055320000000000043e-02
-7.917719999999999619e-03
-3.491709999999999866e-03
6.068679999999999908e-04
-3.391320000000000185e-03
2.069930000000000034e-02
5.398920000000000108e-02
4.586819999999999786e-02
2.959219999999999906e-02
3.230260000000000076e-02
3.011590000000000100e-02
1.248739999999999919e-02
6.310429999999999685e-03
1.956350000000000103e-02
1.829980000000000148e-02
-1.240810000000000003e-02
-2.347389999999999893e-02
1.442230000000000074e-02
3.661459999999999715e-02
2.402790000000000134e-02
3.435249999999999936e-03
-4.127329999999999888e-02
-6.658440000000000192e-02
-7.013600000000000390e-02
-4.196849999999999886e-02
-5.078090000000000381e-03
-8.599030000000000562e-03
-2.473130000000000120e-02
2.154829999999999940e-02
9.456509999999999916e-02
1.247739999999999960e-01
1.056219999999999937e-01
6.381130000000000135e-02
3.925379999999999842e-02
4.528820000000000068e-02
6.419500000000000206e-02
3.490879999999999678e-02
-1.393080000000000013e-02
-4.035180000000000017e-02
-4.033130000000000048e-02
-6.275699999999999334e-02
-8.863949999999999607e-02
-9.247869999999999702e-02
-7.555389999999999329e-02
-4.475900000000000017e-02
-5.940290000000000414e-04
4.758160000000000167e-02
5.688089999999999813e-02
3.700319999999999998e-02
3.741420000000000162e-02
4.111170000000000102e-02
1.425309999999999945e-02
-2.714060000000000084e-02
-5.014980000000000132e-02
-4.125029999999999669e-02
-2.272410000000000055e-02
-1.411940000000000070e-02
-2.209380000000000024e-02
-3.601580000000000059e-02
-5.638529999999999931e-02
-5.196060000000000262e-02
-7.117380000000000408e-03
3.871220000000000216e-02
8.689080000000000414e-02
6.701699999999999324e-02
-6.959569999999999992e-03
-3.734439999999999982e-02
-1.126620000000000052e-02
3.663090000000000096e-02
9.650759999999999547e-03
-3.800680000000000031e-02
-3.000399999999999942e-02
8.162249999999999367e-03
1.256340000000000061e-02
-8.702669999999999156e-03
-1.104879999999999925e-02
-2.544319999999999915e-02
-3.951829999999999926e-02
-2.822289999999999868e-02
3.583089999999999886e-02
7.773539999999999617e-02
3.828779999999999684e-02
-2.243129999999999864e-03
-6.392649999999999721e-03
2.524759999999999852e-02
4.433979999999999866e-02
3.105720000000000008e-02
2.273600000000000187e-03
-6.583239999999999752e-03
2.200509999999999966e-02
3.829939999999999733e-02
3.792899999999999744e-02
5.245559999999999806e-02
5.506250000000000033e-02
4.398819999999999814e-02
4.431129999999999791e-02
5.561680000000000096e-02
6.006170000000000259e-02
5.412000000000000144e-02
3.810979999999999923e-02
6.113219999999999939e-03
-1.678299999999999931e-02
-2.202290000000000150e-02
-3.313300000000000273e-02
-6.625979999999999370e-02
-7.557880000000000154e-02
-5.139080000000000037e-02
-2.006580000000000169e-02
-2.767910000000000162e-03
-3.683720000000000050e-02
-9.278350000000000486e-02
-1.225040000000000018e-01
-1.225220000000000059e-01
-1.012340000000000045e-01
-4.393070000000000308e-02
5.165689999999999692e-03
-1.773669999999999978e-03
-6.848479999999999672e-03
1.109100000000000016e-02
4.010149999999999826e-02
7.204449999999999743e-02
8.286949999999999872e-02
7.564239999999999853e-02
7.147539999999999449e-02
7.635880000000000445e-02
8.096280000000000143e-02
7.431509999999999505e-02
5.306509999999999699e-02
1.271560000000000051e-02
-3.553379999999999733e-02
-6.114440000000000153e-02
-6.269510000000000360e-02
-5.448139999999999927e-02
-5.470620000000000344e-02
-5.644770000000000343e-02
-4.657039999999999791e-02
-3.138500000000000317e-02
-3.218300000000000327e-02
-4.324329999999999841e-02
-5.490939999999999710e-02
-6.999360000000000304e-02
-6.990219999999999767e-02
-7.420290000000000219e-02
-8.282639999999999447e-02
-7.495240000000000236e-02
-7.101259999999999517e-02
-7.417600000000000582e-02
-6.490970000000000073e-02
-3.628889999999999894e-02
8.897640000000000063e-03
5.453910000000000008e-02
1.063520000000000021e-01
1.347119999999999984e-01
1.324919999999999987e-01
8.884709999999999830e-02
2.075859999999999858e-02
-1.263869999999999924e-02
-1.240349999999999960e-02
7.626749999999999849e-03
4.000309999999999977e-02
5.777609999999999690e-02
5.502370000000000178e-02
4.933570000000000316e-02
4.331519999999999815e-02
3.335339999999999833e-02
9.664419999999999955e-03
-2.018429999999999877e-02
-5.009330000000000033e-02
-6.670239999999999503e-02
-7.348179999999999990e-02
-8.185149999999999371e-02
-4.368969999999999798e-02
8.883659999999999821e-03
3.248700000000000199e-02
5.548240000000000290e-03
-6.662550000000000416e-02
-1.278269999999999962e-01
-1.595979999999999899e-01
-1.596360000000000001e-01
-1.460249999999999881e-01
-1.213299999999999934e-01
-9.733780000000000210e-02
-4.525409999999999849e-02
3.623309999999999725e-02
1.193329999999999946e-01
1.678330000000000100e-01
1.800970000000000071e-01
1.804379999999999873e-01
1.758339999999999903e-01
1.628300000000000025e-01
1.208950000000000025e-01
8.313130000000000519e-02
3.970110000000000305e-02
-1.643009999999999957e-02
-3.675719999999999682e-02
-1.314689999999999956e-02
1.285030000000000026e-02
1.916150000000000145e-02
2.986979999999999844e-02
5.607399999999999884e-02
6.423449999999999993e-02
2.376539999999999903e-02
-2.932529999999999859e-02
-5.053370000000000084e-02
-5.696749999999999731e-02
-6.015970000000000345e-02
-6.384149999999999547e-02
-5.366049999999999986e-02
-2.365880000000000066e-02
-3.037520000000000150e-02
-5.863489999999999674e-02
-8.561459999999999904e-02
-1.078839999999999938e-01
-1.281559999999999921e-01
-1.360870000000000135e-01
-1.033580000000000054e-01
-2.639460000000000070e-02
8.070270000000000221e-02
1.511379999999999946e-01
1.975109999999999921e-01
2.024680000000000091e-01
1.502729999999999899e-01
1.056020000000000014e-01
9.109649999999999692e-02
7.456369999999999665e-02
5.240960000000000063e-02
5.536590000000000261e-02
6.520819999999999395e-02
6.442520000000000191e-02
4.098079999999999778e-02
2.673680000000000154e-02
2.186559999999999893e-02
1.399350000000000073e-02
3.369519999999999980e-03
-7.608440000000000168e-03
-1.983690000000000106e-02
-4.102709999999999690e-02
-6.420330000000000481e-02
-9.772530000000000105e-02
-1.307069999999999899e-01
-1.697649999999999992e-01
-2.006419999999999870e-01
-1.933920000000000083e-01
-1.452330000000000010e-01
-6.262030000000000374e-02
2.122500000000000081e-02
7.221809999999999341e-02
6.579139999999999988e-02
3.380650000000000321e-02
-1.860090000000000007e-02
-6.695470000000000588e-02
-8.639259999999999995e-02
-7.908510000000000539e-02
-4.565330000000000082e-02
-2.394649999999999904e-02
-1.459380000000000052e-02
1.155609999999999971e-02
5.550000000000000072e-02
1.103360000000000035e-01
1.687470000000000081e-01
1.954299999999999926e-01
1.775970000000000049e-01
1.094910000000000050e-01
3.254730000000000123e-02
-1.571180000000000146e-02
-4.091879999999999823e-02
-4.956819999999999976e-02
-5.643669999999999937e-02
-7.153550000000000186e-02
-6.834880000000000122e-02
-3.507219999999999782e-02
-1.361829999999999985e-02
-9.497300000000000186e-03
-1.574559999999999849e-02
-3.939720000000000028e-02
-6.311410000000000631e-02
-8.859350000000000558e-02
-9.745499999999999996e-02
-8.277500000000000135e-02
-7.274930000000000285e-02
-6.481349999999999612e-02
-4.214180000000000009e-02
-1.778909999999999866e-02
-6.852519999999999965e-03
-2.184020000000000059e-02
-6.305620000000000669e-02
-7.988199999999999468e-02
-6.564979999999999427e-02
-5.252430000000000293e-02
-2.618260000000000032e-02
1.131779999999999939e-02
4.528399999999999787e-02
8.836890000000000023e-02
1.366100000000000092e-01
1.631859999999999977e-01
1.726979999999999904e-01
1.562489999999999990e-01
1.320169999999999955e-01
1.243350000000000011e-01
1.239470000000000016e-01
1.164530000000000010e-01
9.306509999999999783e-02
5.808640000000000331e-02
3.679400000000000032e-02
4.549369999999999803e-02
6.291950000000000320e-02
6.582860000000000100e-02
3.032759999999999970e-02
-3.330200000000000174e-03
-1.278349999999999972e-02
1.306240000000000005e-02
5.060459999999999958e-02
5.256410000000000249e-02
1.339109999999999953e-02
-3.181110000000000188e-02
-6.722129999999999772e-02
-9.679000000000000103e-02
-1.233299999999999952e-01
-1.589830000000000132e-01
-1.913539999999999963e-01
-2.128680000000000017e-01
-2.140610000000000013e-01
-2.071699999999999930e-01
-1.685659999999999936e-01
-9.858770000000000033e-02
-2.416230000000000114e-02
5.781209999999999821e-02
1.217229999999999979e-01
1.400440000000000018e-01
1.081059999999999938e-01
4.887099999999999778e-02
-9.501509999999999470e-03
-6.118490000000000040e-02
-9.768860000000000043e-02
-1.113760000000000028e-01
-1.083719999999999961e-01
-9.191530000000000533e-02
-6.542480000000000517e-02
-3.714320000000000122e-02
-9.906130000000000838e-03
-4.802790000000000141e-04
-6.637989999999999863e-03
-1.953989999999999894e-02
-1.325259999999999980e-02
7.381979999999999792e-03
2.253310000000000035e-02
1.321540000000000041e-02
-2.682060000000000000e-02
-6.200750000000000012e-02
-8.615810000000000135e-02
-9.078070000000000583e-02
-8.657729999999999593e-02
-9.259119999999999850e-02
-1.066980000000000012e-01
-1.051559999999999995e-01
-7.482890000000000374e-02
-4.266009999999999941e-02
-3.010600000000000082e-02
-2.606479999999999908e-02
-2.386049999999999977e-02
-2.059149999999999869e-02
-3.920579999999999898e-03
1.791560000000000027e-02
2.628979999999999859e-02
3.183749999999999775e-02
5.617470000000000102e-02
8.904620000000000590e-02
1.223189999999999972e-01
1.475289999999999935e-01
1.639319999999999944e-01
1.818190000000000084e-01
2.050790000000000113e-01
2.353049999999999864e-01
2.637760000000000105e-01
2.824280000000000124e-01
2.840309999999999779e-01
2.321840000000000015e-01
1.607059999999999877e-01
1.159980000000000039e-01
9.077359999999999596e-02
7.746160000000000545e-02
5.459920000000000051e-02
3.092599999999999863e-02
7.982049999999999215e-03
-1.190699999999999918e-02
-2.608610000000000095e-02
-3.380849999999999828e-02
-4.026110000000000105e-02
-5.660470000000000085e-02
-7.970969999999999445e-02
-9.540150000000000019e-02
-9.839430000000000398e-02
-8.654910000000000381e-02
-6.878990000000000105e-02
-5.969060000000000338e-02
-5.796280000000000182e-02
-6.718259999999999510e-02
-7.585169999999999413e-02
-7.582930000000000226e-02
-5.646570000000000061e-02
-2.902369999999999950e-02
-1.575460000000000055e-02
-2.690640000000000046e-02
-5.271039999999999753e-02
-6.209039999999999698e-02
-4.480560000000000098e-02
-1.267270000000000028e-02
3.918569999999999692e-03
4.846669999999999971e-03
2.336350000000000059e-03
3.526590000000000020e-03
7.066910000000000032e-03
1.166500000000000002e-02
3.991510000000000007e-05
-1.612919999999999979e-02
-1.521439999999999945e-02
1.455350000000000003e-03
2.375340000000000090e-02
2.636350000000000152e-02
9.394680000000000739e-03
-1.600959999999999883e-02
-2.742860000000000090e-02
-9.479750000000000329e-03
2.623949999999999894e-02
4.635580000000000256e-02
4.869149999999999867e-02
4.103419999999999984e-02
2.445809999999999998e-02
1.227100000000000066e-02
1.039409999999999987e-02
1.087229999999999967e-02
7.593889999999999842e-03
6.910359999999999940e-03
4.365319999999999791e-03
-6.644699999999999912e-03
-2.584229999999999861e-02
-4.933499999999999691e-02
-8.267389999999999461e-02
-1.166819999999999941e-01
-1.306080000000000019e-01
-1.309750000000000081e-01
-1.069210000000000022e-01
-6.471849999999999825e-02
-2.249069999999999889e-02
1.252069999999999919e-02
3.599480000000000041e-02
3.612110000000000321e-02
1.962140000000000065e-02
6.600970000000000275e-03
-9.022530000000000827e-03
-5.987169999999999992e-03
1.102280000000000024e-04
4.780640000000000063e-03
2.196029999999999857e-02
3.520999999999999824e-02
3.696109999999999673e-02
4.117149999999999976e-02
4.771059999999999884e-02
5.002680000000000321e-02
6.579989999999999450e-02
9.583469999999999489e-02
1.320129999999999915e-01
1.557169999999999943e-01
1.619899999999999951e-01
1.530970000000000109e-01
1.317599999999999882e-01
1.018050000000000066e-01
7.035690000000000000e-02
5.356140000000000206e-02
4.498400000000000315e-02
3.347309999999999869e-02
7.739359999999999816e-03
-2.190819999999999920e-02
-4.412800000000000056e-02
-5.951290000000000052e-02
-7.042809999999999349e-02
-7.874939999999999718e-02
-6.710729999999999473e-02
-3.762139999999999929e-02
-6.286169999999999779e-03
1.324460000000000047e-02
2.728370000000000101e-02
2.691529999999999964e-02
-7.478330000000000047e-03
-4.928529999999999717e-02
-8.246910000000000351e-02
-1.017539999999999972e-01
-1.132969999999999949e-01
-1.160550000000000054e-01
-1.104929999999999940e-01
-1.048150000000000054e-01
-9.682789999999999453e-02
-8.911489999999999689e-02
-7.996770000000000267e-02
-7.370920000000000250e-02
-6.520670000000000632e-02
-4.482219999999999954e-02
-2.297199999999999936e-02
-8.304640000000000286e-03
1.231340000000000039e-02
2.879129999999999884e-02
3.139100000000000223e-02
1.966690000000000105e-02
1.546429999999999897e-03
-9.077099999999999405e-03
-1.602960000000000149e-02
-1.722730000000000095e-02
-1.773250000000000173e-02
-2.506040000000000004e-02
-3.902850000000000069e-02
-5.949709999999999721e-02
-7.692910000000000026e-02
-7.620609999999999884e-02
-5.979360000000000230e-02
-3.291779999999999706e-02
-1.464320000000000075e-03
3.311240000000000017e-02
5.555009999999999809e-02
6.117319999999999702e-02
5.855459999999999832e-02
4.243630000000000319e-02
2.688310000000000005e-02
1.917980000000000032e-02
2.552190000000000014e-02
4.524029999999999718e-02
6.164680000000000160e-02
6.804599999999999538e-02
7.218289999999999429e-02
7.825680000000000136e-02
8.420919999999999794e-02
7.558589999999999753e-02
6.441969999999999641e-02
6.385330000000000172e-02
7.557999999999999441e-02
9.737310000000000410e-02
1.118309999999999998e-01
1.209059999999999996e-01
1.134310000000000040e-01
7.593170000000000475e-02
3.207650000000000085e-02
5.489970000000000266e-03
-1.088839999999999947e-02
-2.155380000000000143e-02
-2.221400000000000111e-02
-1.690720000000000070e-02
-1.233180000000000040e-02
-1.336419999999999969e-02
-2.346250000000000072e-02
-3.957059999999999744e-02
-5.556350000000000178e-02
-5.934079999999999910e-02
-5.290380000000000082e-02
-4.028360000000000274e-02
-1.850999999999999868e-02
-6.704389999999999959e-04
1.908870000000000011e-03
-1.243670000000000019e-02
-2.750539999999999929e-02
-2.618480000000000113e-02
-4.061249999999999756e-03
2.861620000000000136e-02
5.460759999999999920e-02
5.761430000000000023e-02
4.086150000000000199e-02
2.159339999999999871e-02
1.381869999999999973e-02
9.009150000000000491e-03
-1.351370000000000002e-02
-3.544400000000000328e-02
-4.241700000000000331e-02
-2.667160000000000017e-02
2.428949999999999978e-04
2.001429999999999876e-02
5.010829999999999972e-03
-3.665029999999999677e-02
-7.177840000000000609e-02
-9.205019999999999869e-02
-9.689849999999999852e-02
-7.613670000000000160e-02
-4.191290000000000293e-02
-2.316359999999999947e-02
-1.294039999999999947e-02
-6.726819999999999675e-03
-1.219130000000000040e-02
-3.965910000000000268e-02
-6.056630000000000347e-02
-5.778309999999999697e-02
-3.989150000000000335e-02
-9.843630000000000782e-03
2.092950000000000019e-02
3.688099999999999712e-02
4.646560000000000273e-02
5.109919999999999740e-02
4.874169999999999892e-02
2.597400000000000056e-02
-8.274870000000000142e-03
-2.630880000000000024e-02
-1.936799999999999980e-02
2.551550000000000085e-03
1.079079999999999970e-02
6.987959999999999658e-03
1.047179999999999986e-03
5.792949999999999836e-03
1.947389999999999885e-02
2.986839999999999981e-02
3.296790000000000137e-02
2.875199999999999978e-02
2.171980000000000091e-02
1.469469999999999978e-02
1.589799999999999894e-02
2.219619999999999926e-02
1.100650000000000066e-02
-1.982839999999999950e-02
-4.984929999999999917e-02
-6.820650000000000324e-02
-7.897500000000000353e-02
-8.670890000000000541e-02
-8.485589999999999800e-02
-7.748059999999999670e-02
-6.486749999999999461e-02
-4.265329999999999816e-02
-1.579799999999999954e-02
7.381200000000000087e-03
1.831939999999999957e-02
2.207570000000000018e-02
1.798009999999999886e-02
1.079600000000000004e-02
-4.346250000000000287e-03
-1.851329999999999990e-02
-1.696320000000000119e-02
-5.655829999999999712e-03
3.901260000000000144e-03
3.778769999999999872e-04
-1.212150000000000033e-02
-2.109990000000000129e-02
-1.225170000000000078e-02
2.465880000000000155e-02
5.894169999999999965e-02
7.132819999999999439e-02
6.951129999999999809e-02
5.629279999999999701e-02
4.721550000000000052e-02
3.165509999999999852e-02
-3.458680000000000001e-03
-4.706090000000000273e-02
-7.942180000000000073e-02
-9.265959999999999475e-02
-8.122369999999999590e-02
-5.463160000000000238e-02
-3.058239999999999917e-02
-1.390160000000000007e-02
-7.427950000000000004e-03
-1.068509999999999946e-02
-1.136269999999999988e-02
-5.034949999999999842e-03
7.464840000000000364e-03
1.980039999999999925e-02
3.267450000000000215e-02
3.921750000000000236e-02
2.810939999999999966e-02
3.055850000000000146e-03
-2.915500000000000036e-02
-5.379140000000000310e-02
-5.072870000000000157e-02
-1.137329999999999938e-02
3.133679999999999799e-02
6.893680000000000641e-02
9.779939999999999467e-02
1.072830000000000034e-01
9.478570000000000051e-02
6.243200000000000138e-02
2.835139999999999882e-02
6.887380000000000455e-04
-1.380879999999999955e-02
-2.371030000000000013e-02
-2.996729999999999880e-02
-2.568259999999999987e-02
-1.685680000000000164e-02
-8.647180000000000838e-03
-9.418609999999999136e-03
-1.733820000000000153e-02
-1.649600000000000025e-02
1.081419999999999951e-02
4.078450000000000131e-02
4.906660000000000188e-02
3.418650000000000161e-02
1.769079999999999958e-02
1.682859999999999912e-02
2.574299999999999852e-02
3.845910000000000301e-02
4.246019999999999656e-02
3.739050000000000012e-02
1.952179999999999888e-02
5.055869999999999635e-03
5.309529999999999805e-03
5.815129999999999952e-03
-2.271739999999999957e-03
-1.585740000000000066e-02
-1.424309999999999986e-02
1.236109999999999900e-03
7.907610000000000680e-03
5.575580000000000119e-03
8.486340000000000203e-03
1.971720000000000070e-02
3.191820000000000074e-02
3.745140000000000274e-02
3.762549999999999922e-02
3.516489999999999894e-02
3.033900000000000138e-02
2.127290000000000084e-02
1.471809999999999959e-02
1.183520000000000058e-02
1.932740000000000066e-03
-1.207010000000000027e-02
-2.439509999999999942e-02
-2.426379999999999856e-02
-6.552879999999999643e-03
2.495160000000000086e-02
4.247990000000000099e-02
4.103840000000000265e-02
9.952519999999999423e-03
-2.602319999999999980e-02
-4.449059999999999820e-02
-4.164609999999999840e-02
-2.004490000000000091e-02
-3.472250000000000076e-03
1.361749999999999940e-02
1.959139999999999840e-02
1.977970000000000075e-02
8.913380000000000261e-03
-1.179189999999999926e-02
-4.857240000000000169e-02
-7.590360000000000162e-02
-7.880479999999999430e-02
-5.296440000000000176e-02
-4.326059999999999628e-03
2.635219999999999924e-02
3.002279999999999879e-02
1.039260000000000010e-02
2.524949999999999872e-04
3.237719999999999921e-03
1.082819999999999963e-02
9.996639999999999346e-03
-3.874649999999999882e-03
-1.224710000000000035e-02
-1.940330000000000093e-03
1.263620000000000021e-02
1.400369999999999913e-02
4.707099999999999652e-03
-1.258219999999999998e-02
-2.612710000000000032e-02
-2.715860000000000149e-02
-1.816660000000000150e-02
-8.749269999999999964e-03
-1.726760000000000100e-02
-3.251790000000000236e-02
-3.659620000000000234e-02
-3.586310000000000192e-02
-2.229329999999999853e-02
-6.482289999999999493e-04
1.483909999999999917e-02
1.998880000000000101e-02
9.565129999999999813e-03
-1.354230000000000017e-02
-3.778999999999999720e-02
-5.518030000000000157e-02
-5.992970000000000241e-02
-5.453729999999999689e-02
-3.391829999999999845e-02
-4.416100000000000060e-03
2.999939999999999898e-02
5.613760000000000278e-02
6.557839999999999503e-02
5.986310000000000242e-02
2.956059999999999938e-02
-6.182520000000000376e-03
-2.732129999999999975e-02
-3.192489999999999911e-02
-3.451599999999999807e-02
-4.128190000000000331e-02
-4.677289999999999920e-02
-3.727799999999999864e-02
-6.384540000000000180e-03
2.479659999999999850e-02
4.079089999999999799e-02
3.827420000000000128e-02
2.947129999999999889e-02
3.200370000000000298e-02
5.410070000000000157e-02
7.962589999999999946e-02
8.430129999999999568e-02
5.705579999999999680e-02
9.749910000000000521e-03
-3.939809999999999840e-02
-7.668750000000000566e-02
-9.328219999999999568e-02
-8.428299999999999681e-02
-5.445440000000000003e-02
-3.256959999999999716e-02
-1.800939999999999833e-02
-7.258009999999999852e-04
7.167689999999999999e-03
7.247980000000000221e-03
2.670950000000000060e-03
-1.155360000000000024e-03
-2.229820000000000066e-02
-4.794949999999999907e-02
-5.172270000000000340e-02
-4.887930000000000053e-02
-5.164780000000000065e-02
-6.315469999999999418e-02
-6.997580000000000466e-02
-6.942629999999999635e-02
-5.276279999999999859e-02
-1.979979999999999934e-02
1.055000000000000035e-02
2.753480000000000164e-02
3.495399999999999896e-02
3.635010000000000324e-02
3.920989999999999892e-02
4.518579999999999819e-02
5.033039999999999736e-02
4.679780000000000051e-02
3.945970000000000033e-02
3.750309999999999755e-02
4.085450000000000192e-02
4.297379999999999950e-02
3.507160000000000138e-02
1.700399999999999828e-02
-4.721249999999999752e-03
-1.892090000000000091e-02
-1.825109999999999927e-02
8.946940000000000448e-03
5.025360000000000243e-02
8.738640000000000296e-02
1.070190000000000030e-01
1.130509999999999987e-01
1.203509999999999996e-01
1.171839999999999965e-01
1.023209999999999953e-01
8.760099999999999831e-02
4.948339999999999683e-02
-3.236629999999999889e-03
-2.951820000000000138e-02
-1.510899999999999917e-02
1.318350000000000077e-02
2.427779999999999869e-02
2.132569999999999952e-02
1.551650000000000078e-02
1.752559999999999882e-02
2.398600000000000038e-02
3.193970000000000142e-02
3.594809999999999672e-02
3.405880000000000019e-02
4.033660000000000023e-02
5.510899999999999826e-02
6.631549999999999945e-02
5.840309999999999946e-02
1.552399999999999960e-02
-3.204490000000000116e-02
-6.479740000000000499e-02
-8.975809999999999345e-02
-1.013010000000000022e-01
-1.027460000000000040e-01
-1.005280000000000062e-01
-9.779160000000000630e-02
-9.025710000000000677e-02
-8.487179999999999724e-02
-8.400299999999999434e-02
-8.030270000000000463e-02
-8.104749999999999455e-02
-8.285620000000000485e-02
-9.242720000000000102e-02
-1.032700000000000007e-01
-1.050080000000000041e-01
-8.046639999999999349e-02
-3.290909999999999669e-02
1.079360000000000042e-02
4.215630000000000072e-02
5.452959999999999752e-02
5.255359999999999893e-02
3.760530000000000123e-02
3.132700000000000068e-02
3.066369999999999860e-02
2.682620000000000143e-02
2.408630000000000146e-02
2.808849999999999889e-02
3.790269999999999750e-02
4.771589999999999859e-02
4.762380000000000085e-02
2.688499999999999918e-02
5.473029999999999605e-04
-1.497120000000000048e-02
-1.557839999999999919e-02
8.151709999999999512e-03
3.791710000000000219e-02
4.338410000000000183e-02
3.529220000000000274e-02
3.082129999999999939e-02
3.762750000000000122e-02
4.596170000000000117e-02
4.526890000000000081e-02
2.972790000000000155e-02
4.436810000000000233e-03
-1.707109999999999878e-02
-2.667670000000000111e-02
-2.961249999999999993e-02
-3.716889999999999777e-02
-5.310150000000000287e-02
-6.212870000000000198e-02
-5.924739999999999868e-02
-3.946170000000000233e-02
-6.521039999999999649e-03
1.225900000000000080e-02
2.091749999999999859e-02
3.454039999999999888e-02
5.624379999999999658e-02
6.869880000000000431e-02
4.871059999999999973e-02
7.740079999999999877e-03
-2.878630000000000078e-02
-4.833790000000000309e-02
-4.128180000000000044e-02
-2.067489999999999953e-02
-1.023239999999999914e-02
-1.734300000000000078e-02
-2.764729999999999965e-02
-3.024639999999999967e-02
-2.650020000000000153e-02
-2.730619999999999922e-02
-3.616509999999999864e-02
-3.806860000000000105e-02
-3.166830000000000339e-02
-1.864110000000000072e-02
2.031939999999999929e-04
9.878710000000000616e-03
1.542630000000000043e-02
2.034760000000000041e-02
2.231090000000000156e-02
2.432420000000000068e-02
2.027249999999999885e-02
9.015600000000000350e-03
-7.689139999999999690e-03
-1.179580000000000038e-02
5.131870000000000182e-03
1.556729999999999919e-02
1.891960000000000039e-03
-2.586449999999999860e-02
-3.830660000000000315e-02
-2.689000000000000071e-02
-6.404469999999999781e-03
4.678660000000000284e-03
-9.892230000000000120e-03
-3.294339999999999768e-02
-4.253259999999999680e-02
-2.736440000000000053e-02
2.601000000000000013e-03
2.245710000000000067e-02
1.688469999999999901e-02
-1.617880000000000013e-02
-3.927989999999999954e-02
-3.973809999999999842e-02
-1.649760000000000115e-02
2.001110000000000042e-02
3.930020000000000041e-02
4.203049999999999842e-02
3.092050000000000007e-02
8.859769999999999451e-03
-6.901449999999999946e-03
-4.644370000000000095e-03
3.179879999999999946e-03
4.838229999999999788e-03
7.019570000000000150e-04
1.642459999999999992e-04
2.535199999999999954e-02
6.034699999999999787e-02
7.879250000000000143e-02
8.225109999999999366e-02
7.752729999999999344e-02
5.274530000000000191e-02
2.191560000000000036e-02
9.996730000000000546e-03
2.066480000000000053e-02
4.698879999999999724e-02
6.995999999999999441e-02
8.210699999999999943e-02
8.106649999999999967e-02
6.079890000000000294e-02
1.420010000000000022e-02
-3.393190000000000095e-02
-5.532240000000000074e-02
-5.810110000000000274e-02
-4.357230000000000131e-02
-2.306949999999999973e-02
-1.237590000000000044e-02
-1.443449999999999941e-02
-2.595959999999999934e-02
-3.128410000000000218e-02
-2.102719999999999936e-02
6.994130000000000312e-03
2.740830000000000002e-02
3.432879999999999959e-02
3.412060000000000093e-02
3.779450000000000170e-02
5.681739999999999707e-02
7.486410000000000287e-02
7.457120000000000415e-02
5.323880000000000279e-02
2.574349999999999902e-02
-7.071029999999999850e-03
-3.341369999999999757e-02
-3.715620000000000034e-02
-2.662379999999999955e-02
-1.415950000000000021e-02
-4.053519999999999693e-03
2.844109999999999846e-04
-7.722719999999999758e-03
-3.030050000000000104e-02
-4.923389999999999711e-02
-5.605480000000000185e-02
-6.000939999999999747e-02
-6.614689999999999459e-02
-7.448040000000000216e-02
-7.972229999999999595e-02
-8.771009999999999918e-02
-9.575490000000000390e-02
-9.768290000000000306e-02
-8.811030000000000251e-02
-6.601110000000000311e-02
-5.376100000000000323e-02
-4.956580000000000014e-02
-5.163449999999999984e-02
-5.591560000000000280e-02
-5.917250000000000287e-02
-6.471939999999999638e-02
-6.255510000000000237e-02
-3.720919999999999783e-02
-2.964860000000000152e-03
1.352229999999999925e-02
2.264000000000000040e-02
3.684540000000000037e-02
5.985549999999999898e-02
8.688229999999999564e-02
1.271639999999999993e-01
1.511290000000000133e-01
1.481459999999999999e-01
1.117569999999999952e-01
6.266810000000000436e-02
3.457620000000000138e-02
2.904870000000000022e-02
2.875180000000000097e-02
1.887809999999999835e-02
1.092500000000000068e-02
2.355360000000000092e-02
5.578450000000000075e-02
7.280820000000000347e-02
8.732779999999999709e-02
9.775409999999999655e-02
9.202369999999999994e-02
7.023329999999999851e-02
4.491989999999999872e-02
2.385479999999999892e-02
1.116589999999999944e-02
1.121169999999999979e-02
2.312830000000000094e-02
3.360160000000000230e-02
4.491230000000000222e-02
3.472549999999999942e-02
-1.290150000000000107e-04
-2.956419999999999881e-02
-5.291010000000000157e-02
-7.226570000000000216e-02
-9.843789999999999485e-02
-1.116520000000000012e-01
-1.024169999999999942e-01
-5.208419999999999717e-02
6.520830000000000029e-03
3.782660000000000189e-02
3.766950000000000159e-02
-2.042260000000000061e-04
-3.808910000000000073e-02
-5.041179999999999967e-02
-4.319640000000000285e-02
-3.129200000000000037e-02
-2.535569999999999838e-02
-3.144509999999999666e-02
-4.204709999999999698e-02
-6.267559999999999798e-02
-8.885600000000000442e-02
-1.131700000000000067e-01
-1.246659999999999990e-01
-1.212769999999999959e-01
-1.046480000000000049e-01
-9.082690000000000208e-02
-7.978949999999999931e-02
-6.810650000000000037e-02
-5.586239999999999956e-02
-3.122130000000000044e-02
-9.639190000000000605e-03
-2.501269999999999882e-03
-6.583349999999999966e-03
-9.939190000000000524e-03
-8.908009999999999193e-03
8.532939999999999275e-03
4.022740000000000343e-02
7.435250000000000192e-02
9.860090000000000521e-02
9.858759999999999746e-02
5.665839999999999765e-02
1.399790000000000062e-02
-2.635259999999999946e-03
2.140350000000000065e-03
2.215879999999999933e-02
3.217520000000000102e-02
4.181209999999999788e-02
4.367979999999999779e-02
4.889399999999999996e-02
6.875639999999999530e-02
8.992039999999999755e-02
1.052170000000000050e-01
1.078120000000000051e-01
1.017610000000000042e-01
9.180530000000000634e-02
8.186129999999999796e-02
7.934900000000000286e-02
6.617259999999999809e-02
1.948110000000000119e-02
-2.885770000000000002e-02
-5.734630000000000283e-02
-5.484119999999999967e-02
-2.596400000000000097e-02
5.733499999999999881e-03
2.461170000000000024e-02
2.655990000000000087e-02
1.650160000000000168e-02
3.305569999999999863e-04
-8.076279999999999917e-03
-1.794679999999999886e-02
-2.593849999999999975e-02
-3.457690000000000069e-02
-4.131699999999999956e-02
-2.820490000000000150e-02
-1.774989999999999901e-02
-2.677790000000000031e-02
-5.266549999999999704e-02
-8.534429999999999794e-02
-1.180839999999999945e-01
-1.508349999999999969e-01
-1.712680000000000036e-01
-1.779270000000000018e-01
-1.629659999999999997e-01
-1.133090000000000069e-01
-5.497670000000000334e-02
4.209669999999999965e-05
5.034750000000000336e-02
7.651460000000000206e-02
6.358919999999999850e-02
6.068350000000000133e-03
-5.284479999999999733e-02
-9.379569999999999574e-02
-1.139109999999999984e-01
-1.191030000000000005e-01
-1.085639999999999938e-01
-9.473399999999999876e-02
-9.332840000000000580e-02
-8.661059999999999592e-02
-5.794959999999999695e-02
-1.305740000000000026e-02
2.131569999999999993e-02
3.920749999999999930e-02
4.328150000000000053e-02
4.268990000000000284e-02
2.928609999999999894e-02
1.898820000000000022e-02
1.991439999999999877e-02
2.334879999999999942e-02
3.086420000000000136e-02
5.446610000000000340e-02
7.992530000000000467e-02
9.216330000000000355e-02
8.852300000000000446e-02
8.218069999999999542e-02
8.105880000000000030e-02
7.726239999999999497e-02
1.000110000000000027e-01
1.130810000000000010e-01
1.162450000000000011e-01
1.260169999999999901e-01
1.317639999999999922e-01
1.244809999999999944e-01
9.400709999999999622e-02
5.532669999999999949e-02
2.368639999999999982e-02
-2.109329999999999972e-03
-2.932589999999999850e-02
-5.402210000000000345e-02
-8.110399999999999554e-02
-1.170000000000000068e-01
-1.485209999999999864e-01
-1.603169999999999873e-01
-1.504500000000000004e-01
-1.045269999999999949e-01
-4.757820000000000105e-02
-1.955880000000000118e-02
-2.305420000000000039e-02
-5.905300000000000132e-02
-1.106020000000000059e-01
-1.552439999999999931e-01
-1.923769999999999925e-01
-2.230439999999999923e-01
-2.465980000000000116e-01
-2.552690000000000237e-01
-2.145499999999999907e-01
-1.354249999999999898e-01
-4.039949999999999791e-02
5.379869999999999791e-02
1.236310000000000048e-01
1.697829999999999895e-01
1.880130000000000134e-01
1.793740000000000057e-01
1.569820000000000104e-01
1.322699999999999987e-01
1.109220000000000067e-01
1.042509999999999964e-01
1.163980000000000015e-01
1.443959999999999966e-01
1.717589999999999950e-01
1.898450000000000137e-01
1.944379999999999997e-01
1.865090000000000081e-01
1.705409999999999981e-01
1.605600000000000083e-01
1.446260000000000046e-01
1.188120000000000009e-01
9.512489999999999835e-02
6.965159999999999407e-02
5.227500000000000202e-02
4.486679999999999835e-02
4.027490000000000236e-02
3.833700000000000302e-02
3.169899999999999801e-02
1.910819999999999880e-02
1.026809999999999962e-03
-1.181689999999999997e-02
-1.973810000000000148e-02
-3.139249999999999680e-02
-3.781120000000000314e-02
-3.696750000000000036e-02
-2.875839999999999994e-02
-2.511999999999999997e-02
-1.806759999999999963e-02
-1.500950000000000027e-02
-2.380780000000000049e-02
-3.718810000000000171e-02
-3.642900000000000305e-02
-8.519670000000000021e-03
2.309740000000000057e-02
3.726030000000000314e-02
3.890360000000000346e-02
4.152820000000000122e-02
3.946179999999999827e-02
3.023100000000000093e-02
2.284939999999999888e-02
2.160000000000000114e-02
2.297309999999999977e-02
1.705620000000000053e-02
7.515319999999999813e-03
6.376139999999999759e-03
1.051550000000000054e-02
1.045240000000000058e-02
-3.690790000000000216e-03
-3.010760000000000172e-02
-5.258009999999999767e-02
-7.210070000000000368e-02
-9.019230000000000302e-02
-1.073159999999999947e-01
-1.288779999999999926e-01
-1.462299999999999989e-01
-1.519330000000000125e-01
-1.509340000000000126e-01
-1.464139999999999886e-01
-1.436240000000000017e-01
-1.257459999999999967e-01
-8.744589999999999308e-02
-4.302879999999999899e-02
-8.801549999999999999e-03
6.155909999999999681e-03
-6.432340000000000150e-04
-2.620120000000000088e-02
-3.752300000000000080e-02
-4.145189999999999986e-02
-2.410150000000000139e-02
1.865299999999999944e-02
7.037839999999999374e-02
1.172239999999999949e-01
1.604009999999999880e-01
1.978570000000000051e-01
2.140569999999999973e-01
2.109900000000000109e-01
1.868809999999999916e-01
1.516629999999999923e-01
1.214559999999999945e-01
1.007129999999999970e-01
8.558649999999999591e-02
6.639330000000000231e-02
3.948800000000000227e-02
4.924450000000000355e-03
-3.309689999999999854e-02
-6.946479999999999322e-02
-1.017590000000000022e-01
-1.211929999999999952e-01
-1.294490000000000085e-01
-1.318360000000000087e-01
-1.438929999999999931e-01
-1.590949999999999864e-01
-1.652770000000000072e-01
-1.688709999999999933e-01
-1.734239999999999948e-01
-1.753750000000000031e-01
-1.716239999999999988e-01
-1.562369999999999870e-01
-1.253690000000000082e-01
-9.568500000000000616e-02
-6.621090000000000308e-02
-3.365839999999999804e-02
1.397199999999999918e-03
3.242790000000000256e-02
6.079330000000000150e-02
7.815489999999999937e-02
7.906499999999999639e-02
8.008210000000000328e-02
8.665019999999999667e-02
9.995120000000000393e-02
1.103390000000000065e-01
1.120710000000000039e-01
1.060159999999999991e-01
8.670129999999999504e-02
6.463280000000000414e-02
4.944420000000000065e-02
4.095399999999999735e-02
2.689249999999999974e-02
9.314040000000000860e-03
-6.345779999999999650e-03
-2.040830000000000075e-02
-3.234610000000000263e-02
-5.072519999999999807e-02
-6.496419999999999972e-02
-8.447759999999999991e-02
-1.030930000000000041e-01
-1.114570000000000005e-01
-1.186090000000000061e-01
-1.224670000000000064e-01
-1.236310000000000048e-01
-1.104699999999999988e-01
-7.430130000000000068e-02
-2.852549999999999877e-02
1.634760000000000033e-02
4.776790000000000203e-02
5.879439999999999666e-02
6.051739999999999897e-02
6.480579999999999674e-02
7.990809999999999580e-02
9.849180000000000434e-02
1.186549999999999966e-01
1.373939999999999884e-01
1.448750000000000038e-01
1.429459999999999897e-01
1.353139999999999898e-01
1.316579999999999973e-01
1.331809999999999938e-01
1.365820000000000090e-01
1.362480000000000080e-01
1.298610000000000042e-01
1.099880000000000024e-01
7.230340000000000378e-02
2.804900000000000101e-02
-7.595679999999999620e-03
-2.352169999999999955e-02
-2.283900000000000166e-02
-6.705410000000000190e-03
1.645699999999999941e-02
2.639820000000000014e-02
2.247559999999999836e-02
1.317450000000000045e-02
4.107999999999999673e-03
-5.700030000000000027e-03
-1.315999999999999982e-02
-1.677560000000000162e-02
-1.850829999999999836e-02
-1.508999999999999925e-02
-9.397110000000000185e-03
3.421519999999999943e-03
1.903900000000000037e-02
3.491360000000000297e-02
4.632359999999999950e-02
4.819659999999999916e-02
4.392309999999999964e-02
3.701290000000000135e-02
2.557390000000000010e-02
8.305609999999999729e-03
-1.123120000000000021e-02
-3.397889999999999938e-02
-5.276600000000000040e-02
-6.861440000000000594e-02
-8.173239999999999672e-02
-9.305510000000000170e-02
-1.001540000000000069e-01
-1.025299999999999961e-01
-1.016859999999999986e-01
-9.068130000000000634e-02
-7.613269999999999760e-02
-6.291430000000000633e-02
-5.230800000000000033e-02
-4.429149999999999754e-02
-3.604340000000000321e-02
-2.618989999999999860e-02
-1.641499999999999904e-02
-1.423390000000000072e-02
-1.569620000000000043e-02
-1.033380000000000062e-02
-1.349299999999999892e-03
5.658419999999999943e-03
9.069620000000000459e-03
1.054079999999999948e-02
1.266879999999999916e-02
1.460410000000000007e-02
1.545099999999999946e-02
1.488830000000000015e-02
7.606860000000000011e-03
-7.749930000000000360e-03
-2.024259999999999948e-02
-2.401719999999999897e-02
-1.625269999999999840e-02
-7.370190000000000421e-03
-2.817590000000000025e-03
-2.258299999999999978e-03
-3.314679999999999970e-03
-3.821279999999999816e-03
-6.725909999999999875e-03
-1.770079999999999917e-02
-3.990989999999999815e-02
-6.034830000000000055e-02
-6.929539999999999311e-02
-6.910030000000000339e-02
-6.561870000000000203e-02
-6.124450000000000033e-02
-5.455399999999999833e-02
-5.336130000000000040e-02
-5.127609999999999807e-02
-4.178769999999999707e-02
-2.491650000000000115e-02
-3.431920000000000196e-03
1.338109999999999994e-02
2.680460000000000134e-02
3.288930000000000325e-02
3.899129999999999957e-02
4.616730000000000139e-02
5.272430000000000172e-02
5.680260000000000170e-02
5.348789999999999795e-02
4.019459999999999700e-02
2.203690000000000163e-02
6.035549999999999769e-03
-8.298150000000000664e-03
-1.715749999999999914e-02
-2.751419999999999907e-02
-3.948759999999999770e-02
-5.134989999999999694e-02
-6.602320000000000411e-02
-7.822719999999999674e-02
-8.626230000000000009e-02
-8.719730000000000536e-02
-7.306279999999999719e-02
-5.563579999999999914e-02
-4.590759999999999980e-02
-4.088680000000000092e-02
-3.837519999999999820e-02
-3.408470000000000250e-02
-2.580500000000000155e-02
-1.391140000000000085e-02
-3.033769999999999870e-03
5.216359999999999747e-03
9.825099999999999806e-03
1.262130000000000023e-02
2.305120000000000086e-02
4.411349999999999993e-02
5.974240000000000106e-02
6.511200000000000321e-02
6.386189999999999922e-02
5.663449999999999734e-02
5.082600000000000312e-02
4.721150000000000346e-02
4.228939999999999783e-02
3.560780000000000195e-02
3.258280000000000204e-02
3.383780000000000121e-02
3.920950000000000130e-02
4.226280000000000314e-02
3.556789999999999952e-02
2.256839999999999888e-02
1.102039999999999964e-02
6.574560000000000126e-03
1.244810000000000014e-02
2.128680000000000155e-02
2.298649999999999999e-02
1.732490000000000072e-02
8.933760000000000659e-03
-4.274009999999999962e-04
-1.060460000000000048e-02
-2.165689999999999976e-02
-3.038669999999999913e-02
-3.304739999999999761e-02
-3.054089999999999930e-02
-2.551290000000000155e-02
-2.171609999999999860e-02
-2.152700000000000100e-02
-2.339719999999999994e-02
-2.393640000000000004e-02
-2.360349999999999948e-02
-2.276569999999999983e-02
-2.380969999999999961e-02
-2.287089999999999956e-02
-1.163319999999999979e-02
8.897800000000000847e-03
2.703180000000000166e-02
3.630400000000000293e-02
4.640550000000000230e-02
5.768500000000000016e-02
6.409410000000000107e-02
6.536440000000000305e-02
5.961709999999999926e-02
5.154319999999999735e-02
4.466780000000000056e-02
4.054540000000000227e-02
3.994609999999999828e-02
3.746080000000000243e-02
3.458780000000000188e-02
3.147930000000000172e-02
2.874200000000000019e-02
2.684119999999999909e-02
2.248620000000000133e-02
1.636249999999999857e-02
5.858999999999999625e-03
-6.489710000000000097e-03
-1.703609999999999847e-02
-2.980709999999999957e-02
-3.872860000000000191e-02
-4.580080000000000262e-02
-5.389510000000000134e-02
-5.959339999999999776e-02
-6.373009999999999786e-02
-6.552800000000000291e-02
-6.567639999999999589e-02
-6.713049999999999573e-02
-7.036349999999999549e-02
-7.455019999999999702e-02
-7.798710000000000364e-02
-7.574780000000000402e-02
-6.296680000000000332e-02
-3.402279999999999888e-02
-6.714939999999999971e-03
5.444919999999999795e-03
4.282560000000000359e-03
-3.207890000000000134e-03
-6.198089999999999850e-03
-4.061770000000000137e-03
2.058669999999999858e-03
1.239379999999999996e-02
1.968920000000000045e-02
2.958780000000000091e-02
4.532680000000000042e-02
6.761929999999999330e-02
9.322890000000000343e-02
1.024840000000000056e-01
1.027480000000000060e-01
1.017119999999999969e-01
9.706589999999999663e-02
8.095750000000000168e-02
5.383509999999999684e-02
2.850489999999999968e-02
1.187419999999999969e-02
4.888710000000000104e-03
1.614689999999999875e-02
3.838950000000000001e-02
4.929469999999999685e-02
4.369030000000000136e-02
3.172110000000000207e-02
2.110019999999999951e-02
1.633420000000000011e-02
1.678139999999999840e-02
1.385860000000000043e-02
1.305429999999999958e-02
1.415630000000000013e-02
1.937820000000000167e-02
2.586070000000000035e-02
2.700460000000000013e-02
1.829319999999999904e-02
6.168940000000000361e-03
1.604900000000000033e-03
1.450319999999999951e-03
4.701519999999999831e-03
1.242129999999999970e-02
1.845919999999999853e-02
2.028440000000000104e-02
1.937710000000000127e-02
1.428770000000000040e-02
8.893430000000000779e-03
8.715389999999999943e-03
1.010819999999999948e-02
5.079000000000000181e-03
-3.297800000000000037e-03
-8.837970000000000548e-03
-9.816709999999999325e-03
-1.272629999999999942e-02
-1.884279999999999983e-02
-2.284889999999999838e-02
-2.452529999999999988e-02
-2.889450000000000005e-02
-3.266600000000000059e-02
-3.201989999999999698e-02
-2.855550000000000102e-02
-2.754010000000000138e-02
-3.157270000000000215e-02
-3.447109999999999758e-02
-3.442669999999999758e-02
-3.255870000000000292e-02
-3.025809999999999958e-02
-2.591040000000000010e-02
-2.386169999999999958e-02
-2.066250000000000031e-02
-1.414020000000000034e-02
-9.217190000000000105e-03
-7.660199999999999822e-03
-1.173970000000000048e-02
-1.621699999999999878e-02
-2.093510000000000162e-02
-2.034810000000000091e-02
-1.649919999999999859e-02
-1.012270000000000010e-02
-2.305950000000000187e-03
3.711509999999999896e-03
3.761969999999999897e-03
-5.782709999999999934e-03
-1.561710000000000008e-02
-2.461299999999999946e-02
-3.115479999999999985e-02
-3.264249999999999791e-02
-2.988290000000000043e-02
-1.974980000000000138e-02
-6.586179999999999639e-03
3.557190000000000005e-03
1.077320000000000014e-02
1.246580000000000084e-02
8.363850000000000798e-03
-2.691450000000000179e-03
-1.501560000000000047e-02
-2.494889999999999955e-02
-2.766369999999999940e-02
-2.273659999999999917e-02
-9.338410000000000113e-03
7.564490000000000103e-03
1.785979999999999859e-02
2.200049999999999922e-02
1.821470000000000034e-02
7.355289999999999571e-03
-1.200990000000000044e-02
-2.945860000000000145e-02
-4.238759999999999750e-02
-4.946799999999999808e-02
-4.574450000000000044e-02
-3.684250000000000025e-02
-2.756300000000000069e-02
-2.326119999999999924e-02
-1.813930000000000056e-02
-1.172300000000000078e-02
-7.140689999999999885e-03
-3.531240000000000160e-04
4.616809999999999838e-03
6.541009999999999880e-03
3.559019999999999979e-03
1.686790000000000078e-03
8.457020000000000856e-03
1.728870000000000060e-02
2.307769999999999960e-02
2.030780000000000085e-02
7.145219999999999870e-03
-5.960270000000000151e-03
-1.616690000000000141e-02
-1.986999999999999877e-02
-1.422080000000000045e-02
-5.613540000000000196e-03
-7.547270000000000671e-05
8.042589999999999852e-04
3.212709999999999806e-04
6.920220000000000364e-04
1.457940000000000071e-04
2.034310000000000111e-03
5.874080000000000273e-03
6.467190000000000265e-03
4.633720000000000026e-03
8.877569999999999776e-04
-4.856899999999999933e-04
9.540220000000000080e-04
6.438039999999999909e-03
1.304409999999999945e-02
1.780280000000000057e-02
1.858570000000000014e-02
1.331479999999999990e-02
9.500500000000000264e-03
1.447550000000000052e-02
2.285229999999999900e-02
2.904819999999999972e-02
2.584799999999999945e-02
1.597689999999999874e-02
1.017260000000000039e-02
1.270879999999999926e-02
2.235240000000000143e-02
2.849729999999999971e-02
2.710660000000000153e-02
2.299340000000000064e-02
2.163730000000000167e-02
2.268840000000000093e-02
2.333959999999999854e-02
2.102269999999999833e-02
2.121899999999999828e-02
2.603089999999999918e-02
3.053470000000000142e-02
3.281080000000000108e-02
3.290610000000000063e-02
2.692330000000000070e-02
1.463689999999999956e-02
4.038550000000000126e-03
-2.137050000000000147e-03
-5.934019999999999920e-03
-6.487380000000000056e-03
-5.804509999999999705e-03
-1.353749999999999919e-03
2.821600000000000063e-03
4.493879999999999576e-03
4.265889999999999613e-03
9.513850000000000128e-04
1.603590000000000007e-04
-2.236860000000000129e-04
3.306679999999999993e-04
1.802200000000000126e-05
-2.830340000000000199e-03
-7.853350000000000261e-03
-8.846339999999999412e-03
-7.408660000000000072e-03
-3.711879999999999975e-04
7.751570000000000162e-03
9.097440000000000040e-03
9.805809999999999874e-03
9.115770000000000470e-03
6.806979999999999802e-03
1.960429999999999985e-03
-5.097469999999999779e-03
-1.346709999999999921e-02
-1.848910000000000137e-02
-2.324379999999999849e-02
-2.436939999999999940e-02
-1.965859999999999830e-02
-1.142360000000000077e-02
-1.779030000000000021e-03
7.062829999999999976e-03
1.393609999999999988e-02
9.569950000000000678e-03
-3.528400000000000113e-03
-1.657269999999999924e-02
-2.322460000000000149e-02
-2.973680000000000073e-02
-3.301670000000000299e-02
-2.872709999999999847e-02
-2.083789999999999948e-02
-1.089339999999999926e-02
-4.934110000000000232e-03
-1.411560000000000072e-03
-1.905769999999999990e-03
-2.204150000000000206e-03
-2.814640000000000197e-03
-5.488589999999999788e-03
-8.011580000000000784e-03
-1.021230000000000054e-02
-1.090739999999999939e-02
-1.007259999999999926e-02
-5.334170000000000057e-03
2.158220000000000190e-03
2.718690000000000169e-03
-4.267830000000000235e-03
-1.302099999999999959e-02
-1.710760000000000058e-02
-1.246410000000000053e-02
-2.955179999999999960e-03
6.050879999999999800e-03
1.131360000000000005e-02
1.508190000000000051e-02
1.618810000000000041e-02
1.514609999999999915e-02
1.581369999999999998e-02
1.299389999999999920e-02
5.163809999999999581e-03
-3.235410000000000195e-03
-7.302679999999999762e-03
-5.400920000000000026e-03
-7.155809999999999645e-04
3.133359999999999965e-03
4.424140000000000017e-03
2.857900000000000024e-03
2.165799999999999843e-03
4.375600000000000322e-03
5.419539999999999601e-03
8.445340000000000832e-03
1.038080000000000079e-02
1.124310000000000066e-02
1.081829999999999944e-02
1.037500000000000054e-02
1.247569999999999929e-02
1.209569999999999916e-02
9.657380000000000131e-03
1.049530000000000081e-02
1.114850000000000042e-02
1.053809999999999990e-02
1.023459999999999995e-02
1.137439999999999979e-02
1.359340000000000027e-02
1.510949999999999967e-02
1.542929999999999996e-02
1.360899999999999957e-02
1.568519999999999984e-02
1.642520000000000091e-02
1.476509999999999975e-02
1.384349999999999990e-02
1.004339999999999920e-02
-3.866140000000000223e-04
-1.388479999999999923e-02
-2.282769999999999938e-02
-2.936439999999999884e-02
-3.538299999999999779e-02
-4.288159999999999888e-02
-4.498939999999999884e-02
-4.033370000000000011e-02
-3.438150000000000234e-02
-2.959219999999999906e-02
-2.586559999999999901e-02
-2.310200000000000101e-02
-1.986809999999999965e-02
-1.584889999999999910e-02
-1.253540000000000036e-02
-7.570640000000000008e-03
-5.403450000000000180e-04
4.536649999999999711e-03
4.454490000000000186e-03
3.769509999999999788e-03
3.984170000000000419e-03
6.002190000000000129e-03
9.578760000000000399e-03
1.162129999999999934e-02
9.087009999999999532e-03
2.875669999999999876e-03
4.460130000000000274e-05
-4.312860000000000174e-04
1.252169999999999932e-03
4.203479999999999890e-03
5.313690000000000253e-03
7.630559999999999773e-03
1.135910000000000045e-02
1.441339999999999982e-02
1.596389999999999962e-02
1.075399999999999967e-02
1.358819999999999950e-03
-7.334910000000000041e-03
-1.013069999999999943e-02
-2.123519999999999835e-03
9.385779999999999818e-03
2.082919999999999910e-02
2.427469999999999975e-02
2.026470000000000007e-02
1.386710000000000026e-02
6.993759999999999907e-03
3.065220000000000011e-03
-1.432279999999999968e-03
-4.787289999999999601e-03
-6.528739999999999891e-03
-5.607919999999999745e-03
-1.847290000000000130e-04
6.960000000000000041e-03
1.139429999999999957e-02
8.479540000000000688e-03
4.305179999999999597e-03
3.737620000000000092e-03
1.571200000000000027e-03
4.125099999999999926e-04
-6.223990000000000425e-04
-9.606350000000000479e-04
8.151430000000000524e-04
-1.653230000000000107e-03
-5.773930000000000035e-03
-8.282519999999999813e-03
-1.140399999999999921e-02
-1.438200000000000069e-02
-1.853990000000000152e-02
-2.174680000000000016e-02
-2.247479999999999964e-02
-2.406130000000000074e-02
-2.305770000000000042e-02
-2.171970000000000151e-02
-2.056819999999999829e-02
-1.708420000000000077e-02
-1.413679999999999971e-02
-1.124110000000000040e-02
-1.123249999999999943e-02
-1.209870000000000043e-02
-1.408500000000000030e-02
-1.759070000000000078e-02
-1.905890000000000015e-02
-1.971720000000000070e-02
-1.882870000000000030e-02
-1.722889999999999838e-02
-1.432300000000000066e-02
-7.121309999999999620e-03
4.067059999999999946e-03
1.502859999999999960e-02
2.027599999999999889e-02
2.159120000000000136e-02
2.031399999999999872e-02
1.684280000000000152e-02
1.266920000000000025e-02
1.122030000000000076e-02
1.148180000000000034e-02
1.061070000000000069e-02
6.440369999999999949e-03
8.779070000000000363e-04
-1.661979999999999968e-03
4.204440000000000152e-04
4.595540000000000389e-03
1.076500000000000026e-02
1.697059999999999888e-02
1.973099999999999854e-02
2.198179999999999926e-02
2.468240000000000017e-02
2.394980000000000026e-02
2.043560000000000168e-02
1.345299999999999968e-02
6.047819999999999759e-03
2.785440000000000138e-03
6.367279999999999793e-05
-5.797590000000000035e-04
1.765570000000000106e-04
1.551359999999999892e-03
1.479410000000000013e-03
1.533630000000000019e-03
1.995629999999999973e-03
4.553249999999999816e-05
-4.510459999999999990e-03
-8.739989999999999565e-03
-1.100379999999999935e-02
-1.214469999999999959e-02
-1.309070000000000025e-02
-1.330319999999999940e-02
-1.136500000000000010e-02
-7.616000000000000374e-03
-3.179350000000000058e-03
4.423580000000000090e-04
8.260480000000000166e-04
-5.783270000000000077e-04
-1.853569999999999914e-03
-2.778810000000000047e-03
-4.053489999999999871e-03
-7.240599999999999814e-03
-1.281209999999999988e-02
-1.838209999999999844e-02
-2.023449999999999901e-02
-1.912099999999999911e-02
-1.634069999999999967e-02
-1.325669999999999973e-02
-8.463969999999999480e-03
-2.410369999999999787e-03
3.323759999999999822e-03
7.125049999999999960e-03
8.247519999999999504e-03
7.889949999999999741e-03
6.290040000000000214e-03
3.796750000000000212e-03
1.540630000000000081e-03
-2.222229999999999952e-03
-6.325609999999999740e-03
-8.391239999999999463e-03
-8.350180000000000449e-03
-6.331350000000000346e-03
-2.903049999999999901e-03
1.843779999999999942e-03
5.603359999999999938e-03
8.280809999999999560e-03
9.351210000000000425e-03
8.549879999999999286e-03
5.264139999999999618e-03
9.728949999999999881e-04
-1.031720000000000076e-03
-9.212340000000000502e-04
-8.179669999999999563e-04
-1.611489999999999928e-03
-2.342789999999999977e-03
-2.494720000000000184e-03
-2.014820000000000066e-03
-7.138259999999999788e-04
2.068650000000000003e-03
4.711810000000000304e-03
6.734669999999999893e-03
8.109560000000000032e-03
9.580280000000000046e-03
1.120449999999999918e-02
1.239879999999999975e-02
1.301259999999999917e-02
1.246489999999999924e-02
1.196219999999999922e-02
1.128889999999999928e-02
1.057420000000000061e-02
9.813000000000000542e-03
8.642030000000000198e-03
7.108449999999999665e-03
5.450280000000000055e-03
4.039929999999999737e-03
3.522120000000000112e-03
3.034010000000000179e-03
2.105049999999999803e-03
1.057240000000000089e-03
-1.602479999999999877e-04
-1.192600000000000040e-03
-1.866770000000000018e-03
-2.219590000000000018e-03
-2.449869999999999826e-03
-2.279349999999999866e-03
-2.144899999999999932e-03
-2.539109999999999805e-03
-3.021260000000000005e-03
-3.208649999999999957e-03
-3.388340000000000102e-03
-3.770519999999999861e-03
-4.342900000000000232e-03
-4.453280000000000433e-03
-4.009200000000000090e-03
-3.134669999999999991e-03
-2.213709999999999810e-03
-1.532160000000000076e-03
-1.051669999999999992e-03
-7.109170000000000376e-04
-2.661869999999999774e-04
4.001270000000000130e-04
1.097080000000000060e-03
1.471740000000000027e-03
1.647419999999999917e-03
1.678959999999999958e-03
1.683639999999999920e-03
1.689989999999999938e-03
1.574499999999999945e-03
1.345639999999999944e-03
1.199119999999999917e-03
1.180520000000000007e-03
1.340550000000000032e-03
1.593969999999999892e-03
1.607539999999999967e-03
1.509329999999999916e-03
1.244609999999999944e-03
8.184260000000000276e-04
4.453279999999999890e-04
9.094670000000000120e-05
-1.937010000000000077e-04
-5.070129999999999516e-04
-7.561090000000000345e-04
-8.880649999999999482e-04
-9.653249999999999505e-04
-1.012209999999999933e-03
-1.048340000000000036e-03
-1.044369999999999977e-03
-1.033779999999999985e-03
-1.007709999999999986e-03
-9.676199999999999819e-04
-9.231649999999999882e-04
-8.707469999999999490e-04
-8.178769999999999487e-04
-7.486629999999999978e-04
-6.629820000000000027e-04
-5.605490000000000299e-04
-4.372390000000000196e-04
-2.951040000000000260e-04
-1.359280000000000037e-04
