3.493050000000000039e-05
2.199539999999999951e-05
3.999719999999999713e-05
2.603800000000000041e-05
4.257479999999999766e-05
1.980729999999999923e-05
2.151520000000000027e-05
4.332769999999999853e-06
1.894679999999999959e-05
1.853340000000000114e-05
6.869610000000000115e-05
6.613520000000000336e-05
6.218939999999999787e-05
1.942150000000000031e-05
3.279890000000000203e-05
-2.374009999999999993e-05
-3.927640000000000227e-05
-4.810910000000000327e-05
-4.391299999999999783e-05
-6.646059999999999858e-05
-1.368080000000000088e-04
-2.098109999999999873e-04
-2.033229999999999912e-04
-1.368560000000000056e-04
6.586449999999999933e-05
4.863440000000000314e-05
1.575640000000000113e-04
2.467670000000000041e-04
2.353350000000000092e-04
2.415370000000000017e-04
1.327289999999999959e-04
-9.984719999999999162e-06
3.588759999999999840e-05
2.400710000000000127e-04
3.091650000000000257e-04
3.671510000000000225e-04
6.289569999999999753e-04
4.135799999999999806e-04
-1.426210000000000021e-05
-4.520319999999999980e-04
-7.679730000000000280e-04
-8.709580000000000186e-04
-6.122280000000000343e-04
-1.415490000000000097e-04
6.499490000000000345e-04
1.000849999999999960e-03
1.398719999999999998e-03
1.928650000000000069e-03
1.689219999999999958e-03
1.026320000000000053e-03
4.282539999999999828e-04
1.234540000000000008e-04
-1.052619999999999988e-03
-2.678659999999999809e-03
-4.128910000000000392e-03
-5.261469999999999862e-03
-5.531430000000000374e-03
-5.317409999999999845e-03
-3.936310000000000156e-03
-2.344479999999999915e-03
-1.596130000000000075e-03
-7.070270000000000461e-04
-2.179569999999999869e-04
8.837930000000000135e-04
1.842120000000000042e-03
3.133550000000000137e-03
5.142390000000000155e-03
7.734429999999999604e-03
9.205019999999999522e-03
9.088380000000000070e-03
8.147569999999999812e-03
6.148380000000000165e-03
2.263030000000000076e-03
-2.125989999999999911e-03
-4.076859999999999859e-03
-4.141009999999999656e-03
-4.305230000000000168e-03
-3.944829999999999864e-03
-3.155550000000000022e-03
-3.195910000000000157e-03
-4.805929999999999924e-03
-5.948379999999999640e-03
-6.458389999999999617e-03
-6.801699999999999934e-03
-5.846679999999999933e-03
-4.245099999999999915e-03
-6.211780000000000079e-04
3.012390000000000206e-03
5.844120000000000391e-03
9.233089999999999353e-03
1.111350000000000011e-02
1.163819999999999959e-02
1.196280000000000086e-02
1.026020000000000057e-02
5.777329999999999792e-03
-1.891300000000000056e-03
-1.014420000000000079e-02
-1.148970000000000026e-02
-7.443570000000000048e-03
-3.549259999999999828e-03
7.177760000000000477e-04
4.634150000000000075e-04
-3.805849999999999945e-03
-7.281600000000000052e-03
-9.222380000000000508e-03
-8.715449999999999586e-03
-7.589939999999999881e-03
-5.824760000000000007e-03
-3.838589999999999797e-03
-3.941449999999999988e-03
-5.387760000000000118e-03
-5.521510000000000307e-03
-5.463690000000000213e-03
-4.341099999999999647e-03
-2.910799999999999846e-03
2.764229999999999899e-03
1.069739999999999927e-02
1.809080000000000063e-02
2.659730000000000080e-02
2.861019999999999883e-02
2.682549999999999865e-02
2.657270000000000118e-02
2.568830000000000072e-02
2.133590000000000139e-02
1.660810000000000064e-02
8.326470000000000746e-03
-1.503439999999999985e-03
-1.088150000000000055e-02
-1.711419999999999955e-02
-1.967539999999999914e-02
-2.052189999999999917e-02
-2.058590000000000073e-02
-2.017630000000000118e-02
-2.174440000000000053e-02
-2.127959999999999921e-02
-2.247340000000000101e-02
-2.339420000000000041e-02
-2.155419999999999905e-02
-1.668170000000000069e-02
-3.079419999999999814e-03
1.585459999999999994e-02
2.656079999999999899e-02
2.689249999999999974e-02
2.201969999999999969e-02
1.692010000000000042e-02
1.058030000000000082e-02
6.010640000000000253e-03
-1.919539999999999962e-03
-8.315700000000000522e-03
-1.242680000000000000e-02
-1.263650000000000016e-02
-1.079229999999999946e-02
-8.618419999999999900e-03
-3.890439999999999784e-03
1.098959999999999954e-03
1.363639999999999948e-03
4.304030000000000356e-03
1.102629999999999930e-02
1.572820000000000121e-02
1.880379999999999899e-02
2.012399999999999953e-02
1.648569999999999897e-02
8.155829999999999330e-03
2.141310000000000002e-03
-3.468310000000000056e-03
-9.820090000000000069e-03
-1.251829999999999957e-02
-1.379209999999999985e-02
-1.073430000000000044e-02
-6.670109999999999928e-03
-1.531680000000000107e-03
4.287639999999999681e-03
7.197870000000000310e-03
9.182209999999999678e-03
1.017640000000000038e-02
6.271589999999999630e-03
1.007819999999999983e-03
-3.679169999999999836e-03
-6.699850000000000250e-03
-8.289829999999999768e-03
-8.274029999999999926e-03
-9.494010000000000643e-03
-1.325819999999999950e-02
-1.430380000000000019e-02
-1.343629999999999998e-02
-1.176289999999999975e-02
-8.604550000000000740e-03
-9.849729999999999250e-03
-9.258390000000000022e-03
-6.976539999999999825e-03
-5.129670000000000236e-04
7.954519999999999647e-03
1.719299999999999995e-02
2.254650000000000057e-02
2.385100000000000067e-02
2.173080000000000150e-02
1.711129999999999943e-02
1.403500000000000060e-02
1.141069999999999932e-02
8.284599999999999603e-03
5.354109999999999599e-03
3.345479999999999960e-04
-7.123370000000000396e-03
-1.191590000000000010e-02
-1.233429999999999943e-02
-1.189959999999999976e-02
-3.242880000000000068e-03
-1.546429999999999897e-03
-3.337199999999999802e-03
-2.526039999999999796e-03
-2.310959999999999924e-03
-2.288919999999999844e-03
-2.631899999999999951e-03
-3.803260000000000148e-03
-5.634970000000000430e-03
-7.683220000000000154e-03
-1.105289999999999918e-02
-8.141119999999999954e-03
-2.387039999999999995e-03
-6.227510000000000337e-03
-1.190130000000000007e-02
-1.679550000000000140e-02
-2.088030000000000094e-02
-1.918519999999999948e-02
-1.552839999999999950e-02
-1.087959999999999969e-02
-5.471209999999999789e-03
-1.614179999999999999e-03
7.937159999999999745e-04
1.477559999999999941e-03
1.429429999999999980e-03
1.491380000000000049e-03
2.624710000000000151e-03
4.989819999999999846e-03
8.852600000000000399e-03
1.409380000000000008e-02
2.202499999999999944e-02
2.910159999999999830e-02
3.210219999999999740e-02
3.265219999999999928e-02
2.993229999999999849e-02
2.298160000000000133e-02
1.269499999999999969e-02
5.863669999999999646e-03
-1.271489999999999903e-03
-8.908050000000000690e-03
-1.352719999999999964e-02
-1.647819999999999840e-02
-1.973039999999999863e-02
-1.958849999999999827e-02
-1.909160000000000024e-02
-1.645409999999999928e-02
-1.550170000000000020e-02
-1.890810000000000060e-02
-2.378159999999999996e-02
-2.400530000000000025e-02
-1.768760000000000124e-02
-1.375870000000000044e-02
-4.116579999999999892e-03
4.232780000000000223e-03
5.930890000000000294e-03
7.793659999999999997e-03
4.611800000000000101e-03
-5.633809999999999513e-04
-6.293140000000000019e-03
-1.480640000000000081e-02
-1.966769999999999977e-02
-1.942790000000000142e-02
-1.529739999999999919e-02
-8.883709999999999524e-03
-2.849659999999999953e-03
7.967119999999999844e-04
-1.881489999999999985e-03
-9.237739999999999493e-03
-1.718060000000000073e-02
-2.350520000000000040e-02
-2.561630000000000157e-02
-2.677540000000000128e-02
-2.312049999999999869e-02
-1.949209999999999832e-02
-1.665360000000000104e-02
-1.065830000000000076e-02
6.392550000000000315e-04
1.853159999999999877e-02
3.747919999999999724e-02
6.381130000000000135e-02
8.824289999999999912e-02
9.215230000000000643e-02
9.393029999999999435e-02
9.605080000000000562e-02
9.612460000000000448e-02
9.664040000000000130e-02
9.811140000000000139e-02
9.935199999999999587e-02
1.035419999999999952e-01
1.054039999999999977e-01
1.059100000000000041e-01
1.054019999999999957e-01
1.015680000000000055e-01
9.561479999999999979e-02
8.254630000000000301e-02
3.299559999999999993e-02
-6.463410000000000162e-03
-1.214480000000000073e-02
-1.636850000000000110e-02
-1.398639999999999953e-02
-7.386750000000000087e-03
2.068280000000000118e-02
9.702550000000000063e-02
1.454999999999999905e-01
1.412819999999999909e-01
1.393310000000000104e-01
1.368759999999999977e-01
1.267939999999999900e-01
1.020500000000000018e-01
5.041219999999999729e-02
3.752469999999999938e-04
-4.803249999999999881e-02
-8.229369999999999741e-02
-9.256949999999999901e-02
-1.010120000000000046e-01
-1.127289999999999959e-01
-1.317109999999999947e-01
-1.673099999999999865e-01
-2.052539999999999920e-01
-2.186549999999999883e-01
-2.141969999999999985e-01
-2.142169999999999908e-01
-2.111599999999999866e-01
-2.034169999999999867e-01
-1.932319999999999871e-01
-1.727259999999999907e-01
-1.105550000000000005e-01
9.070919999999999678e-03
1.337270000000000125e-01
1.857580000000000064e-01
2.227409999999999946e-01
2.584549999999999903e-01
2.181029999999999913e-01
1.091040000000000065e-01
1.492330000000000045e-02
-7.198069999999999469e-02
-1.355230000000000046e-01
-1.542640000000000122e-01
-1.574929999999999941e-01
-1.496419999999999972e-01
-1.335349999999999870e-01
-1.301029999999999964e-01
-1.265429999999999888e-01
-1.033349999999999963e-01
-1.388679999999999949e-02
7.875050000000000106e-02
1.434630000000000072e-01
1.747450000000000114e-01
1.533569999999999933e-01
1.047690000000000010e-01
1.021170000000000064e-02
-9.929280000000000050e-02
-2.005109999999999948e-01
-2.163640000000000008e-01
-1.792390000000000094e-01
-2.012990000000000057e-01
-2.226950000000000041e-01
-2.012909999999999977e-01
-1.850350000000000050e-01
-1.865320000000000034e-01
-1.969140000000000057e-01
-2.127610000000000057e-01
-2.209389999999999965e-01
-2.217310000000000114e-01
-2.154129999999999934e-01
-2.037909999999999999e-01
-1.808430000000000037e-01
-1.135130000000000028e-01
-4.768030000000000185e-02
1.372459999999999999e-02
7.536600000000000243e-02
1.377859999999999918e-01
1.618900000000000061e-01
1.556589999999999918e-01
1.527439999999999909e-01
1.394670000000000076e-01
1.173170000000000046e-01
9.413699999999999846e-02
8.066760000000000597e-02
7.815959999999999575e-02
8.099230000000000318e-02
9.384869999999999324e-02
1.127800000000000052e-01
1.303390000000000104e-01
1.434549999999999992e-01
1.545310000000000017e-01
1.585070000000000090e-01
1.565350000000000075e-01
1.517320000000000058e-01
1.445079999999999976e-01
1.355939999999999923e-01
1.259899999999999909e-01
1.203189999999999954e-01
9.845829999999999860e-02
4.366949999999999998e-02
-1.083950000000000018e-02
-6.730229999999999546e-02
-7.713860000000000161e-02
-5.227740000000000165e-02
-4.810949999999999949e-02
-4.908799999999999969e-02
-3.337299999999999989e-02
-1.191640000000000060e-02
1.396529999999999994e-02
5.947999999999999815e-02
8.044669999999999599e-02
4.805770000000000181e-02
1.302399999999999999e-03
-3.921970000000000317e-02
-7.881860000000000255e-02
-1.058840000000000059e-01
-1.158000000000000002e-01
-1.204579999999999956e-01
-1.228609999999999980e-01
-1.214279999999999943e-01
-1.180279999999999940e-01
-1.122429999999999956e-01
-1.018040000000000056e-01
-7.815130000000000687e-02
-5.895449999999999996e-02
-4.353699999999999931e-02
-2.769929999999999962e-02
-1.728060000000000013e-02
-1.149859999999999945e-02
-7.246990000000000029e-03
-1.346889999999999893e-03
6.246729999999999818e-03
1.840850000000000125e-02
3.519049999999999956e-02
6.564760000000000040e-02
1.015759999999999996e-01
1.308960000000000123e-01
1.500980000000000092e-01
1.651509999999999923e-01
1.805420000000000080e-01
1.897119999999999918e-01
1.943749999999999922e-01
1.942820000000000102e-01
1.911299999999999943e-01
1.836200000000000054e-01
1.727619999999999989e-01
1.608289999999999997e-01
1.368729999999999947e-01
8.496839999999999948e-02
3.429039999999999866e-02
1.656250000000000083e-02
5.539310000000000414e-03
-3.609350000000000058e-02
-6.380729999999999735e-02
-1.043869999999999937e-01
-1.719289999999999985e-01
-2.120950000000000057e-01
-2.120579999999999965e-01
-2.038099999999999912e-01
-1.960199999999999998e-01
-1.608410000000000117e-01
-9.352019999999999778e-02
-3.198970000000000286e-02
2.218149999999999983e-02
8.055869999999999698e-02
1.191200000000000037e-01
1.383840000000000070e-01
1.524770000000000014e-01
1.556510000000000116e-01
1.688290000000000068e-01
2.149280000000000079e-01
2.293040000000000078e-01
2.070420000000000038e-01
1.729930000000000079e-01
1.334789999999999865e-01
1.115889999999999938e-01
1.127189999999999998e-01
1.141599999999999976e-01
1.028239999999999987e-01
9.075500000000000234e-02
8.539069999999999994e-02
7.700220000000000675e-02
7.017679999999999751e-02
6.766179999999999417e-02
6.505189999999999584e-02
6.344640000000000002e-02
6.330560000000000354e-02
6.363190000000000512e-02
6.335079999999999878e-02
6.323349999999999804e-02
6.011869999999999714e-02
5.842930000000000346e-02
2.975660000000000110e-02
-2.181929999999999981e-02
-3.746569999999999762e-02
-3.700450000000000267e-02
-5.559769999999999990e-02
-7.755739999999999856e-02
-8.905870000000000453e-02
-1.108409999999999951e-01
-1.375730000000000008e-01
-1.509550000000000058e-01
-1.617570000000000119e-01
-1.426499999999999990e-01
-1.392019999999999924e-01
-1.609099999999999975e-01
-1.748830000000000107e-01
-1.961479999999999890e-01
-2.219839999999999869e-01
-2.395269999999999899e-01
-2.408750000000000058e-01
-2.345180000000000042e-01
-2.284960000000000047e-01
-2.174820000000000086e-01
-1.971590000000000009e-01
-1.606509999999999883e-01
-1.318610000000000060e-01
-1.160769999999999996e-01
-1.079009999999999969e-01
-1.088159999999999961e-01
-1.101420000000000038e-01
-1.070440000000000003e-01
-9.556430000000000480e-02
-8.991659999999999930e-02
-8.403280000000000471e-02
-7.566489999999999327e-02
-6.598710000000000686e-02
-5.644079999999999930e-02
-4.845069999999999932e-02
-3.584939999999999655e-02
-2.177779999999999994e-02
-9.678650000000000447e-03
2.587809999999999850e-03
1.693510000000000154e-02
4.010940000000000338e-02
7.171289999999999609e-02
9.259749999999999925e-02
9.717399999999999649e-02
9.543740000000000556e-02
9.010640000000000316e-02
9.193750000000000533e-02
1.044680000000000053e-01
1.144059999999999938e-01
1.198879999999999946e-01
1.235379999999999950e-01
1.257699999999999929e-01
1.306289999999999951e-01
1.371809999999999974e-01
1.499139999999999917e-01
1.624970000000000026e-01
1.692889999999999950e-01
1.729090000000000071e-01
1.745410000000000017e-01
1.722609999999999975e-01
1.676850000000000007e-01
1.609369999999999967e-01
1.514629999999999865e-01
1.389980000000000104e-01
1.073970000000000063e-01
5.361960000000000337e-02
8.145289999999999475e-03
-4.025949999999999668e-02
-6.681030000000000302e-02
-5.206170000000000242e-02
-5.014480000000000326e-02
-6.343600000000000627e-02
-6.344420000000000615e-02
-5.325599999999999778e-02
-3.930970000000000297e-02
-2.584310000000000079e-02
-1.523569999999999916e-03
1.181989999999999950e-02
1.084500000000000047e-02
3.873370000000000112e-03
-1.252980000000000066e-02
-3.856060000000000043e-02
-5.336319999999999952e-02
-5.670700000000000046e-02
-6.050930000000000197e-02
-7.375610000000000499e-02
-8.213769999999999405e-02
-9.869139999999999857e-02
-1.135349999999999970e-01
-1.113470000000000015e-01
-9.995310000000000306e-02
-7.980410000000000281e-02
-6.142090000000000050e-02
-2.130009999999999890e-02
3.077270000000000005e-02
4.733840000000000270e-02
5.220899999999999846e-02
5.355630000000000113e-02
4.686839999999999756e-02
2.169149999999999898e-02
3.982769999999999952e-04
-2.760309999999999847e-02
-6.196329999999999893e-02
-7.875980000000000480e-02
-8.954679999999999584e-02
-1.088680000000000064e-01
-1.173769999999999952e-01
-1.137470000000000009e-01
-1.020640000000000019e-01
-1.008099999999999968e-01
-1.053909999999999986e-01
-1.021500000000000047e-01
-6.944989999999999497e-02
-3.389070000000000277e-02
-2.372230000000000172e-02
-1.851130000000000136e-02
-8.976510000000000045e-03
-7.408910000000000322e-03
-1.062319999999999931e-02
-2.292690000000000006e-02
-3.600459999999999772e-02
-7.693719999999999726e-02
-1.010619999999999991e-01
-1.067759999999999959e-01
-1.190660000000000052e-01
-1.235860000000000014e-01
-1.219699999999999951e-01
-1.171080000000000038e-01
-1.129450000000000037e-01
-9.716470000000000662e-02
-8.039109999999999312e-02
-6.465640000000000276e-02
-5.505510000000000265e-02
-2.504810000000000023e-02
1.735390000000000066e-03
2.049909999999999927e-02
4.520539999999999975e-02
7.653759999999999730e-02
1.076050000000000062e-01
1.402559999999999918e-01
1.738020000000000120e-01
2.225540000000000018e-01
2.737879999999999758e-01
3.238809999999999745e-01
3.494300000000000184e-01
3.428590000000000249e-01
3.522569999999999868e-01
3.496719999999999828e-01
3.359659999999999869e-01
3.391640000000000210e-01
3.197630000000000194e-01
2.766429999999999723e-01
2.358919999999999906e-01
2.099550000000000027e-01
1.671050000000000035e-01
1.158499999999999946e-01
8.954929999999999835e-02
7.450900000000000578e-02
2.193140000000000020e-02
3.064100000000000157e-04
-2.567110000000000052e-03
-1.013039999999999947e-02
-5.466600000000000278e-03
1.176270000000000093e-03
7.670279999999999807e-03
8.538779999999999287e-03
6.909969999999999654e-03
-1.633850000000000059e-03
-1.472380000000000043e-02
-4.734119999999999995e-02
-8.646159999999999957e-02
-1.294730000000000047e-01
-1.757299999999999973e-01
-1.969599999999999962e-01
-2.154689999999999939e-01
-2.500609999999999777e-01
-2.617110000000000269e-01
-2.512670000000000181e-01
-2.407469999999999888e-01
-2.315379999999999938e-01
-2.233839999999999992e-01
-2.176669999999999994e-01
-2.123659999999999992e-01
-2.117670000000000108e-01
-2.134790000000000021e-01
-2.149349999999999872e-01
-2.123809999999999865e-01
-2.077299999999999980e-01
-1.964559999999999917e-01
-1.842870000000000064e-01
-1.718339999999999868e-01
-1.605739999999999945e-01
-1.280860000000000054e-01
-6.343980000000000452e-02
-2.280309999999999976e-02
-4.709829999999999919e-03
1.715590000000000170e-02
3.711670000000000247e-02
5.421480000000000049e-02
7.388379999999999947e-02
1.008389999999999981e-01
1.254810000000000092e-01
1.408659999999999912e-01
1.456929999999999892e-01
1.433820000000000094e-01
1.414259999999999962e-01
1.052639999999999965e-01
4.150439999999999685e-02
-4.786570000000000082e-04
6.259159999999999724e-03
1.466409999999999936e-02
4.620620000000000283e-02
1.055859999999999993e-01
1.260340000000000071e-01
1.282040000000000124e-01
1.354499999999999871e-01
1.453649999999999942e-01
1.438389999999999946e-01
1.400029999999999886e-01
1.359440000000000093e-01
1.309599999999999931e-01
1.205809999999999937e-01
1.140789999999999998e-01
1.136690000000000061e-01
1.207649999999999973e-01
1.284810000000000119e-01
1.395419999999999994e-01
1.439719999999999889e-01
1.408810000000000062e-01
1.363429999999999920e-01
1.012890000000000040e-01
4.310010000000000230e-02
-5.649780000000000080e-03
-5.637879999999999975e-02
-1.056079999999999935e-01
-1.483009999999999884e-01
-1.627709999999999990e-01
-1.800400000000000056e-01
-1.897439999999999960e-01
-2.079809999999999992e-01
-2.221909999999999996e-01
-2.332430000000000059e-01
-2.311209999999999931e-01
-2.210310000000000052e-01
-1.324799999999999867e-01
1.582630000000000018e-03
1.229009999999999964e-01
1.416260000000000019e-01
1.277820000000000067e-01
1.415919999999999956e-01
1.458859999999999879e-01
1.443039999999999878e-01
1.455559999999999909e-01
1.461749999999999994e-01
1.417869999999999964e-01
1.323680000000000134e-01
1.256700000000000039e-01
8.895680000000000254e-02
6.591740000000000099e-02
6.116649999999999865e-02
5.066219999999999751e-02
3.973820000000000130e-02
1.013529999999999986e-02
-1.767859999999999918e-02
-2.137879999999999989e-02
-1.971699999999999842e-02
-1.487909999999999927e-02
-6.148469999999999630e-03
5.006550000000000236e-03
9.291129999999999875e-03
7.547520000000000270e-03
1.443569999999999923e-03
-1.024890000000000002e-02
-2.680580000000000115e-02
-4.611540000000000084e-02
-6.544279999999999542e-02
-8.352439999999999864e-02
-1.006539999999999935e-01
-1.080509999999999943e-01
-1.232300000000000062e-01
-1.471399999999999930e-01
-1.478389999999999982e-01
-1.432740000000000125e-01
-1.421739999999999948e-01
-1.380619999999999903e-01
-1.370369999999999922e-01
-1.352549999999999863e-01
-1.326430000000000109e-01
-1.282339999999999869e-01
-1.314319999999999933e-01
-1.361580000000000013e-01
-1.443510000000000071e-01
-1.418959999999999944e-01
-1.441070000000000129e-01
-1.430329999999999935e-01
-1.376620000000000066e-01
-1.278169999999999862e-01
-1.223599999999999965e-01
-9.463599999999999790e-02
-5.855140000000000344e-02
6.049600000000000116e-02
1.373520000000000019e-01
1.619279999999999886e-01
2.044759999999999911e-01
2.630819999999999825e-01
3.205270000000000064e-01
3.373120000000000007e-01
3.393249999999999877e-01
3.796660000000000035e-01
4.108899999999999775e-01
4.157830000000000137e-01
4.090909999999999824e-01
3.593549999999999800e-01
2.919180000000000108e-01
2.816040000000000210e-01
2.790199999999999902e-01
2.597729999999999762e-01
2.484389999999999932e-01
2.365980000000000028e-01
2.262309999999999877e-01
2.148420000000000052e-01
2.182659999999999878e-01
1.960890000000000133e-01
1.514050000000000118e-01
1.083120000000000055e-01
7.873059999999999781e-02
4.906039999999999707e-02
7.980730000000000116e-03
-3.420990000000000142e-02
-6.539760000000000018e-02
-8.799619999999999664e-02
-1.104600000000000026e-01
-1.345540000000000069e-01
-1.469499999999999973e-01
-1.747569999999999957e-01
-2.084399999999999864e-01
-2.193710000000000104e-01
-2.180269999999999986e-01
-2.167240000000000000e-01
-2.079950000000000132e-01
-1.964539999999999897e-01
-1.881829999999999892e-01
-1.843710000000000071e-01
-1.795049999999999979e-01
-1.770529999999999882e-01
-1.763210000000000055e-01
-1.780319999999999958e-01
-1.785879999999999967e-01
-1.794600000000000084e-01
-1.791000000000000092e-01
-1.818200000000000094e-01
-1.840640000000000054e-01
-1.885960000000000136e-01
-1.967939999999999967e-01
-2.218940000000000079e-01
-2.504560000000000120e-01
-2.739739999999999953e-01
-2.837040000000000117e-01
-2.851469999999999838e-01
-2.889650000000000274e-01
-2.920599999999999863e-01
-2.897330000000000183e-01
-2.831029999999999935e-01
-2.784309999999999841e-01
-2.752330000000000054e-01
-2.737240000000000228e-01
-2.744030000000000080e-01
-2.788740000000000108e-01
-2.805050000000000043e-01
-2.725870000000000237e-01
-2.642340000000000244e-01
-2.542090000000000183e-01
-2.362070000000000003e-01
-2.081389999999999907e-01
-1.828710000000000058e-01
-1.587560000000000082e-01
-1.399559999999999971e-01
-1.243319999999999981e-01
-1.083419999999999939e-01
-8.985909999999999731e-02
-6.805060000000000275e-02
-5.028250000000000081e-02
-3.111999999999999836e-02
-1.189559999999999923e-02
2.836389999999999832e-03
1.296570000000000014e-02
1.785700000000000134e-02
2.810549999999999854e-02
4.310409999999999936e-02
5.734329999999999983e-02
7.157080000000000386e-02
9.033099999999999463e-02
1.009820000000000023e-01
1.122480000000000006e-01
1.263060000000000016e-01
1.399029999999999996e-01
1.512439999999999896e-01
1.596829999999999916e-01
1.656809999999999949e-01
1.707180000000000086e-01
1.749290000000000012e-01
1.779709999999999903e-01
1.780980000000000063e-01
1.737420000000000075e-01
1.663530000000000009e-01
1.572810000000000041e-01
1.437269999999999937e-01
1.322629999999999917e-01
1.226619999999999933e-01
1.162409999999999971e-01
1.099880000000000024e-01
1.105580000000000035e-01
1.147389999999999938e-01
1.235330000000000039e-01
1.336120000000000085e-01
1.463399999999999979e-01
1.586490000000000122e-01
1.715919999999999945e-01
1.884949999999999959e-01
2.381479999999999986e-01
2.539489999999999803e-01
2.537690000000000223e-01
2.577269999999999839e-01
2.571410000000000085e-01
2.602780000000000094e-01
3.071969999999999978e-01
3.589060000000000028e-01
3.176410000000000067e-01
2.004450000000000121e-01
1.680329999999999879e-01
2.607740000000000058e-01
2.702649999999999775e-01
2.008179999999999965e-01
1.809780000000000000e-01
1.710959999999999981e-01
1.605800000000000005e-01
1.565159999999999885e-01
1.565000000000000002e-01
1.566950000000000010e-01
1.674070000000000003e-01
1.495799999999999907e-01
1.212160000000000043e-01
1.138429999999999997e-01
1.059900000000000009e-01
9.753249999999999420e-02
9.146079999999999488e-02
8.416250000000000120e-02
7.327920000000000267e-02
5.875319999999999848e-02
4.278330000000000327e-02
1.493120000000000037e-02
-1.133400000000000032e-02
-3.507869999999999738e-02
-5.694300000000000056e-02
-7.255150000000000488e-02
-8.497540000000000648e-02
-1.110379999999999978e-01
-1.372480000000000089e-01
-1.709670000000000079e-01
-2.048129999999999951e-01
-2.192679999999999907e-01
-2.264039999999999941e-01
-2.316860000000000031e-01
-2.361090000000000133e-01
-2.390869999999999940e-01
-2.414800000000000002e-01
-2.384419999999999873e-01
-2.341020000000000045e-01
-2.326270000000000004e-01
-2.282069999999999932e-01
-2.218009999999999982e-01
-2.165759999999999907e-01
-2.110700000000000076e-01
-2.054199999999999915e-01
-1.968699999999999894e-01
-1.895699999999999885e-01
-1.786949999999999927e-01
-1.631029999999999980e-01
-1.499280000000000057e-01
-1.328290000000000026e-01
-1.142419999999999963e-01
-9.991419999999999468e-02
-8.342399999999999816e-02
-6.688579999999999526e-02
-6.425619999999999943e-02
-7.006310000000000315e-02
-7.150460000000000149e-02
-6.131240000000000301e-02
-4.838569999999999677e-02
-3.809719999999999773e-02
-2.660830000000000140e-02
-1.606520000000000170e-02
-4.485910000000000071e-03
1.458500000000000074e-02
3.028250000000000039e-02
4.493579999999999797e-02
6.026190000000000019e-02
7.364249999999999963e-02
8.619899999999999785e-02
9.795959999999999390e-02
1.115570000000000034e-01
1.335129999999999928e-01
1.453490000000000060e-01
1.439769999999999939e-01
1.463859999999999884e-01
1.523500000000000132e-01
2.052769999999999873e-01
2.077340000000000020e-01
1.900840000000000030e-01
2.097739999999999883e-01
2.042200000000000126e-01
1.860439999999999872e-01
1.822620000000000073e-01
1.848450000000000093e-01
1.764739999999999920e-01
1.654599999999999960e-01
1.495589999999999975e-01
1.290340000000000098e-01
9.981669999999999432e-02
7.628269999999999496e-02
6.108729999999999716e-02
5.041360000000000285e-02
4.155879999999999991e-02
3.396010000000000001e-02
2.426810000000000078e-02
1.026690000000000068e-02
-9.475420000000000023e-03
-4.400769999999999682e-02
-8.573300000000000365e-02
-1.006299999999999972e-01
-1.198039999999999938e-01
-1.310459999999999958e-01
-1.311350000000000016e-01
-1.282399999999999929e-01
-1.249959999999999960e-01
-1.194130000000000053e-01
-1.141500000000000015e-01
-1.068130000000000052e-01
-1.004739999999999939e-01
-9.760699999999999932e-02
-9.579139999999999877e-02
-9.455760000000000554e-02
-9.433719999999999606e-02
-9.551339999999999830e-02
-9.427530000000000632e-02
-9.457820000000000116e-02
-9.355090000000000627e-02
-9.027519999999999989e-02
-8.833679999999999310e-02
-8.855359999999999621e-02
-9.091349999999999432e-02
-8.322849999999999693e-02
-7.027659999999999463e-02
-4.684880000000000294e-02
-2.906919999999999990e-02
-2.018259999999999846e-02
4.644240000000000000e-03
3.345809999999999756e-02
4.746480000000000143e-02
6.274589999999999335e-02
8.333609999999999629e-02
1.019879999999999953e-01
1.176159999999999983e-01
1.372450000000000059e-01
1.601879999999999971e-01
2.024239999999999928e-01
2.290989999999999971e-01
2.350820000000000132e-01
2.385049999999999948e-01
2.346399999999999875e-01
2.231609999999999983e-01
1.940419999999999923e-01
1.202899999999999942e-01
8.629449999999999621e-02
4.496229999999999671e-02
-6.557340000000000044e-03
-1.929989999999999831e-02
-1.190319999999999920e-02
-4.502769999999999689e-03
-8.993970000000000437e-03
-2.842750000000000138e-02
-3.851129999999999831e-02
-4.359620000000000162e-02
-5.075040000000000107e-02
-5.451879999999999921e-02
-5.619049999999999739e-02
-5.772780000000000272e-02
-6.484950000000000436e-02
-7.581160000000000676e-02
-9.472619999999999651e-02
-1.136420000000000069e-01
-1.304760000000000086e-01
-1.374519999999999909e-01
-1.351970000000000116e-01
-1.302049999999999874e-01
-1.236339999999999939e-01
-1.152549999999999963e-01
-1.072140000000000037e-01
-9.786300000000000554e-02
-8.699900000000000688e-02
-7.446899999999999353e-02
-6.619179999999999509e-02
-6.261429999999999774e-02
-5.981650000000000161e-02
-5.629599999999999882e-02
-5.166119999999999740e-02
-4.416019999999999668e-02
-3.304719999999999880e-02
-1.996960000000000054e-02
-1.010290000000000060e-03
2.972699999999999995e-02
4.658779999999999866e-02
5.023360000000000325e-02
5.278950000000000309e-02
5.598489999999999717e-02
5.559750000000000109e-02
5.787489999999999996e-02
5.978080000000000199e-02
6.073710000000000220e-02
6.137569999999999831e-02
6.177559999999999996e-02
5.740930000000000338e-02
5.345060000000000089e-02
4.929150000000000198e-02
4.684300000000000269e-02
4.740740000000000232e-02
5.073930000000000107e-02
5.690159999999999663e-02
6.652329999999999355e-02
7.692039999999999988e-02
8.431059999999999943e-02
8.841459999999999597e-02
8.989819999999999756e-02
8.552279999999999605e-02
7.798679999999999501e-02
7.197570000000000356e-02
6.365189999999999737e-02
5.770449999999999885e-02
5.618850000000000233e-02
5.542539999999999967e-02
5.656830000000000191e-02
5.957160000000000233e-02
6.133790000000000076e-02
5.779929999999999790e-02
5.137110000000000287e-02
3.748970000000000080e-02
1.242719999999999936e-02
-2.277480000000000129e-02
-4.468099999999999850e-02
-5.561680000000000096e-02
-6.527380000000000682e-02
-7.321469999999999367e-02
-7.813050000000000550e-02
-8.552719999999999767e-02
-9.088179999999999870e-02
-9.500260000000000649e-02
-9.898609999999999354e-02
-9.998650000000000593e-02
-9.799769999999999315e-02
-9.607060000000000599e-02
-9.395209999999999673e-02
-9.318120000000000569e-02
-9.218719999999999692e-02
-9.355320000000000302e-02
-9.660670000000000368e-02
-9.854849999999999721e-02
-9.952679999999999860e-02
-1.033879999999999938e-01
-1.088620000000000004e-01
-1.145990000000000064e-01
-1.186340000000000033e-01
-1.236389999999999989e-01
-1.273469999999999880e-01
-1.266380000000000006e-01
-1.233309999999999962e-01
-1.231899999999999940e-01
-1.213869999999999949e-01
-1.171959999999999946e-01
-1.161439999999999972e-01
-1.179400000000000032e-01
-1.195879999999999999e-01
-1.205880000000000007e-01
-1.221539999999999987e-01
-1.218110000000000026e-01
-1.185729999999999978e-01
-1.119649999999999951e-01
-1.064510000000000040e-01
-9.890229999999999855e-02
-8.625009999999999621e-02
-7.485160000000000424e-02
-6.603050000000000586e-02
-5.572690000000000282e-02
-4.502840000000000314e-02
-3.509799999999999726e-02
-2.594039999999999888e-02
-1.293700000000000058e-02
2.123630000000000049e-03
1.795820000000000055e-02
3.086749999999999911e-02
4.414330000000000337e-02
5.844860000000000333e-02
6.836190000000000322e-02
8.145760000000000500e-02
9.611740000000000561e-02
1.079949999999999938e-01
1.180630000000000013e-01
1.272689999999999932e-01
1.340359999999999885e-01
1.402319999999999955e-01
1.492020000000000013e-01
1.620989999999999931e-01
1.749680000000000124e-01
1.846689999999999998e-01
1.892790000000000028e-01
1.890030000000000043e-01
1.873319999999999985e-01
1.832499999999999962e-01
1.758379999999999943e-01
1.679460000000000119e-01
1.609200000000000075e-01
1.527060000000000084e-01
1.459540000000000004e-01
1.397839999999999916e-01
1.347420000000000007e-01
1.294359999999999955e-01
1.220809999999999951e-01
1.104709999999999998e-01
9.346550000000000691e-02
8.124539999999999540e-02
7.480670000000000375e-02
7.093190000000000606e-02
6.867600000000000093e-02
6.444999999999999341e-02
5.846319999999999989e-02
5.252500000000000224e-02
4.563810000000000089e-02
3.927610000000000129e-02
3.440429999999999877e-02
2.808510000000000173e-02
2.151890000000000053e-02
1.376810000000000013e-02
4.483799999999999591e-03
-5.780669999999999906e-03
-1.545750000000000075e-02
-2.316239999999999966e-02
-3.216490000000000321e-02
-4.239020000000000288e-02
-5.237750000000000045e-02
-5.982250000000000068e-02
-6.536480000000000068e-02
-7.181830000000000158e-02
-7.662209999999999854e-02
-7.933890000000000386e-02
-8.204010000000000469e-02
-8.577229999999999577e-02
-8.672180000000000166e-02
-8.712999999999999912e-02
-8.847939999999999972e-02
-9.055290000000000561e-02
-9.286619999999999597e-02
-9.814230000000000176e-02
-1.023529999999999995e-01
-1.074230000000000046e-01
-1.126069999999999988e-01
-1.174410000000000037e-01
-1.183219999999999966e-01
-1.171969999999999956e-01
-1.196580000000000005e-01
-1.175220000000000015e-01
-1.142559999999999965e-01
-1.110939999999999983e-01
-1.063840000000000063e-01
-9.751619999999999733e-02
-8.339520000000000266e-02
-4.906470000000000276e-02
-3.222420000000000145e-02
-2.707750000000000087e-02
-1.934189999999999868e-02
-1.701980000000000159e-02
-1.333340000000000046e-02
-1.112800000000000074e-02
-7.740350000000000008e-03
-2.022850000000000082e-03
4.290099999999999816e-03
1.352809999999999950e-02
2.345679999999999987e-02
3.351350000000000162e-02
4.435019999999999935e-02
5.473809999999999787e-02
6.338149999999999340e-02
6.754559999999999731e-02
6.873350000000000293e-02
7.020730000000000026e-02
6.828140000000000598e-02
6.221650000000000097e-02
5.924530000000000074e-02
5.208709999999999729e-02
4.280710000000000071e-02
3.421190000000000342e-02
2.689570000000000155e-02
2.264999999999999999e-02
1.981279999999999847e-02
2.054780000000000148e-02
2.230760000000000035e-02
2.161599999999999980e-02
2.093679999999999847e-02
1.778690000000000132e-02
1.403130000000000002e-02
1.302129999999999954e-02
1.126629999999999993e-02
1.048409999999999967e-02
1.036349999999999945e-02
9.965319999999999734e-03
1.005789999999999983e-02
1.238410000000000032e-02
1.794919999999999849e-02
2.340630000000000141e-02
2.759189999999999907e-02
3.212290000000000284e-02
3.536290000000000266e-02
3.635239999999999999e-02
3.875689999999999691e-02
4.170820000000000083e-02
4.542270000000000335e-02
4.890069999999999834e-02
5.055790000000000284e-02
5.120179999999999870e-02
5.341640000000000277e-02
5.459379999999999789e-02
5.557920000000000221e-02
5.759840000000000099e-02
5.788159999999999833e-02
5.863079999999999681e-02
5.837520000000000209e-02
5.655029999999999779e-02
5.471859999999999918e-02
5.183229999999999782e-02
4.397840000000000082e-02
3.611299999999999927e-02
2.726179999999999923e-02
1.699399999999999869e-02
6.010559999999999861e-03
-2.683930000000000170e-03
-9.342420000000000585e-03
-1.356169999999999945e-02
-1.461550000000000002e-02
-1.504169999999999986e-02
-1.753290000000000057e-02
-1.926999999999999894e-02
-2.017110000000000083e-02
-2.286759999999999834e-02
-2.741999999999999993e-02
-3.382530000000000259e-02
-3.857669999999999849e-02
-4.298269999999999869e-02
-4.733319999999999889e-02
-4.963200000000000250e-02
-4.920519999999999755e-02
-4.808760000000000118e-02
-4.648159999999999792e-02
-4.296330000000000288e-02
-3.988919999999999966e-02
-3.685739999999999850e-02
-3.602860000000000090e-02
-3.517100000000000087e-02
-3.689510000000000012e-02
-3.996000000000000246e-02
-4.333270000000000177e-02
-4.810790000000000205e-02
-5.395420000000000077e-02
-5.758390000000000036e-02
-6.437950000000000617e-02
-7.015860000000000152e-02
-7.697800000000000475e-02
-8.249059999999999726e-02
-8.732620000000000660e-02
-9.435029999999999806e-02
-9.752070000000000183e-02
-9.982929999999999582e-02
-1.008249999999999980e-01
-9.828019999999999812e-02
-9.414440000000000308e-02
-8.727150000000000185e-02
-7.735749999999999571e-02
-6.477310000000000012e-02
-5.047159999999999841e-02
-3.778669999999999946e-02
-2.973109999999999989e-02
-2.431600000000000081e-02
-1.949690000000000104e-02
-1.463300000000000017e-02
-1.116909999999999951e-02
-8.399959999999999719e-03
-6.739039999999999961e-03
-6.485639999999999981e-03
-5.143209999999999622e-03
-2.283719999999999934e-03
-4.212029999999999854e-04
-3.081199999999999976e-04
1.649059999999999936e-03
3.248309999999999913e-03
4.840099999999999958e-03
5.109299999999999779e-03
5.400249999999999669e-03
7.447060000000000138e-03
9.943520000000000830e-03
1.005859999999999914e-02
1.005200000000000017e-02
1.026080000000000048e-02
1.010409999999999954e-02
7.139350000000000036e-03
4.864099999999999674e-03
2.706989999999999830e-03
2.646089999999999814e-03
3.235739999999999970e-03
3.395009999999999955e-03
6.523880000000000130e-03
1.079789999999999917e-02
1.456730000000000004e-02
2.070829999999999893e-02
2.635389999999999955e-02
2.655439999999999884e-02
2.608689999999999967e-02
2.417760000000000048e-02
2.013339999999999921e-02
1.610189999999999885e-02
1.493139999999999919e-02
1.451780000000000084e-02
1.263300000000000013e-02
1.367529999999999961e-02
1.500439999999999933e-02
1.486469999999999979e-02
1.667870000000000116e-02
2.008019999999999944e-02
2.283119999999999941e-02
2.245389999999999886e-02
2.540589999999999862e-02
2.852210000000000162e-02
3.012319999999999928e-02
3.309419999999999723e-02
3.876140000000000141e-02
4.536649999999999711e-02
5.188439999999999719e-02
5.993899999999999922e-02
6.515619999999999745e-02
6.778000000000000691e-02
7.138990000000000613e-02
7.106429999999999692e-02
6.860420000000000407e-02
6.541070000000000217e-02
6.044100000000000167e-02
5.517849999999999838e-02
4.960880000000000151e-02
4.360710000000000280e-02
3.902660000000000157e-02
3.782900000000000151e-02
3.930120000000000141e-02
4.071770000000000250e-02
4.417530000000000068e-02
4.956569999999999726e-02
5.371970000000000217e-02
5.711100000000000204e-02
6.044019999999999948e-02
6.381409999999999860e-02
6.541940000000000255e-02
6.410119999999999707e-02
5.970919999999999700e-02
5.289569999999999689e-02
4.273369999999999946e-02
3.155970000000000303e-02
1.723179999999999851e-02
1.067489999999999932e-03
-1.268090000000000016e-02
-2.620690000000000172e-02
-4.101010000000000072e-02
-5.398549999999999877e-02
-6.048060000000000241e-02
-6.665200000000000291e-02
-7.163049999999999973e-02
-7.368869999999999587e-02
-7.419729999999999381e-02
-7.222620000000000429e-02
-6.876190000000000080e-02
-6.346989999999999577e-02
-5.336729999999999946e-02
-3.890590000000000021e-02
-2.581150000000000111e-02
-1.560180000000000074e-02
-7.541260000000000151e-03
-2.344419999999999837e-03
-4.874410000000000244e-04
-2.850530000000000099e-04
-2.455760000000000083e-04
-3.473850000000000223e-04
-2.503780000000000155e-03
-4.506399999999999816e-03
-4.345329999999999679e-03
-4.139890000000000236e-03
-2.862040000000000157e-03
-1.990959999999999952e-03
-2.028199999999999968e-03
-3.494230000000000079e-03
-6.204190000000000052e-03
-8.614280000000000201e-03
-1.354700000000000001e-02
-1.584889999999999910e-02
-1.563619999999999940e-02
-1.504720000000000016e-02
-1.409649999999999966e-02
-9.639299999999999952e-03
-5.679899999999999879e-03
9.263000000000000183e-04
7.781899999999999581e-03
1.377160000000000016e-02
1.812050000000000119e-02
2.316280000000000075e-02
2.699970000000000148e-02
2.961799999999999849e-02
2.949260000000000076e-02
2.655539999999999984e-02
2.088100000000000026e-02
1.691710000000000089e-02
1.234530000000000002e-02
7.145239999999999751e-03
4.228479999999999739e-03
1.711749999999999947e-03
4.288079999999999778e-04
1.927590000000000076e-03
3.266119999999999961e-03
6.952550000000000049e-03
1.212230000000000078e-02
1.646970000000000031e-02
2.088970000000000063e-02
2.343939999999999912e-02
2.473739999999999967e-02
2.353349999999999886e-02
2.029780000000000126e-02
1.710240000000000024e-02
1.256220000000000080e-02
5.018520000000000272e-03
-8.222219999999999486e-04
-6.481599999999999688e-03
-1.403489999999999946e-02
-1.987710000000000171e-02
-2.254569999999999838e-02
-2.452669999999999850e-02
-2.765329999999999872e-02
-3.190489999999999993e-02
-3.614649999999999808e-02
-3.868159999999999654e-02
-4.342530000000000001e-02
-5.136849999999999750e-02
-5.773969999999999797e-02
-6.210500000000000048e-02
-6.557960000000000178e-02
-6.686350000000000626e-02
-6.456140000000000490e-02
-6.132270000000000082e-02
-5.742740000000000344e-02
-4.929979999999999779e-02
-4.166519999999999946e-02
-3.338739999999999764e-02
-2.369069999999999857e-02
-1.698339999999999919e-02
-6.407330000000000143e-03
7.539750000000000445e-04
5.552460000000000381e-03
9.657390000000000072e-03
9.943679999999999880e-03
1.000309999999999915e-02
9.579370000000000246e-03
6.734539999999999797e-03
2.442170000000000018e-03
4.775900000000000132e-04
1.706510000000000058e-03
4.468299999999999703e-03
9.677550000000000041e-03
1.514300000000000021e-02
1.858359999999999873e-02
2.387759999999999883e-02
2.714110000000000134e-02
3.129250000000000087e-02
3.266059999999999797e-02
3.574100000000000193e-02
4.022400000000000281e-02
4.516339999999999938e-02
4.890230000000000271e-02
4.984389999999999654e-02
4.795350000000000307e-02
4.454299999999999926e-02
3.860120000000000218e-02
3.335640000000000133e-02
2.919719999999999954e-02
2.436769999999999908e-02
2.086949999999999916e-02
1.991940000000000030e-02
1.945529999999999829e-02
1.854039999999999855e-02
1.794810000000000155e-02
1.435160000000000081e-02
9.722549999999999942e-03
2.788609999999999960e-03
-5.214500000000000385e-03
-1.106599999999999945e-02
-1.732519999999999893e-02
-2.294679999999999984e-02
-2.757149999999999879e-02
-3.021160000000000165e-02
-2.966130000000000155e-02
-2.884849999999999914e-02
-2.978079999999999963e-02
-2.760359999999999897e-02
-2.469450000000000117e-02
-2.235380000000000006e-02
-1.918999999999999873e-02
-1.723150000000000029e-02
-1.430320000000000029e-02
-1.108390000000000070e-02
-5.793190000000000145e-03
-1.592410000000000049e-03
3.290389999999999808e-03
8.010889999999999678e-03
1.188209999999999961e-02
1.578600000000000142e-02
1.669920000000000085e-02
1.741240000000000149e-02
1.973099999999999854e-02
2.434860000000000149e-02
2.848979999999999915e-02
2.982169999999999960e-02
3.094910000000000022e-02
3.093819999999999903e-02
2.762200000000000072e-02
2.683649999999999924e-02
2.436069999999999902e-02
2.158289999999999861e-02
1.986359999999999862e-02
1.806680000000000091e-02
1.600750000000000089e-02
1.478359999999999917e-02
1.343600000000000003e-02
1.006920000000000037e-02
7.077820000000000292e-03
4.702979999999999834e-03
1.407190000000000003e-03
-2.185289999999999889e-03
-4.583389999999999687e-03
-7.215069999999999643e-03
-9.709670000000000106e-03
-1.335429999999999950e-02
-1.860180000000000167e-02
-2.455179999999999862e-02
-3.116019999999999901e-02
-3.925900000000000223e-02
-4.460599999999999982e-02
-4.784109999999999752e-02
-4.982129999999999892e-02
-4.777529999999999971e-02
-4.277740000000000015e-02
-3.789970000000000144e-02
-3.087120000000000142e-02
-2.257580000000000003e-02
-1.426479999999999936e-02
-5.272439999999999766e-03
1.052280000000000056e-03
7.415879999999999694e-03
1.110000000000000049e-02
1.642499999999999863e-02
2.201490000000000044e-02
2.617989999999999901e-02
3.050769999999999871e-02
3.484339999999999660e-02
3.715029999999999721e-02
3.694950000000000317e-02
3.789089999999999819e-02
3.922380000000000311e-02
3.802529999999999799e-02
3.805010000000000336e-02
3.672000000000000264e-02
3.460730000000000056e-02
3.330589999999999939e-02
3.073170000000000068e-02
2.971640000000000045e-02
2.890260000000000051e-02
2.947999999999999926e-02
2.963199999999999862e-02
3.010840000000000044e-02
2.933190000000000103e-02
2.814799999999999941e-02
2.728600000000000123e-02
2.655530000000000043e-02
2.440250000000000058e-02
2.057969999999999938e-02
1.819459999999999827e-02
1.653649999999999912e-02
1.083660000000000005e-02
3.748169999999999887e-03
-2.914159999999999841e-03
-1.044619999999999924e-02
-2.028929999999999970e-02
-2.708719999999999878e-02
-3.142699999999999660e-02
-3.817140000000000116e-02
-4.168920000000000264e-02
-4.460820000000000063e-02
-4.553490000000000315e-02
-4.440090000000000009e-02
-4.354179999999999856e-02
-4.124799999999999994e-02
-3.625769999999999688e-02
-3.310710000000000042e-02
-2.849140000000000006e-02
-2.470179999999999945e-02
-2.171230000000000035e-02
-1.966949999999999948e-02
-2.069220000000000087e-02
-2.423929999999999835e-02
-2.756669999999999954e-02
-3.271759999999999946e-02
-3.958699999999999719e-02
-4.606419999999999959e-02
-4.980369999999999936e-02
-5.312359999999999999e-02
-5.267120000000000135e-02
-5.114090000000000302e-02
-5.001760000000000234e-02
-4.860149999999999887e-02
-4.404659999999999825e-02
-3.903779999999999750e-02
-3.442130000000000190e-02
-2.965720000000000162e-02
-2.362790000000000029e-02
-1.795439999999999883e-02
-1.650439999999999893e-02
-1.620759999999999909e-02
-1.531000000000000069e-02
-1.465200000000000009e-02
-1.419620000000000083e-02
-1.321259999999999969e-02
-9.344319999999999710e-03
-4.469179999999999681e-03
1.762770000000000092e-03
7.180029999999999572e-03
1.183050000000000074e-02
1.704860000000000056e-02
2.072850000000000040e-02
2.086210000000000148e-02
2.019980000000000039e-02
1.880739999999999842e-02
1.404979999999999944e-02
8.916270000000000445e-03
4.176080000000000417e-03
2.891540000000000169e-03
3.446580000000000195e-04
-6.141900000000000267e-04
1.170260000000000007e-03
4.678510000000000307e-03
8.290989999999999818e-03
1.189010000000000067e-02
1.419609999999999969e-02
1.633129999999999998e-02
1.686920000000000086e-02
1.648439999999999975e-02
1.548489999999999936e-02
1.367969999999999950e-02
1.342720000000000025e-02
1.313970000000000068e-02
1.140930000000000069e-02
9.978290000000000770e-03
8.501899999999999735e-03
8.126790000000000055e-03
5.472760000000000125e-03
2.797659999999999774e-04
-9.396190000000000445e-04
-2.034799999999999803e-03
-1.248250000000000011e-03
1.251469999999999970e-03
5.307939999999999707e-03
1.042359999999999988e-02
1.408940000000000019e-02
1.503379999999999994e-02
1.601959999999999842e-02
1.594119999999999912e-02
1.549689999999999922e-02
1.521570000000000041e-02
1.486009999999999935e-02
1.458629999999999996e-02
1.425410000000000045e-02
1.395820000000000047e-02
1.355559999999999925e-02
1.307879999999999980e-02
1.418610000000000010e-02
1.683120000000000102e-02
1.650410000000000071e-02
1.729620000000000116e-02
1.930979999999999849e-02
2.019620000000000096e-02
2.251130000000000145e-02
2.357379999999999892e-02
2.261799999999999922e-02
2.093060000000000059e-02
1.869130000000000097e-02
1.509510000000000018e-02
1.002420000000000047e-02
5.533390000000000010e-03
2.878159999999999833e-03
-1.003790000000000064e-03
-2.909539999999999956e-03
-4.007809999999999671e-03
-3.757379999999999835e-03
-9.621439999999999550e-04
4.169280000000000170e-05
1.239389999999999936e-03
1.759259999999999904e-03
1.802769999999999980e-03
-2.658930000000000104e-04
-2.839819999999999844e-03
-2.584749999999999808e-03
-2.145039999999999968e-03
-1.372330000000000056e-04
5.347089999999999656e-03
1.152639999999999915e-02
1.720939999999999970e-02
2.280340000000000145e-02
2.672379999999999894e-02
2.925900000000000029e-02
3.168069999999999914e-02
3.231679999999999969e-02
3.238119999999999887e-02
3.151120000000000310e-02
2.852920000000000109e-02
2.456469999999999834e-02
1.914609999999999923e-02
1.352000000000000077e-02
6.678370000000000313e-03
-1.183639999999999909e-03
-6.938670000000000081e-03
-1.162619999999999973e-02
-1.666379999999999945e-02
-2.253410000000000135e-02
-2.961779999999999968e-02
-3.487869999999999859e-02
-3.831430000000000252e-02
-4.121060000000000001e-02
-4.322150000000000297e-02
-4.363689999999999930e-02
-4.218600000000000128e-02
-3.998659999999999715e-02
-3.685440000000000244e-02
-3.016339999999999993e-02
-2.309080000000000160e-02
-1.782080000000000122e-02
-1.254770000000000017e-02
-5.698639999999999609e-03
-1.490259999999999979e-03
1.552149999999999971e-03
1.620380000000000041e-03
2.926750000000000098e-03
4.203280000000000211e-03
5.550519999999999760e-03
5.745319999999999941e-03
6.074709999999999659e-03
7.403520000000000240e-03
7.244880000000000417e-03
6.868950000000000403e-03
6.822550000000000142e-03
6.422299999999999710e-03
6.319550000000000167e-03
6.031929999999999584e-03
7.275389999999999635e-03
8.450410000000000213e-03
1.092979999999999993e-02
1.201559999999999954e-02
1.443469999999999996e-02
1.936169999999999905e-02
2.366829999999999976e-02
2.800800000000000164e-02
3.357439999999999730e-02
3.797650000000000331e-02
4.254469999999999780e-02
4.781200000000000033e-02
5.128850000000000076e-02
5.478290000000000243e-02
5.783150000000000096e-02
5.874920000000000142e-02
5.962390000000000051e-02
5.708339999999999942e-02
5.128529999999999894e-02
4.531949999999999867e-02
3.532210000000000211e-02
2.596539999999999959e-02
1.863949999999999982e-02
1.285550000000000061e-02
6.936849999999999614e-03
1.317100000000000085e-03
-3.540409999999999911e-03
-7.276939999999999971e-03
-1.147139999999999965e-02
-1.415660000000000009e-02
-1.818979999999999903e-02
-2.321020000000000028e-02
-2.810959999999999848e-02
-3.167500000000000177e-02
-3.498060000000000058e-02
-3.809490000000000098e-02
-4.106159999999999671e-02
-4.240820000000000006e-02
-4.432359999999999772e-02
-4.518069999999999725e-02
-4.520609999999999906e-02
-4.431029999999999691e-02
-4.171659999999999952e-02
-4.041759999999999797e-02
-3.980600000000000110e-02
-3.884930000000000327e-02
-3.917829999999999924e-02
-3.960729999999999806e-02
-4.063100000000000045e-02
-4.399730000000000307e-02
-4.645769999999999761e-02
-5.004560000000000258e-02
-5.388849999999999890e-02
-5.581980000000000275e-02
-5.551999999999999991e-02
-5.689380000000000132e-02
-5.318910000000000304e-02
-4.639429999999999943e-02
-3.782630000000000020e-02
-2.546220000000000080e-02
-1.479719999999999994e-02
-6.609389999999999710e-03
-3.503170000000000004e-04
2.584270000000000057e-03
3.652649999999999907e-03
2.138979999999999961e-03
-7.649799999999999569e-04
-4.147670000000000003e-03
-4.477970000000000388e-03
-5.947140000000000065e-03
-8.535839999999999400e-03
-4.973899999999999849e-03
-2.956530000000000182e-03
-6.851259999999999859e-04
2.617910000000000202e-03
4.979189999999999658e-03
9.805650000000000824e-03
1.306479999999999968e-02
1.507030000000000002e-02
1.654430000000000137e-02
1.810020000000000032e-02
2.028359999999999885e-02
1.977479999999999863e-02
1.941949999999999926e-02
2.062220000000000025e-02
2.057410000000000141e-02
1.967139999999999861e-02
1.939060000000000089e-02
1.745290000000000036e-02
1.608230000000000076e-02
1.588240000000000138e-02
1.542499999999999948e-02
1.485709999999999982e-02
1.448499999999999961e-02
1.385229999999999968e-02
1.192720000000000065e-02
1.041590000000000051e-02
8.996920000000000264e-03
8.411399999999999433e-03
6.862349999999999700e-03
4.319899999999999782e-03
7.059550000000000373e-03
7.847979999999999193e-03
7.878329999999999361e-03
1.014170000000000002e-02
1.084390000000000007e-02
1.094159999999999924e-02
1.264690000000000085e-02
1.028440000000000083e-02
6.970819999999999968e-03
4.767859999999999633e-03
2.982299999999999795e-03
6.591610000000000134e-04
-1.214849999999999958e-03
-3.986029999999999782e-03
-5.608899999999999997e-03
-7.644589999999999719e-03
-8.572849999999999915e-03
-8.028240000000000723e-03
-8.221549999999999345e-03
-7.961960000000000565e-03
-1.033129999999999986e-02
-1.227059999999999956e-02
-1.228620000000000059e-02
-1.500950000000000027e-02
-1.584779999999999869e-02
-1.483010000000000057e-02
-1.465669999999999994e-02
-1.143459999999999963e-02
-9.669129999999999739e-03
-1.006660000000000020e-02
-8.931440000000000559e-03
-6.017459999999999649e-03
-4.679899999999999859e-03
-4.840979999999999936e-03
-2.576639999999999833e-03
-7.098529999999999814e-04
1.393750000000000024e-03
3.700319999999999998e-03
6.531440000000000336e-03
7.718609999999999881e-03
8.211110000000000630e-03
1.113980000000000005e-02
1.131960000000000084e-02
9.311720000000000760e-03
8.132429999999999520e-03
7.715379999999999981e-03
6.549740000000000076e-03
7.382170000000000398e-03
7.535769999999999795e-03
6.916150000000000249e-03
6.579200000000000326e-03
4.387010000000000215e-03
1.786419999999999935e-03
-1.894140000000000103e-03
-4.494399999999999958e-03
-7.227729999999999919e-03
-8.829520000000000424e-03
-1.114000000000000060e-02
-1.431909999999999954e-02
-1.513310000000000002e-02
-1.728499999999999828e-02
-1.978270000000000028e-02
-2.283690000000000025e-02
-2.422720000000000082e-02
-2.721219999999999889e-02
-2.938670000000000171e-02
-2.941169999999999896e-02
-3.037629999999999844e-02
-3.204019999999999785e-02
-3.118819999999999926e-02
-3.034359999999999835e-02
-2.830780000000000102e-02
-2.797439999999999996e-02
-2.806070000000000092e-02
-2.743929999999999980e-02
-2.894050000000000095e-02
-2.984049999999999897e-02
-2.875149999999999928e-02
-3.067690000000000000e-02
-3.145599999999999785e-02
-2.990179999999999921e-02
-2.913400000000000017e-02
-2.817719999999999947e-02
-2.864809999999999926e-02
-3.010260000000000019e-02
-2.981160000000000060e-02
-2.894209999999999838e-02
-2.977180000000000104e-02
-2.858279999999999849e-02
-2.869299999999999976e-02
-2.594199999999999978e-02
-2.305789999999999923e-02
-1.976040000000000088e-02
-1.554490000000000038e-02
-1.278639999999999985e-02
-5.838559999999999583e-03
9.585060000000000281e-04
7.437120000000000189e-03
1.347530000000000082e-02
2.032420000000000060e-02
2.813310000000000116e-02
3.212790000000000090e-02
3.539219999999999866e-02
3.867790000000000117e-02
4.137190000000000312e-02
4.257009999999999961e-02
4.441989999999999827e-02
4.394710000000000283e-02
4.279779999999999696e-02
4.222469999999999696e-02
4.129660000000000275e-02
4.036440000000000167e-02
3.945359999999999839e-02
3.875710000000000266e-02
3.786740000000000245e-02
3.714250000000000190e-02
3.610809999999999714e-02
3.547229999999999828e-02
3.455649999999999694e-02
3.623500000000000332e-02
3.754840000000000261e-02
3.673089999999999689e-02
3.873320000000000235e-02
4.044989999999999697e-02
4.186870000000000175e-02
4.236430000000000057e-02
4.341690000000000133e-02
4.506639999999999951e-02
4.659830000000000222e-02
4.892429999999999696e-02
4.812509999999999705e-02
4.652939999999999854e-02
4.538310000000000261e-02
4.429679999999999729e-02
4.291240000000000332e-02
4.240019999999999900e-02
4.179610000000000269e-02
3.928910000000000041e-02
3.799339999999999662e-02
3.543879999999999947e-02
3.199679999999999885e-02
2.951929999999999832e-02
2.584739999999999954e-02
2.238630000000000134e-02
1.937459999999999877e-02
1.552880000000000059e-02
9.843380000000000532e-03
6.091130000000000155e-03
1.250180000000000041e-03
-3.244459999999999792e-03
-7.085349999999999808e-03
-1.210460000000000008e-02
-1.522699999999999922e-02
-1.775399999999999895e-02
-2.228400000000000172e-02
-2.723830000000000001e-02
-3.027610000000000023e-02
-3.356309999999999849e-02
-3.590639999999999804e-02
-3.641950000000000048e-02
-3.857030000000000181e-02
-3.824149999999999772e-02
-3.705010000000000248e-02
-3.639470000000000205e-02
-3.341739999999999988e-02
-2.855150000000000049e-02
-2.428380000000000122e-02
-1.934079999999999827e-02
-1.282239999999999942e-02
-8.054209999999999148e-03
-5.672250000000000208e-03
-3.476359999999999954e-03
-3.707939999999999847e-03
-5.317800000000000131e-03
-6.308880000000000217e-03
-8.762620000000000478e-03
-1.141670000000000011e-02
-1.483229999999999965e-02
-1.511569999999999928e-02
-1.453220000000000033e-02
-1.331399999999999945e-02
-1.048789999999999965e-02
-9.564220000000000013e-03
-9.209840000000000387e-03
-7.296269999999999666e-03
-6.998159999999999797e-03
-5.776139999999999920e-03
-4.359560000000000171e-03
-2.680029999999999912e-03
-6.902279999999999787e-04
9.249010000000000000e-04
4.552249999999999873e-03
7.215410000000000226e-03
7.846699999999999856e-03
1.074789999999999947e-02
1.403229999999999929e-02
1.506399999999999927e-02
1.473640000000000019e-02
1.423250000000000036e-02
1.401319999999999996e-02
1.343940000000000065e-02
1.324439999999999992e-02
1.133269999999999937e-02
7.989470000000000252e-03
7.400819999999999795e-03
7.527790000000000349e-03
7.177329999999999995e-03
9.054889999999999467e-03
1.127079999999999922e-02
1.226030000000000002e-02
1.210789999999999957e-02
1.275659999999999988e-02
1.296480000000000028e-02
1.287400000000000003e-02
1.049369999999999990e-02
7.509019999999999931e-03
4.734910000000000160e-03
8.930210000000000274e-04
-3.248909999999999819e-03
-7.049620000000000365e-03
-1.003150000000000049e-02
-1.223789999999999947e-02
-1.569620000000000043e-02
-1.778010000000000007e-02
-1.825179999999999858e-02
-2.013360000000000150e-02
-2.164239999999999914e-02
-2.202789999999999956e-02
-2.275069999999999870e-02
-2.226030000000000023e-02
-2.150519999999999862e-02
-1.936830000000000149e-02
-1.889760000000000051e-02
-1.648209999999999953e-02
-1.357440000000000035e-02
-1.366769999999999964e-02
-1.266879999999999916e-02
-9.123670000000000391e-03
-8.144099999999999603e-03
-8.684640000000000415e-03
-5.757289999999999977e-03
-3.530419999999999826e-03
-4.083879999999999802e-03
-2.808199999999999846e-03
3.607360000000000102e-04
2.627159999999999912e-03
4.592940000000000217e-03
4.819989999999999691e-03
7.599700000000000032e-03
8.282190000000000038e-03
4.883030000000000009e-03
3.569839999999999906e-03
1.089930000000000022e-03
-1.304309999999999931e-03
-4.545379999999999907e-03
-7.859450000000000464e-03
-8.889529999999999654e-03
-1.094589999999999973e-02
-1.314139999999999926e-02
-1.428409999999999923e-02
-1.442159999999999970e-02
-1.537290000000000011e-02
-1.787510000000000140e-02
-1.886569999999999914e-02
-1.925759999999999972e-02
-2.042750000000000121e-02
-2.069630000000000081e-02
-1.988250000000000087e-02
-2.014799999999999924e-02
-2.098440000000000027e-02
-2.056080000000000060e-02
-2.298029999999999864e-02
-2.385040000000000077e-02
-2.310660000000000144e-02
-2.507070000000000132e-02
-2.579299999999999995e-02
-2.489419999999999827e-02
-2.376380000000000159e-02
-2.070579999999999990e-02
-1.565770000000000009e-02
-1.286780000000000042e-02
-8.998120000000000077e-03
-4.952429999999999853e-03
-2.460739999999999889e-03
-1.997430000000000126e-03
-1.000989999999999996e-03
7.234200000000000092e-04
1.039280000000000065e-03
3.836169999999999858e-03
7.692649999999999662e-03
8.902770000000000822e-03
9.916899999999999327e-03
1.200470000000000009e-02
1.603900000000000117e-02
1.765809999999999949e-02
2.003979999999999997e-02
2.183169999999999902e-02
2.502889999999999976e-02
2.727289999999999923e-02
3.033860000000000029e-02
3.450999999999999901e-02
3.674890000000000101e-02
3.741040000000000337e-02
3.780689999999999745e-02
3.819670000000000010e-02
3.737610000000000238e-02
3.613979999999999970e-02
3.548760000000000109e-02
3.376320000000000016e-02
3.074870000000000034e-02
2.717409999999999964e-02
2.544980000000000159e-02
2.175610000000000044e-02
1.891299999999999926e-02
1.424459999999999962e-02
7.374730000000000348e-03
9.432169999999999921e-04
-3.966569999999999992e-03
-9.290949999999999209e-03
-1.567529999999999965e-02
-2.085060000000000038e-02
-2.288019999999999984e-02
-2.391329999999999845e-02
-2.599119999999999903e-02
-2.813900000000000082e-02
-2.889939999999999870e-02
-3.031479999999999939e-02
-3.213110000000000271e-02
-3.271580000000000321e-02
-3.402809999999999863e-02
-3.408619999999999706e-02
-3.461929999999999868e-02
-3.383660000000000140e-02
-3.272030000000000077e-02
-3.032189999999999885e-02
-2.832979999999999873e-02
-2.555330000000000101e-02
-2.214520000000000030e-02
-1.763759999999999981e-02
-1.201559999999999954e-02
-7.055070000000000091e-03
-3.984940000000000183e-03
-5.980760000000000113e-04
3.674929999999999863e-03
7.414210000000000071e-03
9.189430000000000168e-03
9.463219999999999618e-03
1.266229999999999960e-02
1.313669999999999942e-02
1.253839999999999989e-02
1.252829999999999916e-02
1.239200000000000024e-02
1.264020000000000074e-02
1.381660000000000006e-02
1.481580000000000050e-02
1.572569999999999871e-02
1.701909999999999881e-02
1.875109999999999971e-02
1.988449999999999940e-02
2.239390000000000130e-02
2.326049999999999993e-02
2.498689999999999939e-02
2.556589999999999904e-02
2.670700000000000157e-02
2.822830000000000131e-02
2.750060000000000004e-02
2.670760000000000148e-02
2.473619999999999985e-02
2.290120000000000003e-02
2.111560000000000173e-02
1.924050000000000066e-02
1.757689999999999947e-02
1.681500000000000009e-02
1.667240000000000041e-02
1.545140000000000055e-02
1.395919999999999973e-02
1.115999999999999978e-02
8.551780000000000145e-03
5.395170000000000347e-03
3.228700000000000146e-03
-2.970660000000000184e-04
-3.444550000000000216e-03
-4.935900000000000010e-03
-5.904369999999999931e-03
-8.495020000000000696e-03
-9.235999999999999419e-03
-1.052520000000000018e-02
-1.055170000000000066e-02
-1.138690000000000015e-02
-1.106159999999999956e-02
-9.754179999999999448e-03
-9.584010000000000445e-03
-9.562460000000000057e-03
-9.153319999999999512e-03
-9.035720000000000557e-03
-7.355519999999999940e-03
-6.046059999999999802e-03
-4.439109999999999584e-03
-4.160780000000000207e-03
-3.179130000000000063e-03
-1.749850000000000060e-03
-1.162939999999999948e-04
2.019340000000000111e-03
3.631699999999999859e-03
6.076370000000000209e-03
8.586260000000000073e-03
1.045620000000000056e-02
1.318880000000000052e-02
1.411079999999999973e-02
1.450549999999999930e-02
1.723730000000000054e-02
1.726079999999999975e-02
1.632149999999999920e-02
1.590540000000000009e-02
1.380600000000000056e-02
1.230030000000000012e-02
1.075729999999999915e-02
1.026889999999999921e-02
9.923130000000000492e-03
9.380239999999999759e-03
9.197240000000000623e-03
8.139320000000000235e-03
6.425150000000000132e-03
4.875799999999999579e-03
3.621999999999999786e-03
3.606559999999999974e-03
3.315970000000000115e-03
3.781769999999999837e-03
5.913120000000000008e-03
7.175589999999999920e-03
6.744189999999999734e-03
9.612950000000000314e-03
1.046610000000000075e-02
9.707640000000000019e-03
8.295500000000000790e-03
6.904340000000000130e-03
6.661099999999999660e-03
6.489710000000000097e-03
5.913719999999999914e-03
6.555400000000000289e-03
7.565869999999999714e-03
7.296910000000000202e-03
6.731299999999999957e-03
6.380160000000000171e-03
3.520769999999999889e-03
1.883530000000000013e-03
-7.042150000000000059e-04
-4.495029999999999686e-03
-8.569330000000000003e-03
-1.183889999999999942e-02
-1.662539999999999851e-02
-1.943570000000000020e-02
-2.131270000000000039e-02
-2.307429999999999898e-02
-2.272729999999999889e-02
-2.453069999999999903e-02
-2.534339999999999857e-02
-2.318210000000000062e-02
-2.256050000000000069e-02
-2.096340000000000009e-02
-1.958119999999999999e-02
-1.942750000000000032e-02
-1.808349999999999888e-02
-1.627450000000000077e-02
-1.608829999999999982e-02
-1.593349999999999975e-02
-1.505289999999999927e-02
-1.303769999999999929e-02
-1.254459999999999950e-02
-1.137999999999999949e-02
-9.773520000000000818e-03
-9.757699999999999360e-03
-9.450379999999999545e-03
-9.867509999999999476e-03
-1.110850000000000032e-02
-1.099220000000000058e-02
-1.050940000000000034e-02
-1.041699999999999918e-02
-9.649100000000000732e-03
-7.158949999999999862e-03
-5.468980000000000022e-03
-5.605449999999999669e-03
-5.345309999999999818e-03
-5.123639999999999618e-03
-4.915499999999999731e-03
-4.983070000000000034e-03
-4.684840000000000011e-03
-4.488759999999999625e-03
-1.410779999999999933e-03
5.502789999999999808e-04
1.873139999999999918e-03
4.816540000000000231e-03
6.036230000000000068e-03
7.113249999999999781e-03
7.846119999999999831e-03
7.060819999999999770e-03
5.402549999999999887e-03
4.278309999999999579e-03
2.919820000000000054e-03
2.780110000000000133e-03
1.002850000000000009e-03
3.040529999999999839e-04
4.641439999999999932e-04
1.474379999999999961e-03
2.615859999999999800e-03
2.377690000000000012e-03
2.544450000000000184e-03
4.843720000000000143e-03
6.437629999999999741e-03
7.242270000000000305e-03
9.464439999999999312e-03
1.004170000000000063e-02
9.933799999999999575e-03
1.133450000000000082e-02
1.129980000000000047e-02
1.072269999999999994e-02
1.046790000000000047e-02
1.022170000000000023e-02
9.952529999999999363e-03
8.996789999999999302e-03
7.218020000000000339e-03
5.774450000000000416e-03
3.010109999999999869e-03
1.937909999999999936e-03
-7.766619999999999850e-05
-2.068840000000000175e-03
-3.333239999999999901e-03
-4.365520000000000338e-03
-4.284099999999999887e-03
-4.137449999999999982e-03
-4.285910000000000414e-03
-4.103279999999999948e-03
-5.212890000000000405e-03
-6.292930000000000398e-03
-7.491710000000000383e-03
-8.466160000000000352e-03
-9.784769999999999926e-03
-9.879399999999999987e-03
-9.435749999999999693e-03
-9.355920000000000208e-03
-9.194559999999999192e-03
-8.558490000000000195e-03
-6.815940000000000366e-03
-6.442129999999999905e-03
-6.440579999999999569e-03
-4.685189999999999667e-03
-3.520919999999999866e-03
-1.596470000000000007e-03
3.480670000000000270e-04
1.363660000000000046e-03
3.750380000000000207e-03
4.637320000000000331e-03
5.794739999999999613e-03
6.895400000000000314e-03
8.025030000000000704e-03
6.789019999999999777e-03
3.764550000000000188e-03
3.252060000000000194e-03
2.260560000000000000e-03
-8.746620000000000089e-04
-2.394190000000000033e-03
-3.186379999999999942e-03
-3.404400000000000134e-03
-3.322460000000000170e-03
-2.800949999999999968e-03
-1.049369999999999990e-03
-1.128829999999999938e-03
-1.196940000000000070e-03
-9.350069999999999605e-04
8.696409999999999904e-04
1.034269999999999894e-03
1.770389999999999941e-03
2.913750000000000107e-03
2.915259999999999813e-03
2.835869999999999884e-03
4.762090000000000073e-03
3.882899999999999893e-03
2.104379999999999879e-03
-5.614819999999999750e-04
-2.674849999999999884e-03
-5.362310000000000340e-03
-6.831730000000000268e-03
-8.945869999999999864e-03
-1.031810000000000019e-02
-9.832469999999999405e-03
-9.590670000000000792e-03
-9.594280000000000169e-03
-8.439429999999999502e-03
-7.918440000000000548e-03
-9.015320000000000278e-03
-8.897050000000000097e-03
-1.002019999999999994e-02
-1.040209999999999919e-02
-9.815980000000000191e-03
-1.093970000000000012e-02
-1.168549999999999971e-02
-1.115690000000000084e-02
-1.082849999999999958e-02
-1.072880000000000014e-02
-9.202119999999999397e-03
-6.335249999999999736e-03
-3.700750000000000046e-03
-7.921230000000000458e-04
2.697820000000000079e-03
3.946419999999999963e-03
6.203440000000000169e-03
7.292039999999999633e-03
6.388510000000000022e-03
4.930770000000000118e-03
3.726549999999999915e-03
2.515299999999999828e-03
2.377900000000000066e-03
2.360950000000000115e-03
1.709819999999999916e-03
1.286129999999999966e-04
-3.427679999999999681e-05
3.030509999999999823e-04
1.562199999999999917e-03
2.316990000000000108e-03
2.553339999999999863e-03
5.062600000000000433e-03
6.410149999999999876e-03
5.998960000000000230e-03
5.859439999999999614e-03
5.879539999999999940e-03
5.814879999999999702e-03
5.562730000000000105e-03
6.613009999999999895e-03
7.624650000000000177e-03
8.709430000000000643e-03
1.022080000000000037e-02
1.282679999999999931e-02
1.383370000000000086e-02
1.553279999999999939e-02
1.510829999999999985e-02
1.505210000000000055e-02
1.639180000000000151e-02
1.693329999999999835e-02
1.663070000000000173e-02
1.583719999999999919e-02
1.583740000000000148e-02
1.460679999999999965e-02
1.218499999999999965e-02
8.831739999999999383e-03
7.658980000000000128e-03
4.448970000000000008e-03
1.477489999999999923e-03
-1.839959999999999914e-04
-3.125029999999999995e-03
-6.027359999999999836e-03
-5.628789999999999835e-03
-6.878480000000000184e-03
-5.836960000000000412e-03
-5.354949999999999814e-03
-4.402559999999999807e-03
-1.809260000000000035e-03
6.585090000000000474e-04
1.002440000000000058e-03
7.847270000000000374e-04
8.007910000000000245e-04
8.806760000000000499e-04
6.760139999999999552e-04
7.184189999999999804e-04
-1.444440000000000014e-05
-2.203080000000000056e-03
-4.965299999999999749e-03
-5.792860000000000370e-03
-7.207869999999999902e-03
-8.155870000000000827e-03
-1.015160000000000021e-02
-1.161330000000000001e-02
-1.253959999999999970e-02
-1.332580000000000049e-02
-1.452789999999999984e-02
-1.494949999999999925e-02
-1.441169999999999951e-02
-1.408380000000000049e-02
-1.380750000000000033e-02
-1.464479999999999948e-02
-1.688419999999999851e-02
-1.710329999999999837e-02
-1.592400000000000065e-02
-1.402390000000000060e-02
-1.351409999999999938e-02
-1.337250000000000071e-02
-1.139790000000000074e-02
-8.618390000000000079e-03
-7.944659999999999223e-03
-7.416149999999999826e-03
-4.658409999999999981e-03
-3.039079999999999993e-03
-1.858449999999999989e-03
-7.857870000000000306e-04
-8.590359999999999793e-04
-7.359779999999999794e-04
-7.629180000000000163e-04
4.477050000000000105e-04
1.695890000000000028e-03
1.595040000000000043e-03
1.799849999999999974e-03
3.989740000000000300e-03
6.378400000000000215e-03
8.704240000000000241e-03
9.698999999999999289e-03
9.537999999999999604e-03
1.034030000000000019e-02
1.011790000000000085e-02
9.658220000000000346e-03
8.932320000000000537e-03
6.271879999999999643e-03
4.722960000000000005e-03
4.771860000000000164e-03
3.009809999999999916e-03
2.089600000000000051e-03
1.560619999999999976e-03
1.774720000000000030e-03
4.292540000000000071e-03
4.087000000000000355e-03
3.740639999999999937e-03
3.795489999999999888e-03
3.689589999999999970e-03
5.126219999999999909e-03
7.755070000000000192e-03
7.331319999999999677e-03
8.568499999999999728e-03
9.558050000000000226e-03
1.068880000000000004e-02
1.132619999999999981e-02
1.346259999999999991e-02
1.432199999999999966e-02
1.490969999999999969e-02
1.363679999999999927e-02
1.255900000000000072e-02
1.250139999999999932e-02
1.203210000000000043e-02
1.023420000000000059e-02
7.139399999999999739e-03
4.945070000000000195e-03
3.851489999999999948e-03
1.477299999999999967e-03
-1.405060000000000076e-03
-2.466709999999999996e-03
-2.797309999999999901e-03
-6.068119999999999764e-03
-6.819689999999999780e-03
-8.094910000000000300e-03
-1.101569999999999980e-02
-1.069310000000000052e-02
-1.207279999999999985e-02
-1.415459999999999982e-02
-1.414630000000000054e-02
-1.342029999999999959e-02
-1.336230000000000057e-02
-1.154829999999999919e-02
-1.043000000000000003e-02
-9.996700000000000724e-03
-6.836150000000000039e-03
-3.451039999999999837e-03
-2.503819999999999917e-03
-8.916190000000000432e-05
7.512900000000000524e-04
8.930159999999999487e-04
3.093380000000000175e-03
4.775899999999999590e-03
3.160560000000000192e-03
2.085560000000000191e-03
1.887130000000000101e-03
4.662350000000000110e-04
-3.414749999999999925e-04
1.780039999999999986e-04
-2.559640000000000179e-03
-4.508810000000000248e-03
-5.532320000000000293e-03
-6.460340000000000180e-03
-7.748070000000000131e-03
-7.501899999999999714e-03
-8.517089999999999730e-03
-8.816749999999999934e-03
-7.023660000000000146e-03
-5.661199999999999913e-03
-4.422419999999999823e-03
-2.821600000000000063e-03
-2.016209999999999997e-04
1.786800000000000064e-03
2.416329999999999954e-03
4.496189999999999735e-03
6.843450000000000054e-03
7.661359999999999872e-03
9.127269999999999828e-03
1.192269999999999962e-02
1.140790000000000033e-02
1.176980000000000040e-02
1.168729999999999943e-02
1.087330000000000067e-02
9.238130000000000647e-03
7.710050000000000410e-03
6.558419999999999701e-03
3.978250000000000015e-03
1.843460000000000107e-03
1.411570000000000012e-03
-1.347499999999999956e-03
-2.838439999999999800e-03
-4.548680000000000258e-03
-5.626100000000000198e-03
-5.164669999999999678e-03
-4.783670000000000283e-03
-3.426460000000000096e-03
-2.397809999999999785e-03
-1.194050000000000103e-03
-1.232259999999999996e-03
-1.465469999999999967e-03
-2.670309999999999958e-03
-3.468970000000000040e-03
-4.334710000000000299e-03
-4.135859999999999884e-03
-2.876529999999999972e-03
-1.768440000000000029e-03
-7.600359999999999581e-04
1.140380000000000083e-03
3.009790000000000035e-03
4.143039999999999744e-03
5.940960000000000338e-03
7.324289999999999794e-03
7.734640000000000092e-03
7.831829999999999695e-03
5.554879999999999887e-03
4.430360000000000374e-03
3.072329999999999853e-03
6.732889999999999838e-04
-5.634340000000000268e-04
-1.421720000000000015e-03
-3.225120000000000157e-03
-3.927589999999999901e-03
-3.101079999999999982e-03
-2.067649999999999870e-03
-9.769670000000000264e-04
-2.555090000000000095e-04
1.842230000000000039e-03
3.167890000000000029e-03
3.800860000000000089e-03
4.508479999999999606e-03
5.216110000000000364e-03
5.010099999999999970e-03
4.579090000000000070e-03
4.256030000000000056e-03
2.882510000000000020e-03
2.710199999999999849e-03
1.020840000000000072e-03
-7.879300000000000540e-04
-6.868819999999999874e-04
-1.671720000000000020e-03
-2.017559999999999840e-03
-2.442339999999999876e-03
-3.307549999999999813e-03
-3.061550000000000122e-03
-2.988320000000000039e-03
-2.799170000000000130e-03
-3.899510000000000129e-03
-4.695409999999999688e-03
-3.678380000000000191e-03
-3.418899999999999890e-03
-2.326949999999999939e-03
-2.444110000000000206e-03
-2.678990000000000017e-03
-3.085669999999999993e-03
-4.214019999999999745e-03
-3.806630000000000083e-03
-3.611430000000000109e-03
-3.367080000000000160e-03
-3.275280000000000205e-03
-2.338629999999999962e-03
-1.507939999999999931e-03
3.814239999999999992e-04
2.293640000000000002e-03
2.937120000000000095e-03
3.872459999999999878e-03
5.741890000000000362e-03
6.801159999999999671e-03
7.601189999999999856e-03
8.826399999999999871e-03
1.005999999999999950e-02
1.012419999999999987e-02
1.004799999999999964e-02
9.600030000000000716e-03
8.943639999999999229e-03
8.425099999999999603e-03
7.823329999999999868e-03
7.319769999999999749e-03
6.750660000000000341e-03
6.257330000000000184e-03
5.701659999999999888e-03
5.277750000000000323e-03
4.697299999999999739e-03
4.979029999999999741e-03
5.639029999999999737e-03
4.455279999999999831e-03
2.880890000000000100e-03
2.163060000000000069e-03
1.295649999999999970e-03
3.169170000000000017e-05
-1.660669999999999941e-03
-2.767579999999999953e-03
-3.726580000000000170e-03
-4.742289999999999700e-03
-5.582679999999999587e-03
-6.374099999999999731e-03
-6.594860000000000132e-03
-6.317040000000000328e-03
-6.150120000000000239e-03
-5.954749999999999974e-03
-5.740300000000000263e-03
-5.169700000000000163e-03
-4.216980000000000381e-03
-3.372089999999999897e-03
-2.986079999999999898e-03
-2.034049999999999921e-03
-1.442350000000000012e-03
-5.430780000000000069e-04
-2.453250000000000135e-04
-1.352319999999999954e-04
-1.094610000000000011e-04
-7.563830000000000119e-04
-1.116629999999999966e-03
-2.043199999999999791e-03
-3.307790000000000123e-03
-4.332240000000000223e-03
-4.525000000000000376e-03
-5.269349999999999902e-03
-5.984670000000000094e-03
-6.081800000000000053e-03
-6.201639999999999583e-03
-6.302150000000000286e-03
-6.339599999999999923e-03
-6.316539999999999828e-03
-6.081679999999999899e-03
-5.577930000000000041e-03
-5.369979999999999892e-03
-5.287489999999999725e-03
-4.789120000000000009e-03
-4.522250000000000228e-03
-4.467139999999999653e-03
-3.742479999999999852e-03
-3.088899999999999892e-03
-2.476499999999999969e-03
-1.843870000000000058e-03
-1.389299999999999997e-03
-8.019229999999999588e-04
-2.428680000000000064e-04
2.410269999999999947e-04
6.474820000000000055e-04
1.084090000000000010e-03
1.497730000000000068e-03
1.547219999999999976e-03
1.819770000000000068e-03
2.156139999999999966e-03
2.258350000000000114e-03
2.275440000000000101e-03
2.452370000000000157e-03
2.569459999999999973e-03
2.436840000000000013e-03
2.430910000000000102e-03
2.370520000000000092e-03
2.272730000000000149e-03
2.236849999999999863e-03
2.056090000000000001e-03
1.887529999999999894e-03
1.797589999999999952e-03
1.711440000000000053e-03
1.570739999999999940e-03
1.472170000000000076e-03
1.395559999999999900e-03
1.279579999999999997e-03
1.217900000000000059e-03
1.129900000000000088e-03
1.026159999999999919e-03
9.393920000000000482e-04
8.703219999999999793e-04
8.282880000000000494e-04
7.884829999999999790e-04
7.464900000000000441e-04
7.260310000000000288e-04
7.076950000000000471e-04
6.650049999999999798e-04
6.450629999999999732e-04
6.133970000000000091e-04
5.628399999999999983e-04
5.214730000000000537e-04
4.794940000000000140e-04
4.407910000000000018e-04
4.005079999999999947e-04
3.707030000000000047e-04
3.462420000000000233e-04
3.112449999999999787e-04
2.827630000000000031e-04
2.642570000000000010e-04
2.323009999999999973e-04
2.033629999999999975e-04
1.744319999999999996e-04
1.422209999999999924e-04
1.109590000000000061e-04
8.609809999999999480e-05
5.799810000000000295e-05
3.358789999999999736e-05
1.060620000000000020e-05
-9.568949999999999245e-06
-2.877849999999999899e-05
-4.566730000000000236e-05
-6.198280000000000564e-05
-7.402479999999999640e-05
-8.651599999999999633e-05
-9.631620000000000459e-05
-1.039240000000000031e-04
-1.114599999999999933e-04
-1.179379999999999947e-04
-1.220829999999999897e-04
-1.256709999999999967e-04
-1.284509999999999938e-04
-1.304020000000000027e-04
-1.311610000000000000e-04
-1.312440000000000058e-04
-1.303169999999999925e-04
-1.286790000000000058e-04
-1.262170000000000013e-04
-1.232170000000000097e-04
-1.194359999999999996e-04
-1.150880000000000067e-04
-1.101209999999999982e-04
-1.046489999999999937e-04
-9.861850000000000455e-05
-9.212400000000000092e-05
-8.516339999999999848e-05
-7.779100000000000110e-05
-7.002389999999999884e-05
-6.189350000000000635e-05
