5.027350000000000308e-04
7.488689999999999887e-04
1.125480000000000100e-03
1.268479999999999998e-03
1.271610000000000058e-03
1.132189999999999933e-03
1.324890000000000009e-03
1.948440000000000068e-03
2.424330000000000148e-03
2.738640000000000085e-03
2.479600000000000207e-03
1.558480000000000108e-03
1.675400000000000066e-03
2.462109999999999993e-03
1.819609999999999934e-03
3.375629999999999798e-04
-9.321510000000000136e-05
3.160179999999999955e-05
-6.566649999999999614e-04
-1.586179999999999968e-03
-2.376780000000000212e-03
-2.645789999999999861e-03
-1.586890000000000089e-03
2.837159999999999921e-04
2.827249999999999902e-03
4.555799999999999607e-03
4.757789999999999589e-03
5.512900000000000265e-03
5.807220000000000090e-03
4.581879999999999981e-03
3.213740000000000086e-03
1.805650000000000007e-03
2.744509999999999918e-04
1.841409999999999922e-03
9.750260000000000177e-03
1.833620000000000042e-02
2.050750000000000142e-02
1.461840000000000014e-02
1.296019999999999941e-03
-9.372439999999999244e-03
-1.160160000000000011e-02
-1.198940000000000075e-02
-9.652239999999999431e-03
-6.215049999999999741e-03
-9.301179999999999171e-03
-1.551199999999999975e-02
-1.832680000000000073e-02
-1.277909999999999983e-02
1.454790000000000076e-03
9.743140000000000828e-03
7.848670000000000299e-03
8.757700000000000207e-03
1.001930000000000008e-02
6.719590000000000111e-03
5.461320000000000410e-03
7.369589999999999648e-03
7.457550000000000290e-03
3.095520000000000042e-03
-4.496039999999999759e-03
-9.963889999999999553e-03
-1.016949999999999972e-02
-1.028079999999999966e-02
-1.030760000000000010e-02
-5.519060000000000112e-03
1.873209999999999936e-03
6.361190000000000073e-03
8.350510000000000224e-03
1.226730000000000008e-02
1.611599999999999838e-02
1.426089999999999997e-02
7.998760000000000592e-03
4.095770000000000313e-03
3.760120000000000042e-03
3.611710000000000181e-03
-3.663210000000000186e-04
-6.738309999999999959e-03
-8.928079999999999697e-03
-7.353039999999999923e-03
-3.673940000000000105e-03
2.104879999999999945e-03
7.389920000000000343e-03
1.243690000000000073e-02
1.851130000000000136e-02
2.378780000000000130e-02
2.639220000000000108e-02
2.135880000000000070e-02
-1.217549999999999969e-03
-2.512100000000000097e-02
-2.455130000000000159e-02
-1.942160000000000067e-02
-2.374230000000000090e-02
-1.645529999999999909e-02
9.899500000000000747e-04
1.405649999999999955e-02
2.344629999999999978e-02
2.745670000000000055e-02
2.370989999999999903e-02
5.258490000000000213e-03
-1.839340000000000072e-02
-1.513989999999999954e-02
-5.719499999999999758e-03
-1.945360000000000145e-02
-3.157639999999999753e-02
-3.040680000000000119e-02
-3.020099999999999868e-02
-3.134889999999999899e-02
-2.565409999999999913e-02
-1.287050000000000000e-02
6.913229999999999538e-05
5.611350000000000192e-03
4.627560000000000180e-03
3.916440000000000199e-03
1.285969999999999995e-02
2.742740000000000108e-02
2.993209999999999968e-02
2.699350000000000013e-02
2.543199999999999975e-02
1.126800000000000024e-02
-2.693849999999999804e-03
7.182319999999999633e-04
6.552569999999999749e-03
7.843620000000000800e-03
1.028010000000000035e-02
1.175029999999999998e-02
9.613190000000000623e-03
8.659750000000000780e-03
1.615959999999999966e-02
2.716560000000000155e-02
3.044770000000000115e-02
2.881859999999999977e-02
2.742239999999999955e-02
2.212739999999999846e-02
1.541039999999999945e-02
9.983260000000000745e-03
3.073910000000000010e-03
-3.713940000000000210e-03
-6.994740000000000159e-03
-5.665420000000000005e-03
-1.582379999999999984e-03
-8.705870000000000318e-04
-6.911370000000000013e-03
-1.405140000000000035e-02
-1.766989999999999880e-02
-1.999410000000000076e-02
-2.029950000000000157e-02
-1.444119999999999952e-02
-6.716289999999999760e-03
-4.872910000000000262e-03
-1.984450000000000016e-03
1.223130000000000051e-02
2.848250000000000087e-02
3.541489999999999916e-02
3.744879999999999737e-02
3.077449999999999977e-02
4.278239999999999994e-03
-2.643699999999999870e-02
-5.588739999999999680e-02
-1.006220000000000031e-01
-1.376380000000000103e-01
-1.401850000000000041e-01
-1.205249999999999932e-01
-9.853779999999999484e-02
-8.604589999999999461e-02
-8.083289999999999920e-02
-7.183029999999999970e-02
-5.882129999999999997e-02
-4.970949999999999674e-02
-4.307570000000000149e-02
-4.256660000000000305e-02
-5.055330000000000240e-02
-5.383829999999999866e-02
-4.732499999999999901e-02
-2.314580000000000110e-02
1.957390000000000171e-02
5.453890000000000127e-02
7.244710000000000039e-02
9.239930000000000365e-02
1.151250000000000051e-01
1.262810000000000044e-01
1.292939999999999923e-01
1.145960000000000034e-01
7.732210000000000472e-02
2.894520000000000079e-02
-8.718959999999999558e-03
-7.194560000000000018e-03
7.057090000000000238e-03
2.475050000000000167e-02
5.797780000000000294e-02
8.087940000000000407e-02
9.958849999999999647e-02
1.195620000000000016e-01
1.254069999999999907e-01
1.248729999999999979e-01
1.047209999999999946e-01
6.214519999999999766e-02
1.375640000000000022e-02
-5.010209999999999664e-02
-7.289690000000000059e-02
-5.082570000000000143e-02
-3.901860000000000051e-02
3.421649999999999692e-02
1.014120000000000021e-01
7.053320000000000423e-02
3.869609999999999717e-02
1.122729999999999952e-03
-5.083610000000000212e-02
-6.382590000000000485e-02
-5.293849999999999945e-02
-2.390679999999999888e-02
1.161230000000000075e-02
1.545299999999999972e-02
2.053080000000000096e-03
-7.808869999999999874e-03
-1.861459999999999851e-02
-1.333140000000000019e-02
-1.043320000000000011e-02
-3.735220000000000207e-02
-6.114359999999999934e-02
-6.100719999999999754e-02
-5.608810000000000184e-02
-3.909370000000000206e-02
-5.538719999999999581e-03
9.532050000000000245e-03
-3.054630000000000019e-03
-2.999210000000000070e-02
-5.449110000000000065e-02
-5.390350000000000003e-02
-3.933319999999999872e-02
-1.140960000000000064e-02
3.190679999999999905e-02
4.847080000000000138e-02
3.807300000000000267e-02
1.370649999999999993e-02
-5.154720000000000135e-02
-1.183389999999999997e-01
-1.172610000000000041e-01
-8.437000000000000055e-02
-6.217009999999999897e-02
-2.508070000000000091e-02
-3.657360000000000125e-03
-1.331019999999999946e-02
-1.220899999999999937e-02
-2.185849999999999946e-02
-5.361169999999999825e-02
-6.415410000000000557e-02
-4.989829999999999960e-02
-4.081739999999999674e-02
-4.099919999999999953e-02
-4.941920000000000340e-02
-7.717920000000000336e-02
-9.448090000000000654e-02
-8.243609999999999827e-02
-6.968920000000000670e-02
-5.148099999999999898e-02
-2.773300000000000071e-02
-1.961030000000000065e-02
-2.607380000000000114e-02
-1.981319999999999956e-02
1.378949999999999967e-02
4.040259999999999685e-02
5.684499999999999970e-02
8.827400000000000524e-02
1.120519999999999988e-01
1.107130000000000059e-01
1.063059999999999977e-01
1.058859999999999940e-01
9.716260000000000174e-02
8.348310000000000453e-02
7.541470000000000118e-02
5.459750000000000020e-02
1.076970000000000011e-02
-2.255400000000000113e-02
-7.248029999999999751e-02
-1.692950000000000010e-01
-2.098760000000000070e-01
-1.770140000000000047e-01
-1.468859999999999888e-01
-8.890130000000000254e-02
-2.605280000000000096e-02
-1.252280000000000060e-02
-1.310640000000000069e-02
-1.358900000000000038e-02
-1.656300000000000133e-02
-1.818940000000000140e-02
-1.656389999999999946e-02
1.225470000000000032e-02
5.817529999999999923e-02
9.053959999999999786e-02
1.267520000000000036e-01
1.534729999999999983e-01
1.475140000000000062e-01
1.322180000000000022e-01
7.404380000000000683e-02
-6.163260000000000266e-03
-2.623069999999999916e-02
-1.138310000000000016e-02
3.836380000000000345e-02
1.063360000000000000e-01
1.349019999999999941e-01
1.600810000000000011e-01
1.769469999999999932e-01
1.576450000000000073e-01
1.195819999999999939e-01
7.215420000000000167e-02
3.481639999999999735e-02
1.941019999999999898e-02
2.999769999999999867e-02
5.625689999999999857e-02
7.580670000000000464e-02
9.231770000000000254e-02
9.814860000000000251e-02
7.679339999999999777e-02
5.401510000000000339e-02
4.473049999999999943e-02
3.490390000000000159e-02
2.883600000000000052e-02
2.954560000000000172e-02
3.651150000000000229e-02
3.146199999999999691e-02
-8.255399999999999598e-05
-3.364729999999999804e-02
-7.066830000000000334e-02
-9.004750000000000254e-02
-7.129699999999999926e-02
-6.127210000000000295e-02
-6.561430000000000040e-02
-6.871860000000000468e-02
-9.176589999999999747e-02
-1.498039999999999927e-01
-1.903579999999999994e-01
-1.750609999999999944e-01
-1.668900000000000106e-01
-1.487950000000000106e-01
-7.144979999999999387e-02
2.104819999999999955e-02
1.332969999999999988e-01
2.079330000000000067e-01
1.869800000000000073e-01
1.898219999999999907e-01
2.070029999999999926e-01
1.457799999999999929e-01
7.947859999999999647e-02
4.080509999999999693e-02
-1.430069999999999952e-02
-5.824170000000000041e-02
-8.373709999999999487e-02
-1.161220000000000030e-01
-1.330759999999999998e-01
-1.404340000000000033e-01
-1.563130000000000075e-01
-1.628060000000000063e-01
-1.642059999999999909e-01
-1.603459999999999885e-01
-1.405359999999999943e-01
-1.197580000000000033e-01
-1.058999999999999941e-01
-9.971370000000000233e-02
-9.560889999999999667e-02
-7.892269999999999841e-02
-5.794019999999999726e-02
-4.732750000000000151e-02
-4.079220000000000068e-02
-2.939579999999999971e-02
-1.553369999999999924e-02
-8.062480000000000341e-03
-1.175490000000000042e-02
-3.930499999999999966e-03
3.680680000000000063e-02
7.923610000000000375e-02
1.064930000000000043e-01
1.367200000000000082e-01
1.528180000000000094e-01
1.520120000000000082e-01
1.387829999999999897e-01
9.833229999999999749e-02
5.272770000000000234e-02
8.638190000000000451e-03
-2.293859999999999996e-02
-1.556440000000000080e-02
9.477050000000000751e-03
3.515379999999999894e-02
4.717029999999999834e-02
2.858830000000000052e-02
-1.632720000000000005e-02
-6.961440000000000683e-02
-8.841400000000000647e-02
-7.134959999999999913e-02
-5.350089999999999707e-02
-3.756269999999999748e-02
-3.599510000000000209e-02
-5.012740000000000251e-02
-5.900319999999999870e-02
-5.831309999999999966e-02
-5.439490000000000297e-02
-5.862049999999999900e-02
-6.595020000000000049e-02
-6.260380000000000111e-02
-4.873999999999999860e-02
-3.265149999999999997e-02
-1.866550000000000153e-02
-1.320829999999999921e-02
-1.740169999999999911e-02
-1.330579999999999957e-02
6.418440000000000083e-03
2.370239999999999847e-02
2.518530000000000074e-02
7.036169999999999577e-03
-2.544789999999999899e-02
-6.237299999999999789e-02
-9.127739999999999465e-02
-7.257149999999999712e-02
-9.096609999999999766e-03
3.947849999999999970e-02
7.119999999999999940e-02
1.205200000000000021e-01
1.656019999999999992e-01
1.769219999999999959e-01
1.538640000000000008e-01
9.396590000000000498e-02
7.104300000000000025e-03
-6.705890000000000462e-02
-8.283540000000000347e-02
-7.390299999999999647e-02
-7.926510000000000500e-02
-6.399559999999999971e-02
-3.445190000000000058e-02
-1.265980000000000057e-02
1.082520000000000010e-02
2.134020000000000014e-02
1.713030000000000108e-02
3.736359999999999681e-02
7.996399999999999342e-02
1.065119999999999956e-01
1.275070000000000092e-01
1.611640000000000017e-01
1.897610000000000130e-01
1.908519999999999939e-01
1.478790000000000104e-01
8.740340000000000609e-02
5.023650000000000337e-02
1.792600000000000096e-02
-2.615620000000000098e-02
-5.760559999999999986e-02
-6.943299999999999472e-02
-8.088120000000000032e-02
-8.510320000000000384e-02
-7.400439999999999796e-02
-5.715660000000000185e-02
-2.720840000000000064e-02
-5.515830000000000212e-03
-1.308070000000000066e-02
-1.641619999999999885e-02
8.657309999999999658e-03
4.071120000000000294e-02
6.174140000000000184e-02
1.016640000000000044e-01
1.557550000000000046e-01
1.675850000000000117e-01
1.468450000000000033e-01
1.233889999999999987e-01
8.927369999999999750e-02
2.971170000000000061e-02
-1.237970000000000043e-02
1.234700000000000034e-02
4.911530000000000062e-02
7.483529999999999349e-02
8.837659999999999960e-02
8.354989999999999639e-02
7.259480000000000099e-02
1.515730000000000029e-02
-4.220440000000000302e-02
-4.606319999999999859e-02
-4.669620000000000021e-02
-5.021629999999999844e-02
-6.244519999999999932e-02
-8.990109999999999768e-02
-1.036890000000000034e-01
-1.145059999999999967e-01
-1.380810000000000093e-01
-1.573620000000000019e-01
-1.301049999999999984e-01
-6.236209999999999670e-02
-1.436439999999999939e-02
3.779980000000000059e-03
2.572389999999999920e-03
-1.754179999999999975e-02
-5.098489999999999966e-02
-8.799250000000000127e-02
-1.095560000000000006e-01
-1.152320000000000011e-01
-1.126299999999999940e-01
-8.141829999999999901e-02
-2.477620000000000169e-02
3.025119999999999892e-02
8.110119999999999829e-02
1.022799999999999959e-01
8.697380000000000388e-02
6.798239999999999839e-02
3.622550000000000076e-02
-7.477850000000000295e-03
-5.170580000000000315e-02
-1.231119999999999992e-01
-1.751719999999999944e-01
-1.660270000000000079e-01
-1.606509999999999883e-01
-1.277689999999999937e-01
-3.431700000000000028e-02
4.559689999999999924e-03
-1.571399999999999880e-02
-1.244299999999999920e-02
-2.534190000000000054e-02
-6.447200000000000153e-02
-6.141060000000000269e-02
-4.947990000000000027e-02
-6.201249999999999818e-02
-3.957909999999999900e-02
-1.896630000000000061e-03
-6.781879999999999679e-03
-1.636349999999999957e-02
-1.572770000000000071e-02
-3.245379999999999793e-02
-4.909050000000000219e-02
-5.293260000000000326e-02
-5.580380000000000063e-02
-6.396140000000000159e-02
-7.072860000000000258e-02
-6.603180000000000160e-02
-4.139659999999999868e-02
2.620830000000000208e-03
4.720749999999999946e-02
6.406309999999999782e-02
5.237390000000000101e-02
5.157260000000000316e-02
6.617169999999999996e-02
6.879639999999999367e-02
6.329110000000000291e-02
6.346110000000000639e-02
7.110320000000000529e-02
6.700530000000000375e-02
3.962489999999999762e-02
6.006019999999999935e-03
-2.614249999999999907e-02
-3.542349999999999666e-02
-8.021810000000000745e-03
3.160049999999999665e-02
5.942009999999999653e-02
7.658840000000000092e-02
9.302710000000000146e-02
9.230869999999999354e-02
7.797429999999999639e-02
6.531309999999999893e-02
5.183619999999999894e-02
4.418760000000000049e-02
4.160679999999999934e-02
6.222579999999999778e-02
1.024459999999999954e-01
1.052069999999999950e-01
8.649249999999999994e-02
8.088599999999999957e-02
6.007950000000000096e-02
4.103310000000000290e-02
4.699419999999999986e-02
4.448699999999999877e-02
2.757739999999999844e-02
1.620210000000000053e-02
8.385220000000000520e-03
-1.951159999999999960e-03
-1.325139999999999998e-02
-2.317210000000000103e-02
-3.858009999999999912e-02
-5.929569999999999980e-02
-6.941769999999999885e-02
-7.637320000000000220e-02
-7.842860000000000109e-02
-3.838210000000000233e-02
2.203959999999999947e-02
6.542180000000000217e-02
1.044250000000000039e-01
1.152780000000000055e-01
1.004710000000000047e-01
9.143049999999999788e-02
6.638560000000000294e-02
3.403919999999999862e-02
4.267189999999999699e-03
-3.939349999999999796e-02
-8.419809999999999794e-02
-1.197600000000000053e-01
-1.323670000000000124e-01
-1.306120000000000059e-01
-1.376139999999999863e-01
-1.360210000000000030e-01
-1.278910000000000047e-01
-1.114450000000000024e-01
-7.474459999999999438e-02
-4.532610000000000111e-02
-2.072879999999999862e-02
1.768830000000000055e-02
3.885190000000000171e-02
3.399549999999999794e-02
3.645249999999999879e-02
4.025080000000000324e-02
2.468599999999999961e-02
-3.693230000000000037e-03
-1.843770000000000131e-02
-1.643820000000000003e-02
-1.611970000000000069e-02
6.699710000000000214e-03
5.304119999999999668e-02
7.240019999999999789e-02
6.846470000000000333e-02
7.311499999999999944e-02
6.708229999999999749e-02
4.059220000000000189e-02
1.810890000000000069e-02
-8.010400000000000853e-03
-5.044989999999999891e-02
-6.999740000000000129e-02
-5.507789999999999908e-02
-4.127419999999999700e-02
-3.302709999999999674e-02
-2.714559999999999890e-02
-2.968820000000000139e-02
-3.271489999999999815e-02
-3.114029999999999923e-02
-2.756689999999999835e-02
-1.995740000000000014e-02
-9.018530000000000296e-03
-5.044919999999999613e-03
-7.731329999999999800e-03
-1.738570000000000046e-02
-5.325270000000000004e-02
-8.422910000000000119e-02
-7.725819999999999910e-02
-7.286919999999999509e-02
-7.499970000000000248e-02
-6.083700000000000219e-02
-4.506729999999999764e-02
-3.366650000000000198e-02
-1.624230000000000118e-02
9.416050000000000461e-03
3.470369999999999705e-02
5.018040000000000000e-02
5.568789999999999851e-02
5.853679999999999994e-02
5.615900000000000059e-02
4.337060000000000221e-02
2.521769999999999914e-02
1.043220000000000085e-02
3.741620000000000189e-03
4.379069999999999664e-03
1.110659999999999946e-02
2.029999999999999860e-02
2.480409999999999907e-02
2.247330000000000161e-02
1.217990000000000045e-02
-1.040759999999999949e-02
-2.718999999999999889e-02
-1.904290000000000149e-02
-3.632830000000000087e-03
3.452499999999999840e-03
9.533089999999999490e-04
-1.500729999999999946e-02
-4.580220000000000125e-02
-7.773760000000000392e-02
-8.580569999999999864e-02
-8.226260000000000516e-02
-8.706930000000000225e-02
-8.276229999999999698e-02
-7.381340000000000123e-02
-7.728630000000000222e-02
-7.986200000000000243e-02
-6.495679999999999510e-02
-4.032030000000000336e-02
-1.956120000000000081e-02
1.182869999999999928e-03
1.268659999999999927e-02
6.704080000000000282e-03
-6.559579999999999968e-04
-4.947949999999999571e-03
-6.334869999999999607e-04
2.647889999999999966e-02
5.624130000000000101e-02
6.317230000000000067e-02
5.659530000000000116e-02
3.487799999999999928e-02
-1.597109999999999849e-02
-5.210879999999999679e-02
-4.068370000000000319e-02
-2.348180000000000059e-02
-1.992510000000000114e-02
-1.599220000000000155e-02
-1.811590000000000075e-02
-3.137700000000000211e-02
-3.813629999999999798e-02
-3.631380000000000025e-02
-2.876249999999999987e-02
-1.729459999999999938e-03
3.106779999999999958e-02
5.279219999999999746e-02
7.680449999999999777e-02
1.008239999999999970e-01
1.075979999999999992e-01
1.118019999999999986e-01
1.339269999999999905e-01
1.595610000000000084e-01
1.738220000000000043e-01
1.789630000000000110e-01
1.753939999999999944e-01
1.634940000000000004e-01
1.457170000000000132e-01
1.279710000000000014e-01
1.093230000000000035e-01
8.840950000000000197e-02
7.905750000000000277e-02
7.714999999999999636e-02
6.815259999999999374e-02
6.169510000000000272e-02
6.532169999999999643e-02
7.770440000000000680e-02
9.695149999999999602e-02
1.114150000000000001e-01
1.196959999999999968e-01
1.211639999999999939e-01
9.358640000000000014e-02
5.016310000000000213e-02
2.714489999999999958e-02
6.884310000000000256e-03
-1.974899999999999919e-02
-2.630230000000000068e-02
-2.723630000000000148e-02
-3.736570000000000169e-02
-3.734950000000000075e-02
-2.964100000000000068e-02
-2.689870000000000108e-02
-2.489229999999999915e-02
-1.751549999999999982e-02
-5.714549999999999665e-03
4.246970000000000085e-03
1.199210000000000033e-02
2.621160000000000156e-02
4.547500000000000153e-02
5.340559999999999752e-02
5.465219999999999800e-02
6.679369999999999752e-02
8.096760000000000068e-02
8.414530000000000620e-02
7.059730000000000172e-02
3.955739999999999951e-02
5.205389999999999844e-03
-3.183199999999999918e-02
-5.971069999999999850e-02
-5.910929999999999657e-02
-5.149999999999999717e-02
-4.464959999999999762e-02
-3.225100000000000189e-02
-2.331340000000000148e-02
-2.212379999999999902e-02
-2.856229999999999880e-02
-4.174869999999999970e-02
-5.337719999999999965e-02
-5.472010000000000068e-02
-5.290419999999999845e-02
-4.552470000000000128e-02
-2.756489999999999982e-02
-6.040440000000000219e-03
9.298249999999999224e-03
6.880009999999999772e-03
-3.778520000000000056e-03
-8.579210000000000308e-03
-1.096680000000000051e-02
-1.040929999999999980e-02
1.031659999999999999e-03
1.553189999999999953e-02
2.147109999999999991e-02
1.840220000000000050e-02
-1.722350000000000096e-03
-3.110440000000000080e-02
-4.531890000000000224e-02
-4.927630000000000204e-02
-5.883950000000000291e-02
-6.628570000000000295e-02
-6.143969999999999987e-02
-5.546489999999999754e-02
-5.161700000000000316e-02
-3.938679999999999959e-02
-2.415039999999999895e-02
-9.860930000000000389e-03
-9.469990000000000450e-05
4.082339999999999949e-04
-8.425210000000000468e-04
-3.000119999999999783e-03
-6.023680000000000007e-03
-8.700559999999999544e-03
-9.575349999999999834e-03
1.330089999999999918e-03
2.344239999999999866e-02
4.094729999999999898e-02
4.524659999999999793e-02
4.473799999999999999e-02
3.508619999999999794e-02
9.928239999999999635e-03
-2.884009999999999786e-03
4.559610000000000399e-03
1.241259999999999933e-02
2.781569999999999876e-02
5.164139999999999703e-02
6.220459999999999878e-02
6.255910000000000637e-02
6.254110000000000225e-02
4.932340000000000335e-02
2.540610000000000090e-02
8.613660000000000197e-04
-1.969279999999999989e-02
-2.427280000000000063e-02
-2.206730000000000150e-02
-2.269929999999999864e-02
-1.694319999999999854e-02
-7.278559999999999891e-03
-4.079870000000000089e-04
6.551669999999999890e-03
1.062109999999999964e-02
8.830609999999999155e-03
9.501719999999999958e-03
1.118300000000000023e-02
8.232029999999999556e-03
5.818020000000000136e-03
5.097130000000000064e-03
3.088800000000000053e-03
4.932999999999999695e-05
4.524049999999999946e-03
1.870969999999999925e-02
3.298620000000000024e-02
4.844939999999999664e-02
6.167879999999999890e-02
5.980509999999999993e-02
4.410019999999999912e-02
2.949869999999999923e-02
2.585869999999999835e-02
2.871560000000000085e-02
3.413059999999999705e-02
4.016469999999999763e-02
4.081479999999999830e-02
3.737479999999999969e-02
3.123640000000000097e-02
2.365290000000000101e-02
2.112460000000000032e-02
2.427920000000000078e-02
2.865209999999999979e-02
3.104379999999999987e-02
2.909259999999999971e-02
1.540079999999999921e-02
-1.331629999999999966e-02
-4.177410000000000151e-02
-5.313720000000000249e-02
-5.416830000000000256e-02
-5.343509999999999927e-02
-4.283649999999999958e-02
-1.973489999999999966e-02
-7.365100000000000076e-04
1.824560000000000027e-03
1.479379999999999975e-03
-1.143670000000000060e-03
-2.140440000000000051e-02
-4.429129999999999873e-02
-4.930310000000000248e-02
-4.773449999999999915e-02
-5.050120000000000303e-02
-5.081689999999999818e-02
-5.294329999999999870e-02
-6.194340000000000263e-02
-6.886309999999999654e-02
-7.146379999999999399e-02
-7.397570000000000534e-02
-7.640339999999999632e-02
-7.352609999999999701e-02
-6.583940000000000625e-02
-5.550469999999999710e-02
-3.872099999999999848e-02
-2.081099999999999964e-02
-7.709650000000000183e-03
-3.080470000000000083e-03
-6.667349999999999839e-03
-7.984259999999999968e-03
-6.230610000000000141e-03
-8.119329999999999256e-03
-1.055180000000000007e-02
-7.730489999999999584e-03
-3.242200000000000203e-03
-1.473920000000000091e-03
1.254949999999999902e-04
-1.894559999999999994e-03
-1.061699999999999970e-02
-1.920759999999999829e-02
-2.654110000000000150e-02
-3.529449999999999948e-02
-4.498209999999999709e-02
-5.418520000000000281e-02
-5.933859999999999829e-02
-6.291159999999999808e-02
-6.563950000000000340e-02
-6.221639999999999809e-02
-5.895569999999999977e-02
-5.797240000000000032e-02
-5.213079999999999797e-02
-4.242889999999999856e-02
-3.175630000000000119e-02
-2.350949999999999915e-02
-1.909210000000000074e-02
-1.675029999999999922e-02
-1.930360000000000062e-02
-2.535219999999999835e-02
-2.960190000000000043e-02
-3.350829999999999781e-02
-4.452169999999999739e-02
-6.178630000000000233e-02
-6.926759999999999862e-02
-6.839900000000000146e-02
-7.258530000000000537e-02
-7.358230000000000326e-02
-6.785380000000000578e-02
-6.460090000000000277e-02
-6.160809999999999897e-02
-5.733780000000000127e-02
-5.476339999999999680e-02
-5.241309999999999719e-02
-5.261590000000000017e-02
-5.559069999999999984e-02
-5.675270000000000314e-02
-5.730500000000000177e-02
-5.579300000000000231e-02
-5.069440000000000057e-02
-4.565779999999999839e-02
-3.769940000000000097e-02
-2.699930000000000038e-02
-2.175039999999999960e-02
-2.129649999999999946e-02
-2.346600000000000075e-02
-2.855939999999999868e-02
-3.119200000000000098e-02
-3.031850000000000170e-02
-2.545959999999999890e-02
-1.902310000000000112e-02
-1.451210000000000000e-02
-1.337890000000000086e-02
-1.996809999999999904e-02
-3.134440000000000143e-02
-3.821139999999999953e-02
-3.780859999999999776e-02
-3.581789999999999974e-02
-3.019449999999999912e-02
-2.103129999999999930e-02
-1.380679999999999928e-02
-5.768589999999999655e-03
4.087239999999999797e-03
1.383219999999999936e-02
2.066080000000000000e-02
2.455330000000000013e-02
2.750390000000000126e-02
2.441099999999999867e-02
1.866440000000000113e-02
1.772489999999999830e-02
1.491450000000000067e-02
6.097929999999999670e-03
-3.842909999999999837e-04
-9.454710000000000284e-04
1.091930000000000071e-03
7.112939999999999888e-03
1.569299999999999862e-02
2.214179999999999968e-02
2.333899999999999864e-02
1.776470000000000132e-02
9.164439999999999392e-03
4.704520000000000229e-03
6.031619999999999690e-03
8.697359999999999466e-03
1.071150000000000053e-02
1.442869999999999917e-02
1.831539999999999904e-02
1.632789999999999936e-02
1.258440000000000079e-02
1.355510000000000048e-02
1.731720000000000134e-02
2.061320000000000166e-02
2.216720000000000149e-02
2.476259999999999920e-02
2.648079999999999878e-02
2.320629999999999915e-02
1.985910000000000106e-02
2.202360000000000081e-02
2.767500000000000168e-02
3.241839999999999999e-02
3.461190000000000100e-02
3.230149999999999688e-02
2.962120000000000031e-02
3.029300000000000048e-02
3.056829999999999964e-02
3.124570000000000125e-02
3.252660000000000273e-02
3.233219999999999844e-02
2.968890000000000071e-02
2.599539999999999837e-02
2.097349999999999909e-02
1.058830000000000014e-02
7.550400000000000080e-04
-6.228839999999999811e-04
1.236560000000000046e-03
-8.174639999999999511e-04
-3.855330000000000128e-03
-6.905900000000000406e-03
-1.122599999999999987e-02
-1.426769999999999948e-02
-1.755100000000000063e-02
-2.425899999999999931e-02
-3.257170000000000204e-02
-3.689739999999999687e-02
-3.859959999999999780e-02
-3.838720000000000326e-02
-3.387649999999999689e-02
-3.141789999999999861e-02
-3.093189999999999829e-02
-2.757070000000000007e-02
-2.304609999999999992e-02
-1.836540000000000047e-02
-1.411590000000000067e-02
-7.715210000000000123e-03
1.888719999999999982e-03
9.300110000000000321e-03
1.581389999999999879e-02
2.198699999999999960e-02
2.422500000000000001e-02
2.712490000000000040e-02
3.212000000000000272e-02
3.685200000000000281e-02
4.206290000000000029e-02
4.535700000000000148e-02
4.711420000000000191e-02
4.834320000000000284e-02
4.567729999999999707e-02
4.290920000000000151e-02
4.359539999999999943e-02
4.303270000000000012e-02
4.053410000000000346e-02
3.902060000000000251e-02
3.793200000000000044e-02
3.354809999999999737e-02
2.599030000000000090e-02
2.038169999999999912e-02
1.620709999999999859e-02
6.672220000000000407e-03
-9.267020000000000812e-03
-2.051769999999999983e-02
-2.327649999999999858e-02
-2.634279999999999955e-02
-2.708800000000000097e-02
-2.319399999999999934e-02
-2.287900000000000003e-02
-2.374959999999999918e-02
-2.172019999999999854e-02
-2.047240000000000171e-02
-2.031049999999999869e-02
-2.078340000000000048e-02
-2.042129999999999987e-02
-1.439110000000000042e-02
-2.051489999999999998e-03
7.257579999999999587e-03
7.773999999999999660e-03
3.060170000000000078e-03
-9.639379999999999477e-03
-2.134499999999999939e-02
-1.862050000000000163e-02
-1.137890000000000082e-02
-3.839560000000000108e-03
7.424420000000000151e-03
1.317929999999999970e-02
1.009600000000000081e-02
6.303689999999999814e-03
4.457469999999999835e-03
5.559650000000000182e-03
1.218409999999999979e-02
2.435040000000000121e-02
3.692850000000000299e-02
4.244620000000000337e-02
4.541810000000000291e-02
5.024689999999999712e-02
4.993059999999999859e-02
4.333209999999999840e-02
3.803379999999999955e-02
3.491849999999999815e-02
3.432120000000000309e-02
3.803979999999999861e-02
4.073190000000000144e-02
4.224859999999999727e-02
4.153779999999999972e-02
3.090599999999999944e-02
1.284820000000000059e-02
-3.317309999999999964e-03
-1.016779999999999941e-02
-1.158069999999999933e-02
-1.264400000000000072e-02
-6.352029999999999829e-03
3.000060000000000140e-03
6.726979999999999592e-03
7.321239999999999692e-03
6.818420000000000383e-03
7.796840000000000194e-03
1.308149999999999938e-02
1.766190000000000121e-02
2.009570000000000106e-02
2.159830000000000083e-02
1.127270000000000008e-02
-3.308039999999999939e-03
-2.900119999999999955e-03
2.805450000000000131e-03
1.017720000000000083e-02
2.849459999999999840e-02
4.235400000000000276e-02
4.220329999999999915e-02
4.114940000000000264e-02
4.110300000000000065e-02
3.616309999999999664e-02
2.962820000000000037e-02
2.792539999999999953e-02
2.698559999999999848e-02
2.410779999999999867e-02
2.613429999999999920e-02
2.993370000000000059e-02
3.120869999999999894e-02
3.295449999999999768e-02
3.288760000000000294e-02
3.017620000000000025e-02
2.790559999999999916e-02
2.563889999999999919e-02
2.536650000000000016e-02
2.801500000000000171e-02
2.818620000000000153e-02
2.417679999999999829e-02
2.039519999999999875e-02
1.806320000000000148e-02
1.733950000000000075e-02
1.899390000000000106e-02
1.952610000000000109e-02
1.829209999999999864e-02
1.689200000000000076e-02
1.620730000000000087e-02
1.700669999999999960e-02
1.755519999999999997e-02
1.683919999999999861e-02
1.455760000000000040e-02
1.149269999999999979e-02
9.189269999999999383e-03
7.931989999999999874e-03
7.313939999999999678e-03
6.231650000000000036e-03
4.635379999999999709e-03
2.412779999999999786e-03
-1.761870000000000016e-03
-6.049869999999999727e-03
-7.829620000000000676e-03
-9.779680000000000664e-03
-9.928899999999999185e-03
-5.345360000000000389e-03
-4.881449999999999960e-04
5.971960000000000116e-03
1.476670000000000066e-02
1.940280000000000130e-02
2.091969999999999941e-02
2.207519999999999968e-02
2.009179999999999994e-02
1.820120000000000071e-02
1.748809999999999948e-02
1.558110000000000051e-02
1.933299999999999949e-02
2.762200000000000072e-02
3.034210000000000032e-02
3.244749999999999718e-02
3.543450000000000072e-02
3.179010000000000169e-02
2.520489999999999883e-02
1.732939999999999828e-02
9.517700000000000465e-03
5.849599999999999939e-03
2.023650000000000101e-03
-1.901190000000000085e-03
-2.411030000000000204e-03
-3.399419999999999786e-03
-8.050299999999999817e-03
-1.400550000000000059e-02
-1.638239999999999835e-02
-1.626350000000000018e-02
-1.861470000000000138e-02
-2.122140000000000137e-02
-2.171280000000000085e-02
-2.275829999999999867e-02
-2.334369999999999848e-02
-2.065880000000000147e-02
-1.780450000000000088e-02
-1.662939999999999904e-02
-1.427359999999999914e-02
-1.089449999999999967e-02
-9.019819999999999574e-03
-9.121399999999999994e-03
-8.409079999999999333e-03
-3.737429999999999919e-03
5.191139999999999904e-04
4.727460000000000169e-04
1.776400000000000028e-03
4.916300000000000184e-03
5.556229999999999676e-03
5.649229999999999877e-03
6.455409999999999968e-03
5.250150000000000303e-03
2.799670000000000197e-03
1.770810000000000049e-03
8.862899999999999728e-04
-8.321560000000000198e-04
-2.160700000000000099e-04
3.654559999999999840e-03
6.864929999999999991e-03
9.501390000000000183e-03
1.279920000000000016e-02
1.441249999999999996e-02
1.568610000000000143e-02
1.571859999999999924e-02
1.197800000000000080e-02
9.700069999999999873e-03
9.306850000000000192e-03
7.100219999999999969e-03
7.204059999999999978e-03
1.024579999999999935e-02
1.193729999999999965e-02
1.394240000000000063e-02
1.562890000000000112e-02
1.476489999999999921e-02
1.526549999999999956e-02
1.624209999999999890e-02
1.350269999999999943e-02
1.014810000000000018e-02
8.615859999999999491e-03
6.374969999999999769e-03
3.540479999999999929e-03
1.237859999999999915e-03
-1.293190000000000051e-03
-3.812139999999999886e-03
-6.525020000000000299e-03
-1.255159999999999956e-02
-2.211909999999999918e-02
-2.909799999999999887e-02
-3.304889999999999911e-02
-3.601950000000000290e-02
-3.558830000000000326e-02
-3.547100000000000253e-02
-3.745249999999999968e-02
-3.848859999999999781e-02
-3.961669999999999775e-02
-4.027939999999999993e-02
-3.752599999999999686e-02
-3.367730000000000029e-02
-2.990500000000000103e-02
-2.350029999999999827e-02
-2.010280000000000053e-02
-1.992620000000000155e-02
-1.750600000000000073e-02
-1.833100000000000007e-02
-2.166260000000000061e-02
-2.202520000000000172e-02
-2.041269999999999890e-02
-1.722059999999999910e-02
-1.387090000000000024e-02
-1.243529999999999983e-02
-1.320819999999999980e-02
-1.425099999999999978e-02
-1.160270000000000051e-02
-3.884999999999999998e-03
2.730549999999999991e-03
6.504929999999999914e-03
1.004580000000000056e-02
5.094880000000000415e-03
-4.235609999999999896e-03
-6.795680000000000123e-03
-1.267790000000000063e-02
-2.141739999999999963e-02
-2.216229999999999936e-02
-2.292850000000000096e-02
-2.708479999999999915e-02
-2.875679999999999903e-02
-3.032309999999999867e-02
-3.067790000000000100e-02
-2.718989999999999949e-02
-2.572119999999999962e-02
-2.295039999999999927e-02
-1.304849999999999934e-02
-4.832350000000000013e-03
-3.306690000000000150e-03
-4.250519999999999819e-03
-6.005489999999999613e-03
-8.180609999999999618e-03
-1.155489999999999989e-02
-1.607240000000000058e-02
-1.694290000000000032e-02
-1.645720000000000169e-02
-1.888420000000000029e-02
-2.022049999999999889e-02
-2.075310000000000002e-02
-2.166260000000000061e-02
-1.992820000000000008e-02
-1.643939999999999985e-02
-1.171980000000000070e-02
-7.320359999999999714e-03
-5.092069999999999756e-03
-2.974909999999999881e-03
-5.606169999999999730e-03
-1.316469999999999967e-02
-1.738189999999999874e-02
-1.950059999999999988e-02
-2.055229999999999904e-02
-1.617230000000000056e-02
-1.040800000000000058e-02
-9.476939999999999670e-03
-1.053469999999999927e-02
-1.150490000000000020e-02
-1.473889999999999922e-02
-1.874549999999999828e-02
-2.107440000000000008e-02
-2.013260000000000050e-02
-1.299450000000000084e-02
-2.758309999999999929e-03
1.543579999999999909e-03
1.057709999999999900e-03
2.587630000000000160e-04
-5.748480000000000256e-03
-1.373839999999999957e-02
-1.504430000000000003e-02
-1.459359999999999997e-02
-1.568519999999999984e-02
-1.452200000000000019e-02
-1.453439999999999940e-02
-1.655159999999999965e-02
-1.605180000000000148e-02
-1.390760000000000086e-02
-1.299450000000000084e-02
-1.258759999999999914e-02
-1.181059999999999922e-02
-1.224360000000000032e-02
-1.351399999999999997e-02
-1.364740000000000050e-02
-1.194259999999999940e-02
-9.247429999999999192e-03
-6.858620000000000168e-03
-5.468889999999999689e-03
-7.188899999999999804e-03
-1.021080000000000078e-02
-1.221279999999999935e-02
-1.658890000000000017e-02
-2.388639999999999861e-02
-3.010840000000000044e-02
-3.239079999999999737e-02
-3.085720000000000129e-02
-2.557910000000000045e-02
-2.000270000000000173e-02
-1.931870000000000115e-02
-2.230359999999999981e-02
-2.596029999999999865e-02
-2.840610000000000010e-02
-2.927650000000000044e-02
-2.863759999999999917e-02
-2.561300000000000035e-02
-1.961629999999999971e-02
-1.171570000000000077e-02
-6.906800000000000266e-03
-1.978520000000000105e-03
4.532150000000000414e-03
3.338960000000000192e-03
-2.582549999999999863e-03
-6.081190000000000206e-03
-9.359589999999999230e-03
-1.337389999999999933e-02
-1.496809999999999981e-02
-1.121360000000000065e-02
-2.728250000000000206e-03
5.827910000000000382e-03
1.128000000000000010e-02
1.560040000000000038e-02
1.883229999999999973e-02
1.851289999999999880e-02
1.751290000000000138e-02
1.874649999999999928e-02
2.038330000000000003e-02
1.984019999999999881e-02
1.693810000000000107e-02
1.309920000000000008e-02
6.629849999999999632e-03
-2.263949999999999817e-03
-7.279329999999999655e-03
-8.097810000000000424e-03
-8.881150000000000849e-03
-7.824309999999999252e-03
-5.451779999999999821e-03
-3.581990000000000174e-03
-1.440950000000000087e-03
-1.324480000000000058e-03
-2.347999999999999827e-03
-1.693859999999999940e-03
-1.610499999999999952e-03
-3.944719999999999650e-03
-6.076840000000000019e-03
-6.348409999999999644e-03
-6.701089999999999824e-03
-6.301519999999999691e-03
-4.629580000000000327e-03
-4.014379999999999685e-03
-1.617649999999999991e-03
3.933370000000000269e-03
7.216199999999999871e-03
8.475869999999999932e-03
1.106290000000000051e-02
1.287370000000000007e-02
1.406010000000000072e-02
1.768979999999999858e-02
2.252960000000000032e-02
2.548949999999999827e-02
2.744860000000000008e-02
2.885549999999999921e-02
2.873879999999999837e-02
3.125519999999999687e-02
3.640949999999999742e-02
3.844360000000000138e-02
3.891639999999999683e-02
3.760030000000000316e-02
3.169580000000000314e-02
2.585130000000000067e-02
2.321880000000000124e-02
2.174689999999999956e-02
2.246400000000000133e-02
2.615110000000000004e-02
2.803579999999999961e-02
2.826259999999999883e-02
2.725609999999999838e-02
2.415660000000000029e-02
2.267539999999999834e-02
2.166759999999999867e-02
1.916520000000000029e-02
1.781399999999999997e-02
1.816169999999999937e-02
1.796520000000000061e-02
1.713759999999999936e-02
1.668530000000000013e-02
1.727269999999999847e-02
1.931659999999999974e-02
2.137539999999999926e-02
2.350170000000000037e-02
2.440749999999999864e-02
2.188439999999999830e-02
1.976730000000000154e-02
1.925620000000000109e-02
1.722979999999999998e-02
1.478969999999999937e-02
1.470430000000000001e-02
1.706999999999999837e-02
1.915110000000000076e-02
2.068880000000000025e-02
2.342139999999999847e-02
2.655269999999999853e-02
2.820599999999999843e-02
2.523800000000000002e-02
1.786249999999999991e-02
9.108830000000000052e-03
2.930750000000000195e-03
1.698319999999999908e-03
-1.174930000000000028e-03
-5.629320000000000157e-03
-3.619620000000000042e-03
1.451160000000000113e-04
2.659449999999999835e-03
8.289720000000000422e-03
1.147309999999999997e-02
1.252250000000000064e-02
1.594169999999999962e-02
1.490909999999999978e-02
1.093960000000000071e-02
9.644849999999999951e-03
4.835390000000000174e-03
-1.913310000000000097e-03
-3.077190000000000047e-03
-2.361690000000000057e-03
-3.527789999999999832e-03
-4.771840000000000283e-03
-5.022180000000000220e-03
-4.520539999999999975e-03
-2.428120000000000191e-03
4.557529999999999849e-04
2.267760000000000175e-03
4.711299999999999863e-03
5.046120000000000293e-03
5.641199999999999860e-04
-6.940349999999999644e-03
-1.638790000000000038e-02
-2.173239999999999894e-02
-2.431410000000000168e-02
-2.892230000000000148e-02
-3.187340000000000312e-02
-3.163490000000000052e-02
-2.895150000000000154e-02
-2.631319999999999840e-02
-2.401560000000000153e-02
-2.207109999999999975e-02
-2.286109999999999878e-02
-2.370970000000000022e-02
-2.242260000000000086e-02
-2.050990000000000105e-02
-1.862410000000000107e-02
-1.867409999999999903e-02
-2.230860000000000135e-02
-2.550919999999999924e-02
-2.672129999999999991e-02
-2.894920000000000132e-02
-2.686559999999999990e-02
-1.887159999999999879e-02
-1.308879999999999939e-02
-9.256429999999999519e-03
-5.070060000000000365e-03
-2.221089999999999783e-03
-2.261979999999999807e-03
-4.718220000000000400e-03
-6.152780000000000055e-03
-7.784310000000000014e-03
-9.783729999999999163e-03
-8.900760000000000616e-03
-7.733979999999999674e-03
-8.044620000000000590e-03
-8.059780000000000763e-03
-9.047420000000000462e-03
-1.092019999999999970e-02
-1.187999999999999994e-02
-1.091699999999999962e-02
-6.725369999999999612e-03
5.128680000000000044e-03
2.216620000000000049e-02
2.707779999999999909e-02
2.462119999999999934e-02
2.653109999999999843e-02
1.983429999999999915e-02
5.994860000000000293e-03
1.046250000000000088e-03
2.853479999999999819e-03
2.573559999999999910e-03
4.079949999999999723e-03
6.434719999999999676e-03
6.383090000000000118e-03
8.103980000000000211e-03
1.112299999999999921e-02
1.417990000000000049e-02
1.694069999999999951e-02
1.886710000000000123e-02
2.103150000000000158e-02
2.318260000000000112e-02
2.453119999999999953e-02
2.576650000000000121e-02
2.476839999999999944e-02
2.084429999999999963e-02
1.669910000000000144e-02
1.220309999999999971e-02
7.983209999999999265e-03
4.293800000000000394e-03
2.931120000000000166e-03
5.332339999999999650e-03
6.597930000000000114e-03
5.162639999999999590e-03
2.072959999999999994e-03
-1.131620000000000065e-03
-2.332690000000000111e-03
-3.688869999999999909e-03
-6.136579999999999986e-03
-7.872799999999999243e-03
-9.140159999999999604e-03
-1.070959999999999968e-02
-1.199610000000000086e-02
-1.465490000000000022e-02
-2.064560000000000006e-02
-2.588649999999999979e-02
-2.727790000000000076e-02
-2.798499999999999946e-02
-2.887649999999999939e-02
-2.712020000000000056e-02
-2.247000000000000039e-02
-1.519979999999999942e-02
-3.527740000000000129e-03
9.208519999999999553e-03
1.566750000000000087e-02
1.458609999999999941e-02
9.414109999999999839e-03
3.248029999999999841e-03
-9.981030000000000219e-05
-1.246280000000000001e-04
1.170660000000000017e-03
4.268499999999999725e-03
4.996640000000000109e-03
1.913639999999999927e-04
-5.086170000000000101e-03
-8.795380000000000212e-03
-9.631290000000000684e-03
-6.705580000000000047e-03
-4.724289999999999913e-03
-2.014909999999999965e-03
2.645939999999999837e-03
4.156449999999999902e-03
4.490069999999999652e-03
7.303979999999999848e-03
1.187520000000000069e-02
1.498769999999999963e-02
1.464739999999999966e-02
1.341810000000000051e-02
1.078999999999999924e-02
3.127659999999999989e-03
-3.419199999999999844e-03
-3.797270000000000159e-03
-4.066020000000000051e-03
-2.335010000000000210e-03
3.795290000000000209e-03
6.973680000000000330e-03
5.266619999999999635e-03
2.674399999999999954e-03
8.724660000000000184e-04
4.290899999999999863e-06
-1.592079999999999841e-05
-8.608659999999999533e-04
-2.711809999999999828e-03
-1.572870000000000084e-03
3.131699999999999848e-03
6.778560000000000314e-03
9.653250000000000372e-03
1.280489999999999927e-02
1.404970000000000004e-02
1.667470000000000063e-02
2.219669999999999976e-02
2.515890000000000140e-02
2.774259999999999921e-02
3.272669999999999746e-02
3.345900000000000263e-02
3.066510000000000069e-02
3.031230000000000036e-02
2.991550000000000112e-02
2.738840000000000025e-02
2.431770000000000112e-02
2.082180000000000142e-02
1.902339999999999934e-02
1.891050000000000023e-02
1.779760000000000023e-02
1.722660000000000163e-02
1.464129999999999945e-02
7.719550000000000370e-03
3.443209999999999934e-03
2.826149999999999930e-03
4.132939999999999878e-03
8.877569999999999559e-03
1.581099999999999867e-02
2.122119999999999909e-02
2.296190000000000037e-02
2.416830000000000020e-02
2.350239999999999968e-02
1.856520000000000045e-02
1.423420000000000067e-02
1.535549999999999936e-02
1.753100000000000144e-02
1.647569999999999937e-02
1.465759999999999980e-02
1.232390000000000048e-02
9.771129999999999399e-03
7.360969999999999666e-03
5.697670000000000165e-03
6.072499999999999773e-03
6.681559999999999583e-03
6.329869999999999594e-03
5.183919999999999847e-03
2.318600000000000088e-03
-1.284090000000000101e-03
-3.953110000000000131e-03
-5.348910000000000123e-03
-5.171819999999999716e-03
-4.390920000000000413e-03
-4.865249999999999783e-03
-6.644190000000000339e-03
-8.006279999999999300e-03
-9.205440000000000497e-03
-1.032259999999999948e-02
-1.040089999999999938e-02
-1.076240000000000009e-02
-1.221880000000000015e-02
-1.517020000000000000e-02
-1.892399999999999985e-02
-2.184780000000000055e-02
-2.291910000000000128e-02
-2.078150000000000136e-02
-1.723529999999999854e-02
-1.318129999999999996e-02
-9.361539999999999792e-03
-8.059850000000000347e-03
-8.153099999999999931e-03
-8.556259999999999560e-03
-9.324449999999999752e-03
-1.235729999999999988e-02
-1.566580000000000056e-02
-1.597039999999999918e-02
-1.549099999999999956e-02
-1.435709999999999938e-02
-1.289380000000000040e-02
-1.146699999999999976e-02
-1.049880000000000084e-02
-1.293279999999999950e-02
-1.649880000000000096e-02
-1.955569999999999878e-02
-2.336399999999999935e-02
-2.546690000000000065e-02
-2.647839999999999916e-02
-2.836409999999999973e-02
-2.983440000000000050e-02
-2.862740000000000076e-02
-2.497219999999999995e-02
-2.269969999999999974e-02
-2.099989999999999843e-02
-1.648720000000000047e-02
-1.155650000000000080e-02
-9.092509999999999828e-03
-6.774409999999999807e-03
-4.374219999999999844e-03
-3.881030000000000157e-03
-3.153770000000000184e-03
-1.317669999999999952e-03
-2.272169999999999965e-05
5.022699999999999734e-04
7.936040000000000000e-05
-1.652779999999999961e-03
-5.066339999999999906e-03
-9.219150000000000608e-03
-1.114519999999999920e-02
-1.490810000000000052e-02
-2.561360000000000026e-02
-3.208840000000000303e-02
-2.860849999999999851e-02
-2.710140000000000118e-02
-2.553369999999999945e-02
-1.928320000000000034e-02
-1.886610000000000023e-02
-2.184509999999999924e-02
-1.972629999999999870e-02
-1.403450000000000010e-02
-7.459409999999999652e-03
-2.619949999999999796e-03
1.327660000000000038e-03
4.614690000000000285e-03
4.629959999999999805e-03
3.118549999999999881e-03
1.695010000000000050e-03
1.491689999999999943e-03
4.914360000000000429e-03
8.208939999999999640e-03
9.463950000000000487e-03
1.186120000000000056e-02
1.302069999999999964e-02
1.209909999999999979e-02
1.230140000000000053e-02
1.265130000000000074e-02
1.207940000000000055e-02
1.159559999999999931e-02
1.128709999999999956e-02
1.113420000000000035e-02
1.077469999999999990e-02
9.878319999999999462e-03
8.931949999999999265e-03
9.962340000000000084e-03
1.307170000000000033e-02
1.510599999999999964e-02
1.707749999999999893e-02
2.080409999999999898e-02
2.095889999999999906e-02
1.658329999999999874e-02
1.279369999999999986e-02
7.203310000000000095e-03
2.208120000000000048e-03
2.680450000000000020e-03
2.311520000000000068e-03
-1.178409999999999988e-04
-7.382730000000000108e-04
-1.087609999999999922e-03
-1.830569999999999897e-03
4.034190000000000215e-04
5.003330000000000277e-03
9.603040000000000187e-03
1.386860000000000002e-02
1.586419999999999844e-02
1.285090000000000017e-02
4.566040000000000376e-03
-1.401380000000000030e-03
-3.443180000000000112e-03
-5.035640000000000081e-03
-5.361359999999999910e-03
-6.621179999999999947e-03
-9.061079999999999135e-03
-1.119039999999999965e-02
-1.213329999999999964e-02
-1.181869999999999969e-02
-1.110569999999999960e-02
-9.675859999999999669e-03
-8.059500000000000691e-03
-7.052629999999999837e-03
-6.850489999999999878e-03
-7.140160000000000430e-03
-7.821820000000000161e-03
-8.519099999999999936e-03
-8.117759999999999906e-03
-7.509889999999999968e-03
-7.429619999999999627e-03
-7.641629999999999950e-03
-8.985570000000000015e-03
-1.065729999999999976e-02
-1.195719999999999943e-02
-1.239280000000000069e-02
-1.074699999999999961e-02
-9.546759999999999621e-03
-6.530150000000000191e-03
1.910779999999999944e-03
8.374609999999999346e-03
9.800889999999999602e-03
1.108499999999999937e-02
1.173680000000000036e-02
1.021350000000000036e-02
8.966770000000000643e-03
7.591149999999999634e-03
4.943119999999999632e-03
3.031589999999999806e-03
1.793209999999999943e-03
1.308340000000000067e-03
2.171730000000000188e-03
2.736569999999999801e-03
2.625740000000000105e-03
2.503969999999999894e-03
2.369959999999999949e-03
2.751219999999999968e-03
5.408289999999999625e-03
9.577119999999999730e-03
1.268329999999999978e-02
1.425659999999999948e-02
1.398710000000000057e-02
1.328610000000000034e-02
1.404249999999999943e-02
1.549090000000000016e-02
1.645100000000000035e-02
1.688260000000000108e-02
1.716880000000000142e-02
1.716579999999999842e-02
1.707660000000000081e-02
1.661510000000000070e-02
1.523230000000000070e-02
1.171260000000000009e-02
5.726140000000000223e-03
1.848830000000000091e-03
1.417279999999999929e-03
2.224250000000000099e-03
5.003650000000000111e-03
7.287809999999999601e-03
7.290689999999999844e-03
8.415139999999999773e-03
1.042829999999999972e-02
1.079729999999999926e-02
1.071459999999999947e-02
1.099840000000000019e-02
1.053199999999999970e-02
9.571559999999999790e-03
8.521360000000000393e-03
7.381139999999999576e-03
7.921569999999999306e-03
9.640660000000000548e-03
9.559899999999999648e-03
6.569460000000000056e-03
1.575350000000000101e-03
-4.869280000000000136e-03
-9.696319999999999592e-03
-8.910879999999999496e-03
-6.614949999999999650e-03
-5.828759999999999671e-03
-5.214080000000000277e-03
-5.819079999999999912e-03
-6.493009999999999581e-03
-4.598770000000000288e-03
-2.185190000000000049e-03
-7.372789999999999726e-04
5.235450000000000433e-04
-3.276619999999999809e-05
-1.337850000000000020e-03
-1.983790000000000033e-03
-4.423210000000000336e-03
-8.782270000000000007e-03
-1.295989999999999989e-02
-1.616870000000000113e-02
-1.790809999999999971e-02
-1.664879999999999832e-02
-1.353269999999999994e-02
-1.125289999999999971e-02
-7.828170000000000614e-03
-3.694729999999999803e-03
-2.908580000000000020e-03
-4.876219999999999687e-03
-6.716490000000000307e-03
-9.161839999999999221e-03
-1.179350000000000016e-02
-1.058549999999999942e-02
-7.142199999999999591e-03
-5.659009999999999908e-03
-4.690530000000000047e-03
-2.789010000000000187e-03
-1.399190000000000026e-03
-7.924310000000000164e-04
-8.457039999999999653e-04
-1.735570000000000081e-03
-2.845780000000000011e-03
-3.563450000000000124e-03
-3.439719999999999844e-03
-1.733530000000000054e-03
3.344539999999999796e-04
9.848649999999999159e-04
1.135659999999999925e-03
2.252009999999999873e-04
-1.834069999999999928e-03
-3.226160000000000052e-03
-4.876550000000000329e-03
-6.959909999999999708e-03
-8.418129999999999363e-03
-8.866499999999999382e-03
-7.374659999999999896e-03
-5.222860000000000176e-03
-4.081659999999999976e-03
-5.095360000000000167e-03
-8.704540000000000194e-03
-1.128050000000000060e-02
-1.141290000000000013e-02
-9.078080000000000524e-03
-6.224190000000000104e-03
-5.824010000000000124e-03
-7.262929999999999907e-03
-1.165790000000000055e-02
-1.547439999999999927e-02
-1.578900000000000095e-02
-1.625359999999999999e-02
-1.598039999999999877e-02
-1.314120000000000045e-02
-1.072009999999999977e-02
-9.902289999999999356e-03
-8.737170000000000700e-03
-8.634940000000000671e-03
-1.031930000000000000e-02
-1.103890000000000080e-02
-1.112890000000000060e-02
-1.128009999999999950e-02
-1.126309999999999985e-02
-1.210699999999999971e-02
-1.370930000000000065e-02
-1.531599999999999975e-02
-1.594749999999999987e-02
-1.433270000000000030e-02
-1.199919999999999980e-02
-1.034230000000000045e-02
-7.782820000000000189e-03
-5.794449999999999601e-03
-6.594069999999999619e-03
-8.211470000000000227e-03
-9.591900000000000426e-03
-1.044759999999999960e-02
-8.500370000000000148e-03
-4.919159999999999679e-03
-2.504360000000000180e-03
-1.641319999999999932e-03
-2.431560000000000145e-03
-3.742950000000000096e-03
-4.798030000000000003e-03
-7.395810000000000058e-03
-1.073460000000000039e-02
-1.176480000000000060e-02
-1.098350000000000021e-02
-8.478060000000000804e-03
-4.188009999999999823e-03
-1.542069999999999986e-03
-9.435280000000000099e-04
-1.029189999999999923e-03
-2.470570000000000058e-03
-4.542100000000000304e-03
-4.817730000000000103e-03
-1.677160000000000022e-03
1.524460000000000051e-03
3.509700000000000146e-03
7.782240000000000164e-03
1.221479999999999962e-02
1.364070000000000039e-02
1.365839999999999936e-02
1.318489999999999940e-02
1.146879999999999948e-02
7.690680000000000086e-03
3.561429999999999978e-03
1.374549999999999991e-03
-4.931220000000000265e-04
-2.543580000000000146e-03
-3.873300000000000094e-03
-4.679140000000000035e-03
-2.323159999999999895e-03
3.414799999999999953e-03
7.747320000000000248e-03
1.214439999999999964e-02
1.772889999999999883e-02
1.907369999999999899e-02
1.769070000000000017e-02
1.834739999999999982e-02
2.002889999999999879e-02
2.151000000000000134e-02
2.281839999999999910e-02
2.397660000000000069e-02
2.489970000000000031e-02
2.455979999999999969e-02
2.346209999999999962e-02
2.182869999999999949e-02
1.755519999999999997e-02
1.225350000000000050e-02
9.993699999999999459e-03
9.397199999999999651e-03
9.341620000000000132e-03
1.089590000000000003e-02
1.331509999999999985e-02
1.515479999999999952e-02
1.506180000000000019e-02
1.557739999999999993e-02
1.786799999999999847e-02
1.928169999999999884e-02
2.144609999999999919e-02
2.480950000000000169e-02
2.551060000000000133e-02
2.403239999999999890e-02
2.196120000000000017e-02
1.889340000000000117e-02
1.565539999999999987e-02
1.360229999999999946e-02
1.339100000000000013e-02
1.408419999999999984e-02
1.449300000000000067e-02
1.395910000000000033e-02
1.089189999999999950e-02
5.887299999999999825e-03
1.875149999999999907e-03
-1.664190000000000070e-03
-5.391289999999999971e-03
-7.637610000000000406e-03
-8.523599999999999233e-03
-8.769700000000000065e-03
-6.081930000000000149e-03
-7.845839999999999542e-04
3.113690000000000121e-03
4.944210000000000098e-03
5.241980000000000250e-03
5.578109999999999839e-03
6.773529999999999829e-03
7.273110000000000165e-03
7.072610000000000008e-03
4.972439999999999846e-03
1.319550000000000063e-03
-1.069980000000000106e-03
-3.639990000000000066e-03
-7.313659999999999606e-03
-1.032579999999999956e-02
-1.264080000000000065e-02
-1.436240000000000086e-02
-1.390510000000000010e-02
-1.146770000000000081e-02
-1.022570000000000076e-02
-1.042949999999999953e-02
-1.033560000000000034e-02
-1.026939999999999971e-02
-9.414729999999999627e-03
-5.537430000000000303e-03
-1.018320000000000076e-03
1.800460000000000038e-03
4.232409999999999818e-03
4.552630000000000218e-03
2.716549999999999868e-03
9.977040000000000821e-04
-1.864699999999999951e-04
3.179980000000000003e-04
1.355099999999999924e-03
1.290630000000000076e-03
1.647079999999999985e-03
1.966830000000000141e-03
1.253890000000000018e-04
-4.141299999999999669e-03
-8.560099999999999307e-03
-1.081299999999999970e-02
-1.251359999999999972e-02
-1.442300000000000006e-02
-1.506629999999999948e-02
-1.438829999999999970e-02
-1.328209999999999981e-02
-1.186949999999999984e-02
-9.101520000000000096e-03
-6.323839999999999843e-03
-5.317080000000000070e-03
-4.689600000000000365e-03
-3.511579999999999823e-03
-5.336909999999999831e-04
4.332879999999999891e-03
7.415780000000000288e-03
7.629669999999999855e-03
5.329750000000000286e-03
1.643719999999999990e-03
-2.172630000000000047e-03
-4.489629999999999663e-03
-2.267719999999999979e-03
4.203039999999999793e-04
1.101339999999999915e-03
3.228400000000000193e-03
5.498549999999999618e-03
5.991960000000000168e-03
5.620840000000000211e-03
4.524479999999999995e-03
1.523969999999999925e-03
-1.726939999999999942e-03
-1.874199999999999911e-03
-2.103170000000000126e-04
1.131939999999999899e-03
2.888299999999999895e-03
4.702220000000000011e-03
4.759059999999999853e-03
3.851129999999999918e-03
3.837899999999999992e-03
3.818740000000000155e-03
2.984529999999999995e-03
3.731239999999999817e-03
7.240940000000000397e-03
1.150699999999999987e-02
1.346209999999999941e-02
1.004290000000000044e-02
4.508780000000000426e-03
-1.609050000000000107e-03
-9.025009999999999977e-03
-1.116469999999999962e-02
-9.524120000000000502e-03
-9.461439999999999781e-03
-8.730049999999999616e-03
-6.462660000000000279e-03
-4.880909999999999589e-03
-6.588880000000000084e-03
-9.096210000000000406e-03
-9.322789999999999203e-03
-8.958320000000000519e-03
-8.020170000000000077e-03
-6.963610000000000286e-03
-6.338680000000000182e-03
-5.883410000000000376e-03
-6.250890000000000266e-03
-6.701829999999999767e-03
-7.385909999999999871e-03
-8.526340000000000308e-03
-9.384200000000000527e-03
-1.013219999999999919e-02
-1.142160000000000050e-02
-1.366460000000000070e-02
-1.544079999999999932e-02
-1.374539999999999963e-02
-8.301670000000000577e-03
-3.124329999999999816e-04
6.803690000000000258e-03
6.198669999999999874e-03
1.167440000000000058e-03
-3.914020000000000042e-04
-2.433369999999999804e-03
-6.569740000000000128e-03
-7.371879999999999926e-03
-7.555939999999999705e-03
-9.742610000000000506e-03
-1.039009999999999934e-02
-9.653669999999999612e-03
-9.312970000000000276e-03
-9.173060000000000241e-03
-9.691780000000000533e-03
-1.059539999999999961e-02
-9.370170000000000582e-03
-6.251450000000000409e-03
-3.394410000000000049e-03
5.139279999999999760e-04
3.707559999999999936e-03
3.250320000000000119e-03
2.842100000000000182e-03
3.669089999999999852e-03
3.987509999999999666e-03
5.351909999999999654e-03
7.194319999999999708e-03
8.738080000000000500e-03
1.145140000000000047e-02
1.316810000000000029e-02
1.313970000000000068e-02
1.425590000000000017e-02
1.590410000000000088e-02
1.559830000000000071e-02
1.307670000000000013e-02
8.557999999999999635e-03
2.943009999999999810e-03
-9.913260000000000561e-04
-3.724139999999999916e-03
-5.503639999999999748e-03
-4.456459999999999762e-03
-2.400269999999999921e-03
-8.505280000000000262e-04
4.434909999999999861e-05
-5.605849999999999462e-04
-1.961089999999999969e-03
-2.797969999999999884e-03
-2.818690000000000214e-04
5.603470000000000152e-03
9.795359999999999484e-03
1.266010000000000052e-02
1.360059999999999915e-02
1.077909999999999979e-02
8.512230000000000837e-03
7.035869999999999624e-03
5.361630000000000042e-03
4.326879999999999962e-03
3.102000000000000157e-03
1.370399999999999917e-03
-5.145209999999999888e-04
-1.970679999999999828e-03
-1.371969999999999917e-03
1.782579999999999972e-03
5.020959999999999659e-03
8.514660000000000284e-03
1.264110000000000060e-02
1.565510000000000165e-02
1.731239999999999862e-02
1.668570000000000123e-02
1.428169999999999960e-02
1.216189999999999979e-02
9.763630000000000572e-03
7.319280000000000057e-03
5.960990000000000212e-03
4.771309999999999961e-03
3.413400000000000028e-03
1.513479999999999990e-03
-5.248460000000000365e-04
-1.507220000000000087e-03
-1.199629999999999924e-03
1.459990000000000094e-04
1.198190000000000019e-03
2.525949999999999897e-03
3.952980000000000035e-03
3.056360000000000153e-03
1.771089999999999904e-03
1.229119999999999996e-03
-1.028950000000000047e-03
-2.456739999999999792e-03
-1.728390000000000004e-03
-2.146889999999999823e-03
-2.775199999999999802e-03
-2.994679999999999998e-03
-4.740760000000000113e-03
-6.590849999999999660e-03
-7.139340000000000096e-03
-6.102100000000000059e-03
-3.341950000000000216e-03
-9.199889999999999630e-04
1.372679999999999875e-04
5.542659999999999818e-04
4.806710000000000062e-04
-1.883920000000000082e-04
-9.985949999999999081e-04
-1.754350000000000007e-03
-2.025760000000000147e-03
-1.311969999999999976e-03
-8.755879999999999523e-04
-1.504399999999999921e-03
-2.922929999999999799e-03
-5.493859999999999716e-03
-8.257099999999999856e-03
-9.271939999999999349e-03
-9.805049999999999183e-03
-1.116119999999999959e-02
-1.181420000000000040e-02
-1.144150000000000028e-02
-1.077919999999999920e-02
-9.829279999999999268e-03
-7.940420000000000117e-03
-5.426600000000000174e-03
-4.608710000000000237e-03
-5.339820000000000330e-03
-6.417700000000000141e-03
-8.526239999999999167e-03
-9.551860000000000558e-03
-8.577700000000000602e-03
-7.956680000000000696e-03
-6.829550000000000204e-03
-5.137779999999999778e-03
-5.208059999999999599e-03
-5.042030000000000296e-03
-3.117539999999999808e-03
-2.117420000000000066e-03
-1.864009999999999929e-03
-1.234819999999999971e-03
-2.345419999999999970e-03
-4.412369999999999660e-03
-4.749190000000000356e-03
-3.707880000000000204e-03
-1.643820000000000047e-03
1.895760000000000023e-03
5.488260000000000013e-03
6.872060000000000148e-03
7.071960000000000399e-03
7.431860000000000202e-03
7.551620000000000207e-03
7.702320000000000347e-03
8.257369999999999988e-03
9.518679999999999850e-03
1.123189999999999952e-02
1.286759999999999987e-02
1.301479999999999998e-02
1.138890000000000041e-02
9.103860000000000077e-03
4.688549999999999662e-03
-4.602049999999999891e-04
-2.140570000000000059e-03
-2.211079999999999816e-03
-3.067049999999999985e-03
-2.855209999999999953e-03
-1.264930000000000047e-03
3.439569999999999867e-04
1.902360000000000075e-03
3.858530000000000206e-03
5.604010000000000415e-03
6.835199999999999609e-03
7.764590000000000033e-03
8.198399999999999785e-03
7.985940000000000399e-03
7.421510000000000086e-03
6.981679999999999657e-03
6.401010000000000380e-03
5.492610000000000200e-03
4.411290000000000003e-03
3.081470000000000216e-03
1.345859999999999938e-03
-4.685669999999999744e-04
-1.998250000000000026e-03
-3.913220000000000240e-03
-6.352830000000000282e-03
-8.521549999999999264e-03
-1.024620000000000045e-02
-1.101410000000000063e-02
-1.090720000000000058e-02
-1.120209999999999956e-02
-1.141799999999999933e-02
-1.075979999999999992e-02
-9.499979999999999883e-03
-7.877840000000000537e-03
-6.211300000000000328e-03
-4.252240000000000013e-03
-2.056169999999999960e-03
-1.151700000000000076e-03
-2.046689999999999881e-03
-2.726849999999999847e-03
-2.478129999999999829e-03
-2.558309999999999838e-03
-2.060649999999999808e-03
7.435020000000000517e-05
2.135010000000000119e-03
3.669630000000000114e-03
4.855769999999999705e-03
3.950920000000000126e-03
1.717999999999999909e-03
-1.273860000000000031e-04
-1.274729999999999960e-03
-4.884569999999999754e-04
1.187679999999999986e-03
2.042609999999999825e-03
2.932000000000000144e-03
3.450389999999999794e-03
2.072420000000000165e-03
-6.151590000000000508e-05
-6.469340000000000507e-04
8.056979999999999557e-05
4.957339999999999533e-04
3.464900000000000250e-04
-9.449560000000000715e-06
-7.846869999999999496e-04
-1.942060000000000010e-03
-3.252389999999999969e-03
-4.213289999999999744e-03
-4.488650000000000279e-03
-4.081529999999999880e-03
-3.080100000000000112e-03
-2.180849999999999803e-03
-1.418420000000000097e-03
-6.761039999999999628e-04
-2.024179999999999990e-03
-4.834820000000000090e-03
-5.799190000000000074e-03
-6.182069999999999579e-03
-5.358120000000000070e-03
-1.409710000000000000e-03
2.972339999999999965e-03
7.065949999999999662e-03
8.392969999999999597e-03
5.196799999999999684e-03
2.744669999999999836e-03
1.670299999999999997e-03
-3.654519999999999969e-04
-1.686849999999999938e-03
-2.344160000000000080e-03
-2.546520000000000034e-03
-1.847410000000000068e-03
-1.273330000000000035e-03
-3.716270000000000250e-04
1.003830000000000043e-03
1.555109999999999956e-03
1.471590000000000051e-03
2.076829999999999996e-03
3.840290000000000110e-03
5.674130000000000319e-03
6.944729999999999653e-03
7.955310000000000159e-03
8.214080000000000339e-03
7.969959999999999892e-03
8.417090000000000335e-03
9.283839999999999801e-03
9.519289999999999696e-03
8.572849999999999915e-03
6.480549999999999852e-03
4.874739999999999802e-03
4.142179999999999647e-03
3.093779999999999968e-03
2.281800000000000061e-03
1.640699999999999928e-03
1.067859999999999971e-05
-1.988300000000000137e-03
-3.387390000000000106e-03
-4.796810000000000310e-03
-6.603590000000000328e-03
-8.426009999999999403e-03
-1.005890000000000083e-02
-1.157949999999999952e-02
-1.297910000000000036e-02
-1.249049999999999987e-02
-1.006300000000000076e-02
-8.563380000000000644e-03
-6.610150000000000400e-03
-3.339079999999999913e-03
-1.911289999999999951e-03
-1.677710000000000009e-03
-2.318279999999999820e-03
-4.683650000000000140e-03
-7.411509999999999626e-03
-1.016419999999999997e-02
-1.165689999999999955e-02
-1.127129999999999972e-02
-1.086149999999999963e-02
-1.094329999999999956e-02
-1.041109999999999952e-02
-9.581110000000000321e-03
-9.211320000000000272e-03
-8.164390000000000536e-03
-6.241380000000000365e-03
-4.633019999999999847e-03
-4.566470000000000425e-03
-6.023510000000000149e-03
-6.860210000000000266e-03
-6.367620000000000051e-03
-4.818160000000000151e-03
-2.813410000000000129e-03
-7.028060000000000470e-04
2.305800000000000211e-03
3.159640000000000018e-03
1.004539999999999947e-03
3.693479999999999745e-04
2.458420000000000223e-04
-1.452010000000000106e-03
-2.078369999999999957e-03
-1.341050000000000098e-03
-4.825650000000000122e-04
3.709030000000000096e-04
8.819259999999999990e-04
1.094099999999999977e-03
6.328590000000000474e-04
-4.063380000000000117e-04
-1.313369999999999902e-03
-2.316439999999999905e-03
-3.090310000000000192e-03
-3.544369999999999812e-03
-3.992850000000000045e-03
-4.020890000000000054e-03
-4.445440000000000155e-03
-6.648910000000000063e-03
-9.263830000000000675e-03
-1.127039999999999986e-02
-1.105199999999999932e-02
-6.212760000000000331e-03
-1.592050000000000019e-03
1.508049999999999929e-03
6.629239999999999786e-03
8.881309999999999899e-03
7.483609999999999915e-03
7.610500000000000077e-03
7.313619999999999843e-03
4.843850000000000239e-03
1.890189999999999926e-03
-1.861830000000000082e-03
-2.148909999999999969e-03
2.811689999999999936e-03
5.529319999999999895e-03
7.431029999999999927e-03
1.227140000000000002e-02
1.386519999999999940e-02
1.213189999999999928e-02
1.188789999999999986e-02
1.269490000000000028e-02
1.442829999999999981e-02
1.634980000000000114e-02
1.716250000000000067e-02
1.696009999999999879e-02
1.479310000000000000e-02
1.235310000000000054e-02
1.013599999999999918e-02
6.873839999999999985e-03
4.696449999999999583e-03
3.367039999999999964e-03
1.837429999999999923e-03
1.535649999999999949e-03
2.376559999999999784e-03
2.619310000000000128e-03
2.751500000000000039e-03
3.110089999999999816e-03
1.520290000000000096e-03
-1.314239999999999940e-03
-2.575720000000000093e-03
-2.802439999999999792e-03
-3.012990000000000113e-03
-2.768650000000000104e-03
-1.465090000000000055e-03
5.992869999999999968e-04
2.372599999999999883e-03
4.218129999999999623e-03
6.445509999999999781e-03
8.597709999999999728e-03
1.069179999999999957e-02
1.184389999999999922e-02
1.092440000000000078e-02
9.073929999999999149e-03
7.863969999999999641e-03
6.323210000000000115e-03
3.344020000000000065e-03
2.162689999999999990e-04
-2.600599999999999787e-03
-5.205020000000000306e-03
-6.548390000000000287e-03
-6.959729999999999910e-03
-6.250430000000000395e-03
-4.563860000000000312e-03
-3.335910000000000090e-03
-1.237889999999999954e-03
2.056679999999999967e-03
4.276379999999999765e-03
5.126499999999999981e-03
4.631429999999999748e-03
2.988279999999999843e-03
1.938040000000000032e-03
9.914050000000001073e-04
-4.239049999999999741e-04
-1.784110000000000101e-04
1.011289999999999975e-03
1.131669999999999985e-03
1.455010000000000071e-03
1.591409999999999917e-03
6.027819999999999489e-04
-5.700180000000000031e-05
-1.631859999999999951e-03
-4.291370000000000080e-03
-5.297330000000000268e-03
-5.821100000000000059e-03
-7.073600000000000200e-03
-7.350630000000000358e-03
-6.944460000000000389e-03
-6.157489999999999838e-03
-4.417070000000000371e-03
-3.064840000000000099e-03
-2.209500000000000092e-03
-1.167889999999999987e-03
-6.649489999999999654e-04
-6.479619999999999738e-04
-4.750210000000000044e-04
9.801159999999999517e-05
4.800469999999999932e-04
4.272489999999999882e-04
-4.541409999999999740e-04
-2.848289999999999850e-03
-4.877610000000000105e-03
-6.164270000000000339e-03
-7.847869999999999846e-03
-8.413220000000000767e-03
-8.152319999999999359e-03
-8.477149999999999269e-03
-8.539810000000000109e-03
-8.339229999999999560e-03
-8.342640000000000125e-03
-7.347740000000000174e-03
-5.283450000000000299e-03
-3.893900000000000052e-03
-2.840389999999999929e-03
-8.835969999999999632e-04
5.451009999999999840e-04
3.158389999999999961e-04
-3.646499999999999731e-05
-1.064810000000000059e-05
-3.430160000000000240e-04
1.083560000000000041e-04
1.638719999999999977e-03
2.296059999999999941e-03
2.469380000000000186e-03
2.517789999999999785e-03
8.512419999999999926e-04
-1.626789999999999920e-03
-4.465939999999999840e-03
-7.325240000000000223e-03
-8.246599999999999764e-03
-7.384390000000000225e-03
-5.823779999999999756e-03
-4.651230000000000121e-03
-3.587369999999999882e-03
-1.535450000000000053e-03
9.436980000000000574e-05
-1.620889999999999994e-04
-7.084329999999999577e-04
-4.642809999999999819e-04
-2.922429999999999733e-04
7.440889999999999701e-04
2.364660000000000199e-03
3.395469999999999825e-03
5.052270000000000198e-03
6.445639999999999877e-03
6.574520000000000364e-03
6.738260000000000256e-03
6.848210000000000408e-03
6.717629999999999608e-03
6.681219999999999867e-03
6.639670000000000294e-03
6.189090000000000390e-03
4.889659999999999666e-03
3.581879999999999960e-03
2.712410000000000168e-03
1.765159999999999993e-03
1.091249999999999989e-03
1.238380000000000025e-04
-1.860590000000000074e-03
-3.558309999999999858e-03
-4.220849999999999949e-03
-4.280029999999999772e-03
-3.587620000000000132e-03
-2.474200000000000184e-03
-1.563179999999999951e-03
-5.561259999999999945e-04
1.980239999999999865e-04
5.076259999999999540e-04
6.798680000000000305e-04
6.699950000000000523e-04
1.482880000000000005e-03
3.431759999999999845e-03
4.635320000000000065e-03
4.171880000000000206e-03
3.441739999999999990e-03
2.752029999999999928e-03
1.051569999999999935e-03
-1.323010000000000061e-04
2.768739999999999854e-05
-8.655830000000000100e-05
-2.296010000000000130e-04
-1.105690000000000047e-04
-1.352670000000000044e-04
-9.653129999999999513e-05
1.077550000000000042e-05
3.632129999999999799e-04
1.044750000000000106e-03
1.657580000000000078e-03
1.736769999999999894e-03
1.568120000000000104e-03
1.680950000000000066e-03
2.132980000000000032e-03
3.087040000000000096e-03
3.962259999999999567e-03
4.221100000000000199e-03
4.472170000000000138e-03
4.364279999999999896e-03
3.597749999999999820e-03
3.029210000000000062e-03
2.353839999999999839e-03
1.531830000000000084e-03
1.373199999999999985e-03
1.791190000000000013e-03
2.230960000000000148e-03
2.360419999999999793e-03
2.502079999999999842e-03
2.792010000000000151e-03
3.179860000000000065e-03
3.744939999999999988e-03
4.169149999999999939e-03
4.544710000000000416e-03
5.136619999999999728e-03
5.453880000000000360e-03
5.205989999999999750e-03
4.799249999999999697e-03
4.455139999999999795e-03
3.955369999999999719e-03
3.230569999999999883e-03
2.576960000000000101e-03
2.036080000000000008e-03
1.245119999999999951e-03
4.004480000000000257e-04
-5.631509999999999890e-05
-5.089530000000000312e-04
-1.053700000000000079e-03
-1.338849999999999936e-03
-1.520880000000000062e-03
-1.621730000000000047e-03
-1.586069999999999971e-03
-1.625549999999999912e-03
-1.749820000000000021e-03
-1.856599999999999917e-03
-2.014789999999999810e-03
-2.077419999999999961e-03
-1.851320000000000049e-03
-1.607700000000000101e-03
-1.492609999999999900e-03
-1.502869999999999900e-03
-1.729999999999999984e-03
-1.966630000000000027e-03
-2.079450000000000048e-03
-2.073909999999999990e-03
-1.941639999999999902e-03
-1.771329999999999997e-03
-1.539659999999999987e-03
-1.357240000000000009e-03
-1.322040000000000021e-03
-1.270580000000000103e-03
-1.150860000000000077e-03
-1.030780000000000021e-03
-9.356349999999999823e-04
-8.684489999999999788e-04
-8.678829999999999574e-04
-9.454939999999999569e-04
-9.973700000000000274e-04
-9.942230000000000251e-04
-1.040340000000000058e-03
-1.111130000000000104e-03
-1.055020000000000046e-03
-8.780450000000000407e-04
-7.190389999999999846e-04
-5.678210000000000375e-04
-5.385770000000000444e-04
-6.988260000000000478e-04
-7.372340000000000230e-04
-6.652890000000000062e-04
-6.817620000000000364e-04
-7.120030000000000065e-04
-7.138409999999999981e-04
-7.125430000000000522e-04
-7.241910000000000057e-04
-7.666640000000000173e-04
-8.080369999999999480e-04
-8.272550000000000476e-04
-8.371859999999999632e-04
-8.280679999999999465e-04
-8.094870000000000104e-04
-8.156209999999999892e-04
-8.354579999999999689e-04
-8.341590000000000072e-04
-8.138130000000000364e-04
-7.764599999999999757e-04
-7.170940000000000430e-04
-6.413910000000000531e-04
-5.995389999999999530e-04
-6.235779999999999578e-04
-6.447399999999999833e-04
-6.389310000000000258e-04
-6.366450000000000277e-04
-6.383100000000000059e-04
-6.383199999999999465e-04
-6.249580000000000022e-04
-6.003340000000000022e-04
-5.799789999999999980e-04
-5.555539999999999871e-04
-5.123639999999999618e-04
-4.517859999999999736e-04
-3.858819999999999893e-04
-3.280590000000000112e-04
-2.801799999999999907e-04
-2.387599999999999976e-04
-2.041570000000000038e-04
-1.753400000000000119e-04
-1.495579999999999935e-04
-1.257010000000000083e-04
-1.029590000000000014e-04
-8.068529999999999810e-05
-5.836639999999999737e-05
-3.544929999999999956e-05
-1.096630000000000036e-05
