7.037200000000000183e-04
2.170969999999999931e-03
2.317319999999999883e-03
6.368380000000000308e-04
-5.356869999999999687e-04
-2.109080000000000156e-03
-1.704690000000000025e-03
-4.061440000000000200e-05
1.883189999999999972e-04
8.370689999999999641e-05
-1.670250000000000077e-03
-2.652069999999999862e-03
-1.781580000000000056e-03
-9.141550000000000457e-04
1.827660000000000048e-04
-2.067960000000000197e-03
-4.433949999999999871e-03
-2.656700000000000120e-03
-3.613029999999999931e-04
1.037160000000000078e-05
4.779210000000000207e-04
-2.193750000000000062e-04
-1.888740000000000080e-03
-2.503420000000000124e-03
-1.892079999999999977e-03
4.832780000000000170e-05
1.878569999999999979e-03
2.226740000000000056e-03
7.287049999999999561e-04
-7.392700000000000387e-06
5.947440000000000235e-04
-2.059979999999999884e-03
-4.528060000000000418e-03
-3.610360000000000175e-04
4.246799999999999794e-04
1.526510000000000128e-04
-2.554269999999999856e-05
1.079419999999999989e-03
2.441410000000000195e-03
-2.458380000000000027e-03
-2.340790000000000145e-03
2.707470000000000016e-03
2.013130000000000128e-03
-2.357030000000000030e-04
9.283819999999999486e-04
3.052280000000000097e-03
1.323640000000000060e-03
-2.602090000000000045e-03
-1.552269999999999909e-03
2.228089999999999845e-03
1.882549999999999979e-03
3.721600000000000147e-04
2.930540000000000141e-03
9.570660000000000148e-04
-2.598440000000000038e-03
-7.703879999999999973e-04
-6.740189999999999582e-05
2.551189999999999946e-04
2.262679999999999986e-03
-5.431540000000000109e-04
6.086120000000000202e-04
1.613489999999999976e-03
-2.575469999999999843e-03
-1.348239999999999899e-03
-2.434109999999999909e-04
-2.904940000000000007e-05
-2.777720000000000232e-04
3.619799999999999841e-03
6.024090000000000174e-03
1.245510000000000074e-04
2.182030000000000167e-03
3.262339999999999858e-03
-3.246150000000000164e-03
-3.666270000000000119e-03
-2.118810000000000051e-03
2.452950000000000182e-03
2.557100000000000085e-03
-1.927180000000000071e-04
4.687059999999999838e-03
4.219999999999999793e-03
-4.107110000000000188e-04
9.398549999999999656e-04
1.372420000000000063e-03
3.323380000000000019e-05
-4.664940000000000232e-04
1.517469999999999930e-03
1.164620000000000108e-03
-2.092650000000000098e-04
-1.063970000000000020e-03
-3.054959999999999794e-03
-2.825419999999999928e-03
-3.893320000000000027e-03
7.256340000000000012e-03
1.300920000000000028e-02
1.339380000000000041e-03
-4.958080000000000126e-03
-1.596140000000000015e-03
2.940830000000000180e-03
-1.138139999999999942e-03
-4.158359999999999834e-03
6.122220000000000266e-03
4.240319999999999680e-03
-9.416469999999999702e-03
-5.661870000000000271e-03
8.151979999999999643e-03
1.985030000000000041e-03
-6.316770000000000197e-03
4.929710000000000342e-03
1.104869999999999984e-02
3.086499999999999834e-03
-3.415029999999999889e-03
6.591119999999999791e-03
6.930730000000000397e-03
-1.759729999999999931e-03
-2.002550000000000077e-03
-3.787740000000000161e-04
1.271510000000000001e-03
-1.695740000000000051e-03
-2.503660000000000000e-03
4.032420000000000102e-03
2.881770000000000078e-03
-5.233439999999999794e-03
-6.233139999999999861e-03
-2.102240000000000011e-03
5.272259999999999967e-03
4.463289999999999966e-03
-3.124609999999999888e-03
-1.031780000000000024e-02
-1.014450000000000074e-02
-5.362849999999999735e-03
2.347199999999999807e-03
-2.219469999999999863e-03
-4.608450000000000046e-03
4.893719999999999841e-03
2.183440000000000034e-03
-4.345729999999999905e-03
-3.606390000000000116e-03
4.986950000000000410e-03
-4.243100000000000083e-04
-4.007740000000000087e-03
-6.582289999999999756e-04
1.416280000000000013e-03
-6.461360000000000194e-03
-1.715010000000000145e-02
-6.867690000000000079e-03
1.948990000000000054e-03
-4.588380000000000410e-03
-5.715679999999999893e-03
2.164629999999999853e-03
4.954130000000000165e-03
4.995740000000000250e-03
9.451899999999999191e-03
1.634400000000000045e-03
-1.105869999999999943e-02
-8.268209999999999796e-03
2.167179999999999888e-03
1.160809999999999967e-02
1.266660000000000008e-02
6.079180000000000000e-03
-6.697589999999999794e-03
-7.300659999999999615e-03
1.062070000000000028e-03
1.153520000000000066e-02
1.057710000000000074e-02
-3.139079999999999822e-03
-1.219800000000000051e-02
-5.157179999999999924e-03
5.621899999999999988e-03
-1.832039999999999895e-04
-1.006830000000000051e-02
-1.084180000000000040e-02
-6.075589999999999637e-03
1.040649999999999952e-03
1.579869999999999886e-02
4.164300000000000120e-03
-1.473350000000000007e-02
-1.049570000000000017e-02
3.344310000000000078e-03
1.050129999999999987e-02
-4.384929999999999774e-04
-4.317879999999999635e-03
-1.003210000000000039e-03
1.743320000000000026e-03
3.710559999999999900e-03
1.771189999999999961e-03
5.360229999999999682e-03
-7.274860000000000181e-03
-1.291280000000000032e-02
-2.643749999999999833e-03
2.194769999999999967e-03
-1.053270000000000031e-03
-3.607720000000000024e-03
7.169230000000000394e-03
1.875060000000000008e-03
-3.844460000000000065e-03
-4.302819999999999735e-03
3.264169999999999832e-03
1.118309999999999964e-02
9.300769999999999871e-03
1.341299999999999958e-02
6.582700000000000357e-03
-6.057550000000000087e-03
-1.175769999999999940e-02
-6.493900000000000367e-03
1.059369999999999930e-02
8.023950000000000179e-03
1.625069999999999943e-03
2.768060000000000138e-03
-2.707719999999999832e-03
-4.482960000000000243e-03
6.730490000000000431e-03
1.109869999999999954e-02
-2.882870000000000051e-03
-7.437609999999999881e-03
-4.238320000000000282e-03
-7.421170000000000370e-03
-1.861099999999999907e-02
-1.737829999999999930e-02
4.793449999999999989e-05
8.498169999999999336e-03
2.560279999999999848e-03
5.524949999999999826e-03
1.081419999999999951e-02
9.383680000000000146e-03
5.584719999999999615e-03
5.760689999999999734e-03
7.649239999999999859e-03
-6.508850000000000052e-03
-1.257430000000000006e-02
-5.525539999999999792e-03
-9.839810000000000917e-04
6.042289999999999640e-03
6.880230000000000200e-03
-4.070999999999999966e-03
-1.539349999999999920e-02
-4.878849999999999680e-03
1.630090000000000011e-02
5.790319999999999842e-03
-7.554869999999999988e-03
-7.046420000000000287e-03
1.276250000000000041e-03
-1.662910000000000083e-03
-7.300990000000000257e-03
2.986190000000000112e-03
5.038899999999999803e-03
4.767040000000000166e-03
-3.643420000000000079e-03
2.619849999999999957e-03
8.975930000000000020e-03
-6.384810000000000312e-03
-8.497799999999999798e-03
-4.118479999999999884e-03
-1.103059999999999978e-02
-4.398090000000000332e-03
1.623490000000000003e-02
1.223690000000000021e-02
-1.549950000000000026e-03
-3.755769999999999855e-03
-3.498300000000000194e-03
7.034639999999999990e-03
1.345389999999999954e-02
4.988349999999999902e-03
-1.081310000000000084e-02
-1.492120000000000078e-02
-3.093900000000000122e-03
4.256629999999999962e-03
4.733369999999999765e-03
1.286180000000000049e-03
3.583620000000000035e-03
6.357400000000000030e-03
5.315349999999999936e-03
2.384269999999999966e-03
5.649679999999999806e-03
5.682699999999999731e-03
-3.440949999999999911e-04
-1.060769999999999942e-03
-2.456779999999999988e-03
1.170720000000000094e-03
-1.322810000000000001e-03
-2.845299999999999826e-03
2.171060000000000047e-04
5.216489999999999842e-03
-3.323609999999999846e-03
-1.361399999999999937e-02
1.774039999999999949e-03
2.625229999999999925e-02
2.488689999999999999e-02
-1.769409999999999906e-03
-6.454940000000000157e-03
-1.390060000000000080e-02
-1.680830000000000171e-02
6.800969999999999932e-03
5.246820000000000130e-03
-8.120969999999999925e-03
-9.915840000000000418e-03
-5.084789999999999623e-03
5.084929999999999659e-03
8.979610000000000716e-03
-4.842100000000000223e-03
-1.168699999999999947e-02
-6.646870000000000035e-03
-5.079840000000000397e-03
4.137179999999999851e-03
1.056449999999999924e-02
-3.891649999999999970e-03
-1.095379999999999965e-02
1.041660000000000025e-03
1.009340000000000064e-02
3.763600000000000192e-03
-1.740030000000000049e-03
4.831369999999999789e-05
-3.426540000000000055e-03
9.831690000000000568e-03
1.808890000000000151e-02
1.807179999999999898e-02
1.451180000000000048e-03
-9.261609999999999981e-03
-7.442680000000000129e-03
-1.101040000000000005e-02
-3.198959999999999824e-03
-1.358620000000000053e-03
7.466679999999999845e-03
1.489730000000000091e-03
-1.535940000000000048e-02
-1.371999999999999956e-02
-8.440219999999999635e-05
5.860399999999999984e-03
4.940599999999999853e-03
-5.151370000000000384e-04
1.612820000000000052e-03
-2.121169999999999913e-03
-8.973290000000000086e-03
-1.006860000000000047e-03
-2.529500000000000064e-03
-8.795129999999999962e-03
-1.332679999999999976e-02
-4.090449999999999815e-03
7.537770000000000060e-03
7.534919999999999639e-03
-5.827889999999999633e-03
-3.196080000000000015e-03
7.691609999999999767e-03
1.490220000000000000e-03
-9.598000000000000628e-03
-1.065660000000000045e-02
-9.534360000000000404e-03
4.323559999999999730e-03
1.620270000000000044e-02
5.478580000000000255e-03
-3.846070000000000044e-03
7.888199999999999726e-03
2.175320000000000031e-02
6.910379999999999821e-03
-1.035230000000000048e-03
1.006050000000000000e-02
1.745870000000000061e-02
9.410319999999999579e-04
-1.955159999999999884e-02
-1.046940000000000023e-02
7.044199999999999594e-03
5.919299999999999735e-03
5.022890000000000341e-03
5.292329999999999604e-03
1.580699999999999987e-03
-1.165770000000000001e-02
-2.052229999999999940e-03
2.540119999999999878e-02
2.644279999999999894e-02
-8.053399999999999838e-04
-1.790140000000000134e-02
-2.106569999999999884e-03
1.404019999999999921e-02
1.141479999999999925e-02
5.132779999999999981e-03
6.403840000000000053e-03
-5.766669999999999782e-03
1.973990000000000120e-04
1.485900000000000068e-02
5.472069999999999886e-03
-5.531559999999999602e-03
8.595560000000000353e-03
9.344359999999999472e-03
1.034530000000000085e-03
-2.428249999999999853e-03
-8.976539999999999866e-03
7.156149999999999577e-04
9.166639999999999771e-04
4.681590000000000230e-03
-1.945239999999999990e-03
-1.436869999999999988e-02
2.620480000000000118e-03
1.282359999999999924e-02
-8.537100000000000591e-03
-6.320069999999999681e-04
7.290429999999999654e-03
-7.445420000000000336e-03
-5.471629999999999897e-03
1.131929999999999959e-03
1.176349999999999965e-02
-1.618649999999999950e-02
-2.861609999999999848e-02
-6.311690000000000009e-03
1.716979999999999895e-02
2.145999999999999991e-02
1.426189999999999923e-02
9.831130000000000424e-03
-1.021380000000000031e-02
-7.353700000000000341e-03
1.812899999999999928e-02
3.601780000000000259e-02
9.583599999999999411e-03
-1.887329999999999910e-02
-3.526340000000000204e-03
6.321809999999999756e-03
2.955870000000000199e-03
1.664600000000000021e-03
5.395960000000000426e-04
2.563329999999999949e-03
-4.575609999999999920e-03
4.333120000000000201e-03
-1.092399999999999968e-02
-1.419310000000000016e-02
4.653530000000000340e-03
6.463049999999999698e-03
1.835940000000000141e-02
8.367460000000000175e-03
-3.174820000000000073e-03
-1.538720000000000018e-02
-1.221500000000000016e-02
-2.762650000000000175e-03
-4.129429999999999906e-03
-3.706099999999999933e-03
-1.208539999999999962e-02
-1.312879999999999950e-02
-4.513869999999999688e-03
8.063769999999999619e-03
1.214789999999999967e-02
-2.259619999999999945e-03
4.508090000000000187e-03
1.999779999999999960e-02
1.754069999999999935e-02
1.605760000000000173e-02
1.075970000000000051e-02
1.651249999999999940e-02
5.040580000000000234e-03
-2.376860000000000171e-03
1.995910000000000045e-02
1.336580000000000060e-02
-3.167370000000000081e-03
-1.055009999999999976e-02
4.130720000000000051e-03
2.791970000000000172e-04
-3.831409999999999937e-03
8.405519999999999659e-03
3.476869999999999961e-03
-1.036349999999999945e-02
-1.839400000000000063e-02
-1.090520000000000031e-02
9.540699999999999181e-03
2.613709999999999992e-02
6.255239999999999585e-03
-1.842159999999999978e-02
-2.001390000000000113e-02
3.203329999999999893e-03
9.646639999999999729e-03
5.457469999999999856e-03
-1.327599999999999961e-03
-2.721970000000000205e-03
-3.757299999999999876e-03
-1.810159999999999894e-03
-2.956680000000000159e-03
7.804290000000000185e-03
1.215560000000000078e-02
9.036370000000000166e-03
-2.573320000000000034e-03
-4.092140000000000187e-03
5.871180000000000149e-03
-2.396900000000000040e-04
-1.407199999999999944e-02
-2.192399999999999904e-02
5.209000000000000088e-03
2.139840000000000145e-02
1.671250000000000166e-02
-1.040839999999999994e-02
-2.498219999999999955e-02
-2.963860000000000106e-02
-3.012719999999999981e-02
-1.759039999999999909e-02
-3.853130000000000183e-03
5.858480000000000328e-04
2.765520000000000044e-03
7.649219999999999978e-03
4.918610000000000343e-03
7.162540000000000226e-03
1.626290000000000027e-02
2.279290000000000135e-02
2.329260000000000011e-02
1.669620000000000132e-02
9.782559999999999173e-03
2.133509999999999920e-03
-1.280509999999999895e-03
-1.014639999999999986e-02
-9.125489999999999990e-03
-7.442569999999999915e-03
-6.192129999999999683e-03
-6.843990000000000316e-03
-2.857619999999999952e-02
-3.258489999999999998e-02
-2.834479999999999986e-02
-3.644600000000000010e-03
3.233989999999999781e-02
1.364220000000000016e-02
-2.130109999999999990e-02
-7.022600000000000153e-04
3.129810000000000231e-02
5.389309999999999934e-02
2.756669999999999954e-02
-2.183090000000000031e-02
-4.258189999999999892e-02
-5.758309999999999818e-02
-6.233539999999999914e-02
-5.294440000000000257e-02
-1.541260000000000026e-02
-2.956429999999999909e-03
-1.855539999999999967e-02
-1.237740000000000021e-02
7.797110000000000325e-03
-1.106689999999999931e-02
-3.011139999999999997e-02
-5.223519999999999726e-03
3.078849999999999990e-02
2.389720000000000039e-02
1.430200000000000048e-02
2.657249999999999890e-02
-5.761630000000000223e-03
-4.417900000000000299e-02
-5.443420000000000203e-02
-4.078980000000000106e-02
-2.691280000000000061e-02
-1.467399999999999954e-02
-5.700130000000000301e-03
3.371240000000000066e-04
1.209149999999999982e-02
-1.231720000000000037e-02
-8.138430000000000317e-03
1.591510000000000147e-02
9.423699999999999915e-04
-9.965639999999999568e-03
-9.830109999999999543e-03
-5.268210000000000167e-04
-2.576180000000000136e-02
-3.176969999999999794e-02
-3.260820000000000211e-03
2.106090000000000045e-02
3.209929999999999728e-02
1.794050000000000158e-02
-9.579249999999999224e-03
-1.511189999999999929e-02
-5.770079999999999480e-04
7.960250000000000312e-03
3.789300000000000307e-02
4.522969999999999768e-02
2.825679999999999858e-02
1.856259999999999855e-02
4.412990000000000315e-03
-8.854290000000000771e-03
-1.326800000000000028e-02
-3.016749999999999987e-02
-3.449649999999999939e-02
-1.133660000000000050e-02
5.058779999999999701e-03
8.075789999999999358e-03
-1.350449999999999914e-02
-2.575179999999999830e-02
-3.477189999999999795e-03
-5.307219999999999646e-03
-2.504440000000000138e-02
2.352659999999999908e-03
4.158069999999999822e-02
5.014550000000000257e-02
4.745560000000000056e-02
3.847020000000000300e-02
2.403299999999999881e-02
2.797509999999999927e-02
7.950320000000000303e-03
7.448809999999999720e-04
2.812970000000000054e-02
1.823450000000000071e-02
1.896990000000000091e-03
-8.945780000000000398e-03
-3.930450000000000290e-05
6.165190000000000080e-03
1.757600000000000004e-03
3.150749999999999905e-03
-2.877129999999999965e-02
-4.424999999999999767e-02
-1.780970000000000122e-02
2.618650000000000144e-03
8.086700000000000485e-03
-5.238760000000000291e-03
-1.460359999999999957e-02
1.477430000000000063e-02
1.588490000000000041e-02
6.001959999999999761e-03
2.090499999999999997e-02
2.479200000000000154e-02
1.941439999999999833e-02
5.840090000000000038e-03
1.864089999999999844e-02
-3.975660000000000218e-04
-4.353459999999999969e-02
-7.246809999999999363e-02
-8.280289999999999873e-02
-7.462779999999999414e-02
-7.621809999999999696e-02
-5.199639999999999818e-02
-1.274289999999999971e-02
2.917990000000000167e-02
6.810810000000000475e-02
5.416239999999999943e-02
1.329999999999999932e-02
6.935049999999999895e-03
2.587319999999999898e-02
3.284879999999999745e-02
3.164499999999999952e-02
5.301070000000000088e-02
3.490660000000000290e-02
6.119510000000000097e-04
7.035589999999999769e-04
4.744609999999999800e-03
1.982820000000000069e-02
3.007160000000000041e-03
-2.129349999999999993e-02
-2.476779999999999954e-02
-2.987410000000000065e-02
-2.052599999999999911e-02
-1.564250000000000015e-02
-2.398319999999999966e-02
-3.831749999999999740e-02
-4.613190000000000346e-02
-3.086169999999999886e-02
-1.892579999999999957e-02
-6.361649999999999944e-03
-9.026090000000000502e-03
-2.576250000000000068e-02
-2.370430000000000106e-02
-3.656969999999999665e-02
-4.107020000000000115e-02
-3.003810000000000160e-02
-1.030329999999999961e-02
1.420100000000000008e-02
3.123480000000000006e-02
4.869489999999999930e-02
4.635480000000000156e-02
3.676360000000000045e-02
4.508449999999999958e-02
4.598909999999999804e-02
3.441079999999999833e-02
2.038459999999999925e-02
9.801910000000000484e-03
1.079679999999999963e-03
2.583970000000000104e-03
1.422709999999999947e-02
1.750209999999999960e-02
2.554560000000000164e-02
2.838910000000000045e-02
-1.146860000000000067e-02
-4.772060000000000191e-02
-5.936919999999999698e-02
-5.880429999999999685e-02
-1.800560000000000008e-02
1.002180000000000085e-02
1.401690000000000054e-02
-1.306940000000000011e-02
-3.043109999999999912e-02
-1.035969999999999946e-02
9.926880000000000339e-04
-1.613620000000000072e-03
-8.335369999999999715e-04
3.819349999999999828e-02
6.530690000000000106e-02
6.293419999999999570e-02
4.688839999999999675e-02
2.078119999999999967e-02
-2.457840000000000025e-02
-6.535509999999999931e-02
-6.284099999999999409e-02
-7.438160000000000605e-02
-5.903690000000000326e-02
-1.753330000000000166e-02
-3.103569999999999940e-03
-1.886279999999999901e-02
-4.081749999999999962e-02
-1.667230000000000101e-02
-1.453050000000000001e-02
-3.358629999999999949e-02
-2.479210000000000094e-02
6.030029999999999592e-03
2.930719999999999853e-02
1.961190000000000155e-02
1.466980000000000020e-02
7.058339999999999753e-03
-2.193130000000000079e-02
-3.967239999999999656e-02
-5.917599999999999943e-02
-7.157739999999999936e-02
-3.872849999999999904e-02
1.690409999999999829e-02
5.454189999999999733e-02
4.370210000000000067e-02
-5.969040000000000110e-03
-7.163579999999999948e-02
-1.166409999999999947e-01
-1.326229999999999909e-01
-9.334520000000000317e-02
7.109319999999999702e-03
7.870900000000000118e-02
5.150840000000000279e-02
-8.111790000000000667e-03
-1.822119999999999990e-02
1.807419999999999860e-02
6.749099999999999544e-02
7.208280000000000243e-02
3.469339999999999924e-02
1.992769999999999958e-02
4.159739999999999965e-02
7.357919999999999738e-02
8.499389999999999723e-02
6.761590000000000655e-02
2.382300000000000043e-02
-3.659089999999999825e-03
1.911219999999999933e-02
3.645810000000000023e-02
1.410460000000000012e-02
-2.399060000000000081e-02
-2.379190000000000124e-02
2.428969999999999914e-03
1.766039999999999971e-02
3.413840000000000017e-03
-4.862469999999999987e-02
-1.175120000000000053e-01
-1.515279999999999960e-01
-1.265910000000000091e-01
-1.010329999999999978e-01
-8.244500000000000439e-02
-4.941149999999999709e-02
9.915570000000000286e-03
8.479349999999999388e-02
1.302599999999999869e-01
1.344750000000000112e-01
1.234380000000000061e-01
1.301299999999999957e-01
1.386169999999999902e-01
1.239090000000000052e-01
7.135550000000000226e-02
-1.148910000000000035e-02
-9.128600000000000603e-02
-1.299869999999999914e-01
-8.512759999999999772e-02
-1.414100000000000079e-02
1.696339999999999957e-03
-1.403130000000000002e-02
-3.449060000000000320e-02
-3.056690000000000101e-02
1.049289999999999945e-02
5.265539999999999804e-02
7.436080000000000467e-02
6.037540000000000268e-02
4.588710000000000011e-02
3.516049999999999731e-02
1.171359999999999936e-02
-8.204220000000000132e-04
7.214909999999999726e-03
7.294250000000000386e-03
-1.995219999999999980e-02
-1.788690000000000072e-02
1.872470000000000037e-02
6.956760000000000201e-03
-3.715639999999999915e-02
-6.133679999999999688e-02
-5.961930000000000007e-02
-4.458779999999999688e-02
-4.238480000000000025e-02
-5.790019999999999889e-02
-7.525779999999999970e-02
-7.982359999999999456e-02
-9.363559999999999939e-02
-1.025820000000000065e-01
-1.025210000000000010e-01
-6.953979999999999884e-02
-7.797659999999999878e-04
4.793320000000000219e-02
4.231379999999999864e-02
9.907130000000000103e-03
6.267550000000000204e-03
3.302189999999999986e-02
5.308920000000000305e-02
4.659970000000000084e-02
2.257539999999999894e-02
-4.045749999999999867e-03
-2.866979999999999876e-02
-5.059389999999999721e-02
-5.776980000000000309e-02
-2.784429999999999891e-02
4.407060000000000144e-02
8.709400000000000475e-02
1.034790000000000015e-01
1.261909999999999976e-01
1.405859999999999888e-01
1.472479999999999900e-01
1.032140000000000002e-01
2.653430000000000025e-02
-2.799619999999999886e-02
-6.834650000000000447e-02
-8.440050000000000330e-02
-4.255629999999999830e-02
2.985430000000000028e-02
6.602940000000000198e-02
6.468989999999999463e-02
6.719890000000000585e-02
6.047690000000000010e-02
2.320389999999999953e-02
-1.501070000000000008e-02
-3.256909999999999666e-02
-2.906459999999999946e-02
5.452959999999999752e-03
4.434529999999999722e-02
6.022960000000000119e-02
7.617300000000000459e-02
9.366480000000000639e-02
1.018099999999999977e-01
8.093980000000000619e-02
4.238970000000000238e-02
1.207039999999999936e-03
-5.656390000000000029e-02
-1.011969999999999953e-01
-1.182190000000000046e-01
-1.261919999999999986e-01
-1.255390000000000117e-01
-1.139899999999999941e-01
-1.186030000000000001e-01
-1.354710000000000081e-01
-1.477569999999999995e-01
-1.449469999999999925e-01
-1.086260000000000003e-01
-4.625200000000000145e-02
1.169809999999999947e-02
3.693060000000000093e-02
3.542689999999999728e-02
2.475339999999999832e-02
1.709710000000000049e-02
2.645130000000000051e-02
4.533639999999999892e-02
4.766689999999999816e-02
4.903049999999999770e-02
5.091419999999999974e-02
1.978260000000000088e-02
4.808759999999999597e-03
2.050530000000000061e-02
1.922909999999999897e-02
1.745920000000000111e-02
1.232530000000000084e-02
2.983239999999999850e-02
6.538230000000000430e-02
8.463869999999999727e-02
9.611450000000000549e-02
1.066340000000000066e-01
1.213850000000000068e-01
1.310209999999999986e-01
1.193059999999999954e-01
7.187520000000000020e-02
2.719999999999999848e-02
5.328989999999999595e-03
2.257800000000000085e-02
7.559330000000000216e-02
1.153850000000000015e-01
1.395770000000000066e-01
1.374789999999999901e-01
1.180689999999999934e-01
8.683989999999999765e-02
4.771449999999999997e-02
1.700209999999999916e-02
-2.474869999999999848e-02
-5.241839999999999694e-02
-5.794910000000000339e-02
-3.908230000000000037e-02
5.291569999999999781e-03
3.977959999999999829e-02
6.728370000000000184e-02
7.998360000000000192e-02
7.051369999999999860e-02
5.757790000000000130e-02
6.227579999999999921e-02
6.309159999999999768e-02
3.388370000000000271e-02
-1.713080000000000158e-02
-6.568499999999999339e-02
-8.294970000000000121e-02
-6.253050000000000275e-02
-3.054760000000000114e-02
-1.695419999999999913e-02
-1.435950000000000074e-02
-1.315309999999999917e-02
-4.210910000000000000e-03
5.922600000000000087e-03
2.312060000000000157e-02
4.959460000000000257e-02
6.596539999999999349e-02
4.856300000000000200e-02
6.267469999999999812e-03
-1.471410000000000079e-02
-2.548239999999999880e-02
-2.570290000000000075e-02
-2.257069999999999910e-02
-3.842679999999999707e-02
-5.482449999999999823e-02
-6.499000000000000610e-02
-5.942809999999999759e-02
-5.397430000000000283e-02
-6.545869999999999467e-02
-7.619639999999999747e-02
-8.147200000000000275e-02
-7.316630000000000356e-02
-6.812469999999999637e-02
-8.271589999999999498e-02
-8.302930000000000033e-02
-5.213870000000000310e-02
-1.590750000000000150e-02
-1.171239999999999955e-02
-3.855589999999999712e-02
-5.967519999999999769e-02
-4.524340000000000306e-02
1.323540000000000003e-03
3.655930000000000291e-02
4.140309999999999824e-02
2.852340000000000084e-02
3.301840000000000330e-02
6.196170000000000150e-02
8.648949999999999694e-02
1.033359999999999973e-01
1.030760000000000010e-01
8.192960000000000520e-02
5.128039999999999682e-02
2.716029999999999833e-02
2.402879999999999946e-02
4.872080000000000161e-02
6.568630000000000302e-02
6.727529999999999621e-02
7.563300000000000578e-02
6.041649999999999798e-02
4.310080000000000161e-02
3.196530000000000205e-02
2.460069999999999965e-02
2.112949999999999898e-02
1.309169999999999952e-02
2.440950000000000064e-02
2.637899999999999967e-02
1.699169999999999847e-02
1.297479999999999987e-02
1.626419999999999949e-02
7.406480000000000008e-04
-3.462090000000000306e-02
-5.045140000000000041e-02
-4.520060000000000050e-02
-2.509660000000000016e-02
-1.286859999999999914e-03
1.454750000000000097e-03
-2.051719999999999933e-02
-4.974549999999999805e-02
-7.021910000000000651e-02
-8.889439999999999842e-02
-1.040999999999999981e-01
-8.837649999999999673e-02
-7.040219999999999811e-02
-7.409580000000000333e-02
-7.122570000000000290e-02
-4.692840000000000206e-02
-2.991289999999999921e-02
-3.688269999999999743e-02
-5.387600000000000028e-02
-7.250750000000000250e-02
-7.859810000000000407e-02
-7.381949999999999623e-02
-5.742420000000000163e-02
-1.779019999999999907e-02
1.697330000000000019e-02
4.485290000000000110e-02
6.747119999999999507e-02
6.500269999999999659e-02
5.146610000000000074e-02
3.176369999999999888e-02
-3.577429999999999933e-03
-4.698159999999999836e-02
-7.163110000000000310e-02
-6.418010000000000381e-02
-4.073659999999999781e-02
-1.610879999999999951e-02
-2.459329999999999850e-02
-4.639589999999999687e-02
-4.858090000000000325e-02
-5.094939999999999886e-02
-3.521200000000000024e-02
-1.477230000000000036e-02
-1.292019999999999974e-02
-1.870060000000000125e-02
-3.404660000000000325e-02
-5.883789999999999853e-02
-8.010910000000000253e-02
-7.408710000000000295e-02
-3.953070000000000195e-02
-8.866539999999999144e-03
-1.493079999999999928e-03
-2.313859999999999875e-02
-4.813590000000000230e-02
-5.982210000000000305e-02
-6.265790000000000248e-02
-5.649509999999999948e-02
-4.000390000000000196e-02
-2.037720000000000156e-02
5.010510000000000137e-03
3.348469999999999919e-02
4.641309999999999880e-02
1.395350000000000062e-02
-1.521250000000000033e-02
2.149859999999999965e-03
1.354110000000000036e-02
-4.598679999999999955e-03
-2.160629999999999842e-02
-6.265589999999999701e-03
8.225440000000000529e-03
9.316740000000000438e-03
8.545509999999999218e-03
-4.641160000000000077e-03
-2.062670000000000128e-02
-5.131990000000000336e-03
2.282000000000000001e-02
3.923780000000000323e-02
2.922440000000000107e-02
1.531250000000000059e-03
2.168560000000000037e-06
2.332770000000000069e-03
-2.172709999999999919e-02
-6.016690000000000232e-02
-8.015700000000000602e-02
-7.161760000000000348e-02
-5.289970000000000089e-02
-4.682780000000000276e-02
-5.167589999999999684e-02
-4.304680000000000312e-02
-1.452969999999999956e-02
2.241049999999999986e-02
4.876010000000000066e-02
5.229120000000000296e-02
4.870170000000000055e-02
5.120469999999999883e-02
3.313839999999999841e-02
1.247209999999999985e-02
4.147770000000000276e-03
-1.979460000000000160e-03
-3.494249999999999960e-03
-1.578020000000000117e-02
-4.547659999999999897e-02
-7.222820000000000629e-02
-7.294739999999999558e-02
-7.041690000000000449e-02
-7.009360000000000590e-02
-5.849429999999999907e-02
-3.804840000000000305e-02
-9.483419999999999350e-03
1.561970000000000025e-02
2.241280000000000008e-02
8.473440000000000485e-03
-6.797059999999999734e-03
-3.728969999999999854e-03
-2.679470000000000202e-03
-1.493889999999999975e-02
-1.966980000000000117e-02
-1.664150000000000004e-02
-1.140689999999999933e-02
-7.966499999999999623e-03
8.253470000000000598e-03
3.178779999999999800e-02
4.418280000000000124e-02
5.445409999999999834e-02
5.216420000000000085e-02
3.376839999999999703e-02
2.284819999999999907e-02
2.919460000000000111e-02
4.186190000000000050e-02
3.798180000000000306e-02
3.052960000000000049e-02
3.472890000000000005e-02
4.330389999999999934e-02
4.139439999999999786e-02
3.758159999999999973e-02
3.121370000000000047e-02
1.756090000000000081e-02
2.409299999999999983e-02
3.409809999999999924e-02
3.962129999999999819e-02
4.118600000000000039e-02
3.796070000000000000e-02
3.929479999999999779e-02
4.470679999999999793e-02
4.763209999999999666e-02
4.718230000000000340e-02
4.765450000000000241e-02
3.009610000000000063e-02
9.035120000000000651e-03
1.927790000000000059e-02
3.224919999999999870e-02
2.073540000000000105e-02
-5.354209999999999872e-03
-6.584369999999999980e-03
1.980089999999999975e-02
3.228670000000000151e-02
2.958370000000000097e-02
1.710290000000000074e-02
1.217390000000000052e-03
-1.125729999999999960e-02
-1.556270000000000049e-02
-1.554640000000000015e-02
-1.354520000000000030e-02
6.335549999999999689e-03
1.978219999999999978e-02
1.281859999999999944e-02
9.590249999999999816e-03
1.549189999999999942e-02
-3.145540000000000055e-03
-2.219410000000000133e-02
-1.445029999999999926e-02
-3.202749999999999868e-03
-3.583250000000000064e-03
-9.190220000000000680e-03
8.575090000000000490e-03
2.024279999999999829e-02
1.165240000000000026e-02
3.113929999999999997e-03
1.271779999999999916e-03
7.554960000000000321e-03
9.944790000000000227e-03
2.101690000000000155e-02
2.103520000000000043e-02
1.383299999999999981e-02
2.866480000000000070e-02
2.177770000000000053e-02
-3.929379999999999679e-03
-2.044520000000000018e-02
-2.337880000000000166e-02
-1.418250000000000066e-02
-1.207820000000000074e-02
-2.530029999999999953e-03
4.916969999999999674e-03
-4.797520000000000430e-03
-2.138270000000000101e-02
-1.184059999999999974e-02
2.345240000000000172e-02
3.856060000000000043e-02
1.128370000000000067e-02
-3.794560000000000294e-02
-5.864339999999999831e-02
-4.342809999999999726e-02
-2.019349999999999964e-02
-1.757720000000000116e-02
-1.035359999999999926e-02
-6.248140000000000117e-04
-1.519039999999999974e-02
-1.240020000000000098e-04
4.315970000000000223e-02
4.294860000000000344e-02
8.904010000000000397e-03
-1.886749999999999886e-02
2.031250000000000069e-03
3.683369999999999700e-02
2.170909999999999854e-02
3.187140000000000112e-02
6.122190000000000271e-02
5.721840000000000259e-02
4.453979999999999745e-02
5.450309999999999877e-02
3.005069999999999963e-02
-1.210899999999999997e-02
-2.219039999999999815e-03
-2.623489999999999850e-02
-7.297230000000000383e-02
-4.732139999999999957e-02
-9.874090000000000297e-03
-2.257510000000000072e-02
-2.016379999999999909e-02
2.399499999999999897e-02
1.320449999999999922e-02
-2.175190000000000110e-02
3.097330000000000135e-03
7.215090000000000392e-03
-2.030960000000000057e-02
-2.607049999999999992e-02
-3.580740000000000312e-02
-4.508129999999999776e-02
-4.547799999999999759e-02
-5.347480000000000289e-02
-5.814020000000000299e-02
-6.059330000000000271e-02
-4.256479999999999986e-02
-1.813369999999999913e-02
-2.660579999999999889e-02
-4.347249999999999726e-02
-5.463029999999999969e-02
-5.162429999999999797e-02
-3.695770000000000305e-02
-2.838869999999999935e-02
-1.312329999999999920e-02
-1.105270000000000037e-02
-1.789579999999999990e-02
-7.655999999999999611e-03
2.400990000000000069e-02
4.157949999999999841e-02
2.841230000000000144e-02
1.569190000000000168e-02
1.426299999999999964e-02
1.823790000000000133e-02
6.114249999999999893e-03
-1.430509999999999941e-02
-9.507989999999999151e-03
1.685400000000000093e-02
3.884209999999999746e-02
3.437969999999999915e-02
2.993049999999999877e-02
5.163210000000000022e-02
6.619260000000000421e-02
5.709220000000000267e-02
1.951140000000000166e-02
-7.851109999999999686e-03
-1.460759999999999966e-03
-1.062910000000000027e-03
-1.283669999999999950e-02
-1.863230000000000094e-02
-1.997760000000000161e-02
-1.704510000000000053e-02
-5.118170000000000011e-03
8.092919999999999975e-03
1.633050000000000126e-02
3.799850000000000016e-03
-8.733859999999999540e-03
-8.718500000000000555e-03
-1.356240000000000050e-02
-2.041369999999999990e-02
-2.183349999999999874e-02
-1.558490000000000049e-02
-8.999719999999999248e-03
2.206060000000000139e-03
2.358740000000000142e-02
4.222589999999999677e-02
3.843459999999999932e-02
2.675160000000000038e-02
1.739819999999999908e-02
1.742180000000000117e-02
3.718939999999999746e-02
4.911739999999999856e-02
4.445709999999999940e-02
4.783029999999999921e-02
4.837609999999999827e-02
1.854520000000000127e-02
3.468660000000000146e-03
4.549929999999999773e-03
-6.790349999999999685e-03
-2.272699999999999894e-03
4.844350000000000197e-04
-1.216760000000000064e-02
-2.813250000000000126e-02
-2.182780000000000137e-02
4.599419999999999897e-03
6.757820000000000320e-03
-8.606360000000000399e-03
-2.464370000000000102e-02
-3.189279999999999893e-02
-3.344520000000000132e-02
-3.566969999999999863e-02
-3.287579999999999669e-02
-3.111830000000000152e-02
-2.206059999999999965e-02
-3.750509999999999868e-03
-8.026209999999999985e-04
-2.145880000000000183e-03
2.742050000000000216e-03
2.309000000000000017e-04
-6.625449999999999742e-03
-1.828299999999999934e-03
1.289350000000000045e-02
2.008050000000000113e-02
2.080780000000000129e-02
2.095069999999999918e-02
2.496349999999999958e-02
3.376620000000000316e-02
3.676709999999999701e-02
2.731590000000000060e-02
1.710980000000000140e-02
1.705889999999999837e-02
1.571269999999999958e-02
2.442539999999999989e-03
-7.668620000000000124e-03
-9.219939999999999386e-03
-2.378700000000000085e-03
-2.174600000000000057e-03
-1.098629999999999919e-02
-5.516929999999999751e-03
5.071789999999999632e-03
1.234140000000000063e-02
1.718549999999999939e-02
1.307089999999999988e-02
9.990650000000000225e-03
1.810590000000000116e-02
3.966469999999999718e-02
5.292380000000000001e-02
5.253530000000000005e-02
4.178660000000000013e-02
2.244650000000000117e-02
9.315149999999999472e-03
-7.038400000000000212e-03
-1.849189999999999862e-02
-1.180969999999999936e-02
1.556459999999999962e-03
4.722650000000000112e-03
-2.680930000000000097e-04
-1.741879999999999904e-03
-1.049540000000000022e-02
-2.992929999999999896e-02
-3.414289999999999686e-02
-2.446910000000000057e-02
-2.480550000000000116e-02
-4.397829999999999795e-02
-6.776060000000000416e-02
-8.192109999999999670e-02
-7.955049999999999621e-02
-6.591400000000000037e-02
-6.657989999999999742e-02
-7.839139999999999997e-02
-7.921029999999999738e-02
-6.128979999999999845e-02
-3.812959999999999960e-02
-2.842930000000000110e-02
-3.698590000000000211e-02
-4.502540000000000014e-02
-4.785779999999999895e-02
-3.417749999999999955e-02
-2.292160000000000031e-02
-2.347130000000000050e-02
-2.955440000000000150e-02
-3.715129999999999821e-02
-3.404929999999999762e-02
-3.071379999999999943e-02
-2.481289999999999885e-02
-7.630910000000000297e-03
1.421350000000000044e-02
3.121809999999999863e-02
3.193630000000000080e-02
9.692299999999999180e-03
-1.453160000000000042e-02
-1.113279999999999999e-02
4.396869999999999772e-03
1.035179999999999954e-02
1.760209999999999900e-02
2.150880000000000153e-02
3.024829999999999880e-02
3.378679999999999878e-02
3.418779999999999736e-02
3.348009999999999875e-02
2.355969999999999939e-02
1.085269999999999985e-02
-5.517130000000000298e-03
-6.529840000000000297e-03
1.448939999999999950e-02
3.272110000000000296e-02
4.350670000000000232e-02
4.575800000000000006e-02
4.150170000000000248e-02
3.753200000000000286e-02
3.358980000000000299e-02
4.497319999999999790e-02
5.969290000000000013e-02
5.611900000000000222e-02
4.545710000000000028e-02
4.625490000000000157e-02
4.049509999999999915e-02
3.946809999999999902e-02
3.463959999999999956e-02
1.762410000000000018e-02
1.126869999999999955e-02
1.240920000000000044e-02
2.537560000000000163e-02
4.133160000000000306e-02
5.050360000000000266e-02
4.815570000000000267e-02
3.851179999999999881e-02
3.041620000000000087e-02
3.302959999999999924e-02
2.609989999999999880e-02
8.115390000000000104e-03
-7.244630000000000167e-03
-2.994149999999999937e-02
-3.708240000000000147e-02
-1.045100000000000022e-02
1.268790000000000022e-02
9.970730000000000565e-03
-2.540419999999999831e-03
-1.101240000000000031e-02
-1.204140000000000071e-02
-1.203609999999999923e-02
-9.429850000000000038e-03
-1.169509999999999994e-02
-1.167660000000000052e-02
-7.766890000000000035e-04
1.163280000000000043e-02
2.204000000000000056e-02
2.445560000000000095e-02
-1.374869999999999933e-04
-3.207659999999999678e-02
-3.705200000000000160e-02
-3.484650000000000247e-02
-3.414969999999999811e-02
-3.614470000000000183e-02
-4.244710000000000150e-02
-4.688389999999999919e-02
-5.036190000000000111e-02
-5.016999999999999932e-02
-5.015649999999999969e-02
-4.550110000000000265e-02
-3.069049999999999903e-02
-2.317800000000000069e-02
-2.123370000000000118e-02
-1.910179999999999864e-02
-1.933620000000000130e-02
-1.008460000000000086e-02
-6.732700000000000316e-03
-1.593090000000000131e-02
-1.806960000000000163e-02
-1.112020000000000022e-02
2.986589999999999905e-03
2.142940000000000123e-02
3.228749999999999676e-02
2.928580000000000072e-02
1.677160000000000109e-02
-6.069750000000000492e-04
-7.153149999999999613e-03
4.490949999999999955e-04
1.161009999999999993e-02
1.399710000000000017e-02
-1.138490000000000031e-03
-1.418409999999999983e-02
-3.000210000000000030e-02
-4.197569999999999774e-02
-1.744860000000000161e-02
1.480790000000000058e-03
-1.041480000000000010e-03
-1.905549999999999952e-02
-2.108000000000000151e-02
1.448910000000000085e-03
3.346309999999999910e-03
-8.627289999999999265e-03
-3.574890000000000012e-02
-4.210529999999999828e-02
-9.576329999999999218e-03
2.868410000000000057e-02
3.921979999999999911e-02
2.715849999999999861e-02
2.223419999999999910e-02
3.849419999999999925e-02
6.358840000000000325e-02
6.744830000000000270e-02
4.955770000000000314e-02
1.512469999999999960e-02
-3.667990000000000139e-02
-9.203000000000000069e-02
-1.121319999999999956e-01
-8.828310000000000324e-02
-3.478389999999999954e-02
5.398080000000000239e-02
1.087329999999999963e-01
1.096700000000000036e-01
8.457829999999999515e-02
6.473850000000000438e-02
5.415210000000000162e-02
1.475169999999999954e-02
-4.048720000000000097e-02
-3.341840000000000088e-02
2.065200000000000022e-02
2.912230000000000027e-02
1.242000000000000048e-02
-1.607760000000000092e-02
-2.719430000000000111e-02
-2.510920000000000166e-02
-5.989069999999999903e-05
5.539089999999999986e-03
-1.996679999999999983e-02
-1.847029999999999852e-02
-2.927899999999999947e-02
-5.013780000000000320e-02
-4.192860000000000337e-02
-4.899159999999999626e-04
2.119350000000000053e-02
1.761860000000000162e-02
1.827969999999999942e-02
5.177010000000000119e-03
1.534970000000000084e-02
5.153850000000000098e-02
6.866650000000000531e-02
2.761479999999999838e-02
-4.824959999999999666e-02
-6.981320000000000581e-02
-4.887339999999999740e-02
6.559960000000000530e-04
3.445489999999999664e-02
2.434590000000000018e-02
-4.096569999999999899e-03
3.665840000000000071e-03
3.451590000000000213e-02
5.764980000000000104e-02
6.856399999999999995e-02
5.824990000000000029e-02
3.317040000000000266e-02
1.797769999999999924e-02
1.817780000000000090e-02
1.383389999999999967e-02
7.892579999999999735e-03
-1.413720000000000081e-02
-2.564260000000000150e-02
-2.450099999999999847e-02
-1.999539999999999998e-02
-1.475540000000000011e-02
-2.403039999999999950e-03
-1.809190000000000017e-03
-1.058609999999999933e-02
-1.033190000000000047e-04
1.192679999999999955e-02
2.561949999999999991e-02
3.038000000000000075e-02
2.002620000000000094e-02
-5.175719999999999973e-03
-2.552650000000000058e-02
-3.423509999999999748e-02
-4.028650000000000286e-02
-4.888289999999999996e-02
-4.316960000000000242e-02
-1.531219999999999977e-02
1.640080000000000010e-02
2.079210000000000086e-02
4.880360000000000253e-03
2.047020000000000090e-03
-4.881629999999999650e-03
8.292910000000000559e-03
3.462649999999999756e-02
3.720930000000000071e-02
9.847019999999999731e-03
-2.194410000000000110e-02
-4.539060000000000317e-02
-5.746210000000000206e-02
-4.171409999999999701e-02
-1.629960000000000089e-02
-4.398009999999999940e-03
-1.131030000000000056e-02
-9.412910000000000027e-03
3.303640000000000049e-03
8.984349999999999455e-05
-1.389519999999999991e-02
-1.725580000000000169e-02
-9.162939999999999627e-03
-1.382210000000000036e-02
-2.068139999999999909e-02
-1.900939999999999921e-02
-1.873879999999999990e-02
-1.765229999999999924e-02
-5.759929999999999911e-03
1.503400000000000049e-02
3.045459999999999834e-02
3.132080000000000281e-02
2.046109999999999943e-02
8.772089999999999749e-03
4.718830000000000247e-03
1.143369999999999977e-02
1.109330000000000038e-02
9.639969999999999442e-03
1.530319999999999944e-02
1.431709999999999927e-02
4.869069999999999648e-03
5.399690000000000392e-03
1.534800000000000053e-02
1.775639999999999857e-02
1.504650000000000085e-02
1.228349999999999928e-02
1.490619999999999966e-02
2.721060000000000145e-02
4.284339999999999676e-02
4.319859999999999672e-02
3.904330000000000300e-02
3.015520000000000006e-02
7.522680000000000339e-03
-1.409799999999999942e-02
-2.315029999999999866e-02
-1.322139999999999947e-02
4.377879999999999792e-03
5.711240000000000240e-03
-8.924520000000000022e-03
-2.193240000000000120e-02
-2.190560000000000077e-02
-8.476080000000000420e-03
-5.159839999999999739e-03
-1.545239999999999982e-02
-1.492079999999999969e-02
-4.595130000000000221e-03
-2.530929999999999839e-05
-5.594290000000000027e-03
-2.249440000000000120e-02
-3.455269999999999869e-02
-1.854760000000000089e-02
7.941979999999999526e-03
3.774480000000000196e-03
-1.441500000000000073e-02
-2.861620000000000136e-02
-1.831299999999999942e-02
-2.281490000000000005e-04
-5.039270000000000208e-03
-1.665070000000000092e-02
-2.678120000000000153e-02
-3.063039999999999860e-02
-3.071890000000000037e-02
-1.686510000000000092e-02
2.216269999999999785e-03
1.748279999999999973e-02
1.437510000000000003e-02
-3.136040000000000095e-03
-2.012190000000000159e-02
-1.688519999999999952e-02
-5.860830000000000033e-03
-2.015489999999999990e-02
-3.900019999999999876e-02
-4.038520000000000304e-02
-1.902509999999999965e-02
1.711680000000000146e-02
2.973539999999999864e-02
1.155720000000000011e-02
1.074549999999999984e-02
1.503580000000000021e-02
1.888240000000000057e-02
2.621340000000000128e-02
2.712240000000000137e-02
1.979490000000000069e-02
1.870580000000000159e-02
3.145909999999999679e-02
3.513229999999999825e-02
3.093829999999999844e-02
3.020720000000000002e-02
2.549190000000000136e-02
6.631289999999999754e-03
-5.525880000000000375e-03
-1.599389999999999840e-02
-2.332849999999999854e-02
-1.532440000000000017e-02
-8.964480000000000365e-03
-5.266769999999999612e-03
-7.578329999999999659e-05
-3.274290000000000013e-03
-5.640489999999999740e-03
1.025739999999999985e-02
3.261710000000000303e-02
3.694820000000000049e-02
2.460539999999999949e-02
1.194839999999999965e-02
-1.254360000000000024e-02
-2.446210000000000051e-02
-1.307769999999999939e-02
-1.459690000000000033e-03
1.863679999999999937e-03
7.888199999999999455e-05
-3.780589999999999905e-03
4.617900000000000086e-04
2.121529999999999944e-03
-7.342839999999999784e-03
-2.115140000000000162e-03
1.225279999999999946e-02
1.299039999999999917e-02
-1.043539999999999919e-03
2.372640000000000079e-03
1.716590000000000130e-02
1.453650000000000081e-02
4.068490000000000127e-03
4.963219999999999958e-03
7.197219999999999833e-03
-1.010690000000000026e-02
-2.605340000000000086e-02
-2.851750000000000118e-02
-2.435669999999999849e-02
-2.742160000000000084e-02
-3.991229999999999778e-02
-4.949499999999999733e-02
-4.376239999999999991e-02
-2.042770000000000002e-02
-4.834509999999999762e-04
4.131219999999999684e-03
-4.165259999999999622e-03
-3.805010000000000163e-03
2.054059999999999914e-03
7.220550000000000058e-03
1.097640000000000074e-02
-1.293000000000000095e-03
-1.917850000000000110e-02
-2.862659999999999857e-02
-3.433939999999999909e-02
-3.732579999999999926e-02
-3.073740000000000153e-02
-9.275409999999999558e-03
9.676179999999999504e-04
4.347059999999999813e-03
1.294990000000000030e-02
1.206070000000000059e-02
9.922939999999999885e-03
9.847639999999999519e-03
8.633009999999999989e-03
1.319969999999999997e-02
1.965449999999999836e-02
1.062259999999999940e-02
-3.519560000000000136e-03
1.208319999999999924e-03
1.047419999999999948e-02
6.933940000000000416e-03
1.349619999999999943e-03
-2.385439999999999956e-03
-7.165999999999999627e-03
-1.096740000000000041e-02
-7.779689999999999696e-03
-3.513880000000000042e-03
-3.927820000000000270e-03
3.747850000000000053e-03
1.862369999999999998e-02
2.501520000000000132e-02
1.406059999999999949e-02
8.710849999999999149e-03
9.907479999999999759e-03
9.798509999999999859e-03
8.458399999999999599e-03
9.877389999999999781e-03
1.687989999999999977e-02
1.572840000000000002e-02
1.629059999999999883e-02
1.762700000000000031e-02
1.553110000000000081e-02
1.314749999999999946e-02
1.849349999999999952e-02
2.808160000000000170e-02
3.510350000000000276e-02
3.125719999999999887e-02
2.720490000000000061e-02
2.818529999999999994e-02
2.361380000000000076e-02
1.615060000000000107e-02
1.379769999999999955e-02
1.548489999999999936e-02
7.416850000000000005e-03
-5.919490000000000342e-03
-1.056239999999999957e-02
-8.914919999999999789e-03
-1.050090000000000051e-02
-6.375829999999999866e-03
-3.364639999999999905e-03
-7.661750000000000158e-03
-3.205219999999999944e-03
6.553269999999999929e-03
7.155220000000000330e-03
3.125339999999999889e-03
1.949430000000000043e-03
-1.612259999999999908e-03
-2.721879999999999872e-03
2.331349999999999829e-03
2.131570000000000166e-03
-1.003180000000000044e-02
-1.747659999999999839e-02
-9.304250000000000020e-03
-2.488470000000000005e-03
-1.176709999999999954e-05
3.025930000000000026e-03
-4.154119999999999861e-04
-2.883680000000000011e-03
5.191800000000000538e-04
1.888149999999999898e-03
-4.932449999999999682e-03
-8.734880000000000422e-03
-1.850770000000000063e-03
6.646980000000000249e-03
4.115470000000000413e-03
-4.213600000000000179e-04
9.284809999999999624e-05
1.310860000000000063e-03
1.885240000000000049e-03
2.847220000000000133e-03
9.157069999999999793e-03
1.245789999999999918e-02
5.992250000000000180e-03
-3.568079999999999950e-03
-7.708150000000000418e-03
-8.790249999999999453e-03
-1.175320000000000011e-02
-1.736309999999999937e-02
-2.235490000000000047e-02
-2.249140000000000167e-02
-2.155090000000000131e-02
-2.599289999999999934e-02
-2.443319999999999867e-02
-1.951560000000000100e-02
-1.056810000000000041e-02
-5.486360000000000021e-03
-6.376709999999999844e-03
-1.169489999999999939e-02
-1.127760000000000047e-02
4.394809999999999862e-03
1.251000000000000029e-02
1.003970000000000036e-02
7.475510000000000314e-03
2.857049999999999867e-03
-4.124749999999999944e-03
-6.345189999999999685e-03
-9.689680000000000862e-03
-8.599199999999999552e-03
-6.608069999999999743e-03
-1.344399999999999935e-02
-2.384789999999999827e-02
-2.677219999999999947e-02
-2.040120000000000128e-02
-2.135990000000000111e-02
-2.381389999999999896e-02
-2.245820000000000108e-02
-2.602410000000000140e-02
-2.683390000000000081e-02
-2.315870000000000081e-02
-2.212029999999999899e-02
-2.381549999999999986e-02
-2.453549999999999828e-02
-2.043089999999999837e-02
-1.673439999999999997e-02
-1.603970000000000048e-02
-1.402609999999999968e-02
-1.571619999999999961e-02
-1.943200000000000136e-02
-1.642599999999999963e-02
-8.528060000000000501e-03
1.118150000000000047e-03
9.694370000000000764e-03
1.453229999999999973e-02
1.664480000000000126e-02
1.868480000000000141e-02
1.943459999999999979e-02
1.995999999999999858e-02
2.190210000000000073e-02
1.709079999999999974e-02
1.015590000000000069e-02
5.271170000000000369e-03
3.390339999999999934e-03
7.590750000000000275e-03
1.205230000000000017e-02
9.017829999999999249e-03
7.381790000000000053e-03
8.441620000000000373e-03
1.077849999999999989e-02
2.324599999999999930e-02
2.273499999999999827e-02
7.890980000000000563e-03
9.636240000000000777e-03
1.889889999999999973e-02
1.970579999999999901e-02
2.032899999999999985e-02
2.078910000000000133e-02
1.724660000000000082e-02
1.650410000000000071e-02
1.938559999999999936e-02
1.643379999999999841e-02
7.293580000000000028e-03
2.263990000000000013e-03
5.493330000000000261e-03
4.645729999999999825e-03
5.926869999999999881e-03
9.708029999999999438e-03
4.274499999999999654e-03
-6.833279999999999736e-03
-1.010750000000000016e-02
-1.426240000000000060e-03
4.007310000000000039e-03
4.098100000000000354e-03
5.845369999999999906e-03
8.828880000000000755e-03
4.431659999999999593e-03
2.013239999999999908e-03
5.303760000000000245e-03
9.132839999999999708e-03
6.988799999999999873e-03
8.381940000000000050e-04
-2.572689999999999873e-03
-8.448920000000000388e-03
-1.070819999999999932e-02
-1.324600000000000083e-02
-1.672420000000000156e-02
-1.414669999999999990e-02
-1.425689999999999943e-02
-1.603579999999999936e-02
-1.438339999999999931e-02
-1.267390000000000010e-02
-1.110919999999999963e-02
-7.840140000000000650e-03
1.473450000000000064e-03
4.624200000000000185e-03
-7.904370000000000352e-05
-4.625939999999999826e-04
7.442370000000000235e-03
8.441940000000000208e-03
1.585459999999999908e-03
-5.823850000000000207e-03
-9.689690000000000802e-03
-3.246390000000000040e-03
1.651600000000000030e-03
-1.107539999999999957e-03
-2.356070000000000039e-03
6.579840000000000211e-04
2.287889999999999889e-03
4.879660000000000074e-03
2.358170000000000145e-03
-3.795660000000000180e-04
-4.724430000000000166e-04
-1.114220000000000049e-04
1.480739999999999921e-03
-8.704259999999999905e-04
8.145500000000000396e-04
5.350419999999999829e-03
2.246489999999999859e-03
2.193389999999999923e-03
7.387150000000000313e-03
2.453340000000000035e-03
-5.953570000000000043e-03
-7.120529999999999915e-03
-1.049570000000000104e-03
1.143350000000000009e-03
1.820290000000000151e-05
1.750079999999999995e-03
4.233690000000000023e-03
8.869500000000000647e-03
7.244549999999999775e-03
8.847900000000000556e-03
9.633199999999999749e-03
1.138849999999999932e-02
1.511649999999999973e-02
1.276230000000000073e-02
1.282639999999999995e-02
1.471229999999999934e-02
1.360139999999999960e-02
4.776260000000000054e-03
2.801430000000000153e-03
8.461299999999999724e-03
1.441699999999999926e-02
1.825819999999999874e-02
1.721359999999999904e-02
1.501839999999999946e-02
1.272019999999999922e-02
1.077900000000000039e-02
9.751779999999999823e-03
3.076759999999999998e-03
-6.903049999999999985e-03
-1.295789999999999963e-02
-1.018570000000000066e-02
-8.469149999999999942e-03
-9.697370000000000295e-03
-3.498970000000000118e-03
-3.850580000000000257e-04
-1.738739999999999904e-03
-7.475370000000000278e-03
-1.043449999999999933e-02
-5.576440000000000216e-03
-5.846890000000000420e-03
-9.606770000000000587e-03
-1.066369999999999992e-02
-1.042919999999999958e-02
-1.086080000000000031e-02
-9.544179999999999331e-03
-1.118959999999999920e-02
-1.895909999999999956e-02
-1.897360000000000019e-02
-1.630260000000000042e-02
-1.739399999999999974e-02
-1.814489999999999853e-02
-1.420369999999999966e-02
-1.395419999999999994e-02
-1.746549999999999839e-02
-1.666899999999999979e-02
-9.368359999999999188e-03
-1.331530000000000040e-04
3.383240000000000032e-03
2.604229999999999913e-03
2.768689999999999866e-03
6.591510000000000077e-03
1.278440000000000045e-03
-7.658500000000000377e-03
-1.056460000000000038e-02
-1.072990000000000055e-02
-9.792520000000000738e-03
-8.286770000000000594e-03
-6.578569999999999730e-03
-4.917450000000000293e-03
-2.867820000000000091e-03
1.423809999999999963e-03
1.179850000000000083e-03
-1.929039999999999921e-03
2.692480000000000134e-03
7.484000000000000201e-03
6.345800000000000399e-03
2.510479999999999830e-03
-1.815039999999999969e-03
-4.767099999999999810e-05
5.225849999999999766e-03
9.214979999999999352e-03
9.974230000000000596e-03
8.276779999999999207e-03
7.804799999999999759e-03
9.685670000000000390e-03
1.265149999999999955e-02
1.013670000000000022e-02
8.073659999999999864e-03
7.514009999999999787e-03
1.304899999999999984e-02
1.998859999999999873e-02
1.835080000000000044e-02
1.329250000000000050e-02
1.149350000000000024e-02
1.270370000000000006e-02
1.042180000000000016e-02
9.815569999999999157e-03
1.059350000000000049e-02
9.570379999999999859e-03
4.063759999999999595e-03
2.699720000000000071e-03
9.046429999999999402e-03
1.286630000000000065e-02
1.394570000000000011e-02
9.043630000000000418e-03
3.438660000000000067e-03
2.403709999999999875e-03
7.560590000000000062e-04
-6.752530000000000077e-04
-2.167940000000000145e-03
-1.847899999999999977e-03
-3.673749999999999932e-03
-6.343760000000000371e-03
-3.437889999999999870e-03
-1.992540000000000110e-03
-4.030689999999999967e-03
-8.866129999999999844e-03
-1.139139999999999944e-02
-9.091909999999999922e-03
-5.820800000000000106e-03
-2.567859999999999934e-03
-2.975760000000000037e-03
-3.498649999999999850e-03
-1.856299999999999964e-03
-4.796879999999999894e-03
-6.882390000000000382e-03
-6.844929999999999938e-03
-5.405300000000000035e-03
-3.192790000000000038e-03
-2.794710000000000163e-03
-2.311049999999999823e-03
-3.325629999999999992e-03
-5.098669999999999591e-03
-8.473539999999999892e-03
-8.848470000000000640e-03
-8.635089999999999780e-03
-9.180729999999999794e-03
-9.260579999999999160e-03
-1.082830000000000077e-02
-1.101120000000000050e-02
-1.158900000000000034e-02
-1.141310000000000067e-02
-9.683020000000000516e-03
-7.415800000000000169e-03
-4.982420000000000425e-03
-1.168109999999999982e-03
2.888379999999999854e-03
4.515220000000000344e-03
3.067180000000000080e-03
-1.128649999999999922e-03
-7.905720000000000195e-04
2.771609999999999872e-03
2.913549999999999994e-03
1.919260000000000107e-03
3.786380000000000214e-03
6.739099999999999605e-03
5.735340000000000230e-03
4.118469999999999943e-03
1.554720000000000104e-03
5.863799999999999525e-04
3.266659999999999790e-03
6.092010000000000133e-03
7.474259999999999932e-03
6.110599999999999886e-03
3.676029999999999836e-03
1.755910000000000066e-03
2.755339999999999786e-03
4.853739999999999617e-03
3.538770000000000110e-03
2.430729999999999870e-03
3.150319999999999857e-03
2.800650000000000014e-03
1.208960000000000026e-03
6.158700000000000513e-05
-1.638949999999999912e-03
-3.656920000000000136e-03
-3.056409999999999856e-03
-2.541400000000000083e-03
-1.798249999999999935e-03
-6.132110000000000078e-04
-4.835139999999999924e-04
-1.749579999999999929e-03
-1.975429999999999808e-03
-3.033679999999999862e-04
2.145740000000000147e-03
2.411570000000000033e-03
-3.116549999999999833e-04
-8.201629999999999468e-04
-1.205789999999999987e-03
-1.247180000000000077e-03
-7.359530000000000195e-04
-7.011380000000000216e-04
-1.300299999999999893e-03
-1.718420000000000017e-03
-5.092150000000000365e-04
7.839210000000000319e-04
1.408760000000000004e-03
7.826190000000000230e-04
-3.443179999999999787e-04
-5.540750000000000102e-04
-3.696209999999999904e-04
-1.220169999999999941e-04
2.650010000000000061e-04
-5.424250000000000252e-04
-1.451889999999999951e-03
-1.221510000000000087e-03
-5.088789999999999503e-04
-2.462270000000000127e-04
-2.978330000000000062e-04
-9.408130000000000334e-05
4.184500000000000068e-04
3.349930000000000095e-04
7.743280000000000171e-05
4.137710000000000064e-04
9.067160000000000107e-04
1.448819999999999969e-03
1.735070000000000015e-03
1.682109999999999899e-03
1.452479999999999917e-03
1.559660000000000039e-03
1.455850000000000069e-03
9.834489999999999552e-04
9.976629999999999786e-04
1.053670000000000041e-03
9.844240000000000195e-04
6.635610000000000119e-04
3.378659999999999801e-04
5.254090000000000106e-04
7.730890000000000244e-04
8.179520000000000454e-04
5.113480000000000109e-04
6.072340000000000208e-05
5.934220000000000250e-05
2.179229999999999937e-04
2.009140000000000079e-04
4.518110000000000013e-05
-1.591180000000000036e-04
-1.704999999999999973e-04
-4.695389999999999780e-05
1.393450000000000016e-04
1.541779999999999865e-04
-5.302230000000000224e-05
-8.062129999999999329e-05
-2.595150000000000047e-05
-6.735789999999999421e-05
-1.006189999999999933e-04
-1.085720000000000034e-04
-8.647120000000000652e-05
-9.996879999999999398e-06
1.365849999999999976e-05
-3.160860000000000091e-05
-8.168239999999999572e-05
-1.230659999999999903e-04
-1.595660000000000101e-04
-2.006699999999999879e-04
-2.050230000000000054e-04
-2.034860000000000098e-04
-2.331020000000000054e-04
-2.577239999999999739e-04
-2.661140000000000207e-04
-2.529659999999999765e-04
-2.302469999999999929e-04
-2.049289999999999890e-04
-1.706540000000000097e-04
-1.350620000000000021e-04
-9.928039999999999901e-05
-6.327489999999999959e-05
-2.869770000000000139e-05
