9.646399999999999419e-03
1.424369999999999976e-02
1.409539999999999925e-02
4.319319999999999757e-03
-9.131910000000000027e-03
-1.249609999999999957e-02
-4.906399999999999997e-03
1.134950000000000021e-02
2.622630000000000100e-02
1.782529999999999878e-02
5.135840000000000023e-03
-1.222110000000000037e-02
-1.874429999999999846e-02
-1.878209999999999949e-03
1.707689999999999902e-02
1.822510000000000102e-02
7.128279999999999859e-03
8.927380000000000385e-03
-9.402330000000000410e-03
-8.365690000000000279e-03
1.801650000000000126e-02
-4.106010000000000215e-03
-1.305790000000000076e-02
1.285670000000000042e-02
-9.879799999999999346e-03
-1.117600000000000017e-02
2.882039999999999949e-02
2.746289999999999842e-02
1.050790000000000057e-02
-2.740149999999999877e-02
-5.151379999999999848e-02
-1.757550000000000084e-02
1.460739999999999955e-02
5.669160000000000345e-03
-6.268079999999999659e-03
1.118880000000000048e-02
-5.523219999999999692e-03
-4.586650000000000275e-03
1.156680000000000035e-02
-3.344300000000000050e-02
-2.927750000000000144e-02
-5.777290000000000030e-03
-5.309839999999999699e-03
8.191280000000000436e-03
-8.280019999999999915e-04
2.593439999999999981e-02
3.459960000000000119e-02
4.687010000000000134e-03
-4.357250000000000012e-02
-4.502199999999999952e-02
-2.394129999999999869e-02
-5.579989999999999950e-04
4.533569999999999961e-02
1.738769999999999899e-02
-5.581820000000000358e-03
-3.467989999999999962e-02
-3.952959999999999807e-02
9.104589999999999211e-03
1.923410000000000050e-02
-5.149980000000000183e-03
-4.998540000000000101e-03
-1.902490000000000084e-02
-2.906730000000000078e-02
1.296250000000000006e-02
3.399080000000000157e-02
2.817460000000000103e-02
9.624020000000000491e-03
-2.874200000000000019e-02
-3.282260000000000039e-02
1.033940000000000033e-02
1.465039999999999919e-02
-2.254360000000000044e-02
1.307840000000000044e-02
2.013430000000000081e-02
-3.041800000000000059e-02
-1.825709999999999833e-02
5.265470000000000393e-03
3.864489999999999939e-03
1.072350000000000039e-02
-1.844600000000000059e-02
-5.347699999999999676e-02
-2.572289999999999993e-02
2.718530000000000143e-04
1.011159999999999975e-01
7.138319999999999388e-02
-8.690470000000000139e-02
-1.449799999999999978e-01
-1.116209999999999980e-01
1.873210000000000153e-02
1.082440000000000069e-01
1.015169999999999961e-01
-5.576009999999999994e-02
-1.393800000000000039e-01
-4.946520000000000084e-02
3.932170000000000110e-02
4.647949999999999998e-02
4.717049999999999715e-02
3.175490000000000257e-02
-6.650019999999999543e-02
-8.998299999999999355e-02
-1.135069999999999968e-01
-3.937070000000000153e-02
5.649069999999999786e-02
1.105059999999999931e-01
2.696209999999999926e-02
-1.124669999999999975e-01
-1.453349999999999954e-02
8.901799999999999644e-03
-4.324560000000000209e-02
-3.426680000000000004e-02
-3.067049999999999985e-02
4.920159999999999811e-02
3.449929999999999664e-02
-2.518159999999999843e-02
4.113390000000000102e-02
1.039609999999999979e-01
6.114730000000000165e-02
-8.275780000000000636e-02
-1.069810000000000066e-01
4.318999999999999923e-03
7.414859999999999507e-02
1.269260000000000110e-01
9.360300000000000564e-02
-8.240649999999999364e-02
-1.282480000000000009e-01
4.882480000000000153e-02
1.049680000000000057e-01
-6.583189999999999875e-02
-1.084100000000000064e-01
-4.982450000000000073e-02
5.936620000000000091e-03
6.279350000000000209e-02
-1.053660000000000013e-02
-6.670259999999999904e-03
-2.732899999999999913e-02
6.596280000000000199e-02
1.856839999999999880e-01
5.523779999999999663e-02
1.154950000000000074e-02
8.281879999999999797e-02
9.249359999999999526e-02
4.492639999999999828e-02
-7.783539999999999903e-02
-1.154929999999999984e-01
-7.105509999999999604e-02
5.898479999999999696e-02
-2.934780000000000114e-03
-4.496270000000000128e-02
3.280120000000000258e-02
2.691859999999999913e-03
2.585590000000000110e-02
2.108350000000000155e-02
-7.298179999999999945e-02
-7.127709999999999602e-02
5.705439999999999774e-04
3.060780000000000098e-02
5.495789999999999703e-02
8.515480000000000618e-03
-2.230940000000000006e-02
-1.625530000000000030e-02
5.948660000000000059e-02
4.532540000000000180e-02
-5.352769999999999750e-02
-1.385789999999999939e-02
-1.089810000000000084e-02
1.397059999999999969e-02
2.600579999999999906e-02
1.775420000000000123e-02
2.803630000000000011e-02
-2.005790000000000003e-02
1.873160000000000103e-02
-3.480670000000000291e-02
-8.407760000000000233e-02
2.842830000000000010e-02
8.622609999999999997e-02
4.067199999999999982e-02
-2.155440000000000134e-02
1.019680000000000065e-02
-2.843390000000000153e-02
-4.453440000000000176e-02
4.880940000000000278e-02
6.817879999999999774e-02
1.016169999999999921e-02
-7.643529999999999769e-02
-8.508649999999999547e-02
9.406770000000000062e-03
6.315210000000000268e-02
1.055689999999999962e-01
7.585749999999999438e-02
-7.980289999999999606e-02
-1.035019999999999968e-01
2.515310000000000115e-02
8.599710000000000687e-02
2.862009999999999901e-03
-5.410380000000000050e-02
6.667669999999999673e-03
6.455900000000000527e-02
2.456010000000000137e-02
-3.476549999999999779e-02
-4.739159999999999900e-02
-3.226749999999999757e-02
-1.213449999999999945e-02
-6.831479999999999497e-02
-2.806830000000000176e-03
2.774849999999999886e-02
-9.277270000000000655e-03
7.611489999999999922e-02
5.523449999999999888e-02
-6.843079999999999996e-02
-9.485040000000000138e-02
-2.312209999999999960e-02
4.816750000000000198e-02
1.114300000000000013e-02
-9.062930000000000291e-03
9.258439999999999725e-03
-5.794650000000000148e-03
5.137790000000000152e-04
-1.284270000000000030e-02
1.107690000000000063e-02
4.552590000000000109e-02
1.366990000000000002e-03
-3.314399999999999985e-02
7.051990000000000168e-03
3.894969999999999682e-02
2.256800000000000125e-02
-1.923719999999999944e-02
-1.004410000000000025e-02
4.503929999999999739e-02
5.671210000000000140e-02
5.653869999999999729e-02
1.381070000000000041e-02
-1.430030000000000016e-02
4.440000000000000197e-02
9.310849999999999682e-02
7.564460000000000628e-02
3.932299999999999685e-02
8.095439999999999581e-02
5.039280000000000148e-02
-3.955929999999999863e-02
-3.261640000000000112e-03
2.757309999999999969e-02
1.673480000000000106e-02
5.810110000000000274e-02
1.257289999999999970e-02
-4.363859999999999961e-02
1.091239999999999918e-02
3.420680000000000248e-02
4.586309999999999693e-02
6.783179999999999765e-02
5.773020000000000235e-02
4.104549999999999865e-02
7.203070000000000306e-02
7.078049999999999620e-02
2.793150000000000147e-02
6.608369999999999522e-02
5.120149999999999701e-02
-6.465669999999999751e-03
-1.278570000000000054e-02
-3.373550000000000160e-02
2.919990000000000085e-02
2.879220000000000043e-02
-1.424500000000000072e-02
3.331810000000000327e-02
9.466830000000000730e-03
-5.160689999999999722e-02
-3.061030000000000001e-02
1.155289999999999963e-02
-6.585560000000000025e-02
-1.261899999999999966e-01
-7.811590000000000200e-02
-1.147150000000000079e-02
5.109759999999999996e-02
5.518229999999999663e-02
-2.220859999999999848e-02
-1.196210000000000051e-01
-1.363830000000000042e-01
-9.807250000000000689e-02
-9.128949999999999565e-02
-3.446409999999999751e-02
-4.143609999999999655e-02
-6.148739999999999761e-02
-5.718179999999999791e-02
9.543899999999999259e-03
2.376459999999999961e-01
3.428629999999999733e-01
1.798889999999999934e-01
-1.035920000000000035e-01
-2.215469999999999939e-01
-1.562550000000000050e-01
2.837659999999999835e-02
1.195050000000000001e-01
2.562559999999999838e-01
2.025270000000000126e-01
9.370520000000000238e-02
1.368669999999999887e-01
-1.486099999999999921e-01
-2.729610000000000092e-01
-3.172369999999999912e-01
-3.098730000000000095e-01
-3.740059999999999912e-02
1.668000000000000038e-01
2.778059999999999974e-01
2.375670000000000004e-01
3.425210000000000060e-02
-1.011500000000000038e-01
-3.102539999999999742e-01
-2.962770000000000126e-01
1.044069999999999998e-01
1.759840000000000015e-01
-1.822689999999999866e-01
-3.114430000000000254e-01
-7.702549999999999631e-04
1.724819999999999964e-01
2.636809999999999987e-01
2.178070000000000006e-01
-1.197199999999999931e-01
-1.861700000000000021e-01
1.351849999999999996e-01
1.902749999999999997e-01
2.756609999999999963e-02
-1.200679999999999942e-01
-2.559899999999999953e-01
-2.450499999999999901e-01
-1.450970000000000037e-01
-6.270050000000000102e-03
2.969170000000000142e-02
6.442649999999999766e-02
2.412330000000000030e-01
-3.128589999999999843e-02
-3.287869999999999959e-01
-2.098669999999999980e-01
-7.859770000000000645e-02
4.909809999999999869e-02
2.024400000000000088e-01
1.138259999999999966e-01
1.585229999999999972e-02
1.261510000000000131e-01
8.193699999999999942e-03
-1.251189999999999941e-02
-6.694619999999999738e-02
-1.674170000000000103e-01
-1.031109999999999943e-01
-6.866310000000000469e-02
-6.850199999999999345e-02
-1.578819999999999946e-01
-1.835809999999999942e-01
-1.469749999999999945e-01
-1.220569999999999988e-01
1.151930000000000037e-01
2.444179999999999964e-01
-1.067649999999999988e-01
-2.059769999999999934e-01
1.426590000000000080e-01
2.124320000000000097e-01
-6.654670000000000030e-02
-2.221819999999999906e-01
-7.291519999999999946e-02
-1.093760000000000045e-02
-8.003949999999999954e-02
-7.255459999999999687e-02
9.378879999999999162e-03
7.192110000000000170e-02
8.923449999999999438e-02
9.032250000000000001e-02
1.314150000000000040e-01
4.573680000000000107e-02
-2.909340000000000259e-01
-1.776880000000000126e-01
2.994809999999999972e-01
3.762590000000000101e-01
2.746370000000000200e-01
1.390460000000000029e-01
-5.138709999999999806e-02
-6.308880000000000043e-02
1.039530000000000037e-01
1.468689999999999996e-01
-4.539610000000000346e-03
-6.121059999999999696e-02
-6.106640000000000202e-04
1.488600000000000079e-04
-8.596959999999999325e-02
-1.091379999999999989e-01
-6.798429999999999751e-02
5.766550000000000148e-02
1.427350000000000008e-01
7.051159999999999373e-02
3.819299999999999778e-02
-1.500839999999999952e-01
-1.932339999999999891e-01
7.620779999999999742e-03
1.083800000000000041e-01
9.094109999999999694e-02
-5.953019999999999839e-02
-1.540829999999999977e-01
-1.380649999999999933e-01
-1.683420000000000055e-02
6.976980000000000681e-02
3.875700000000000152e-03
-1.075119999999999965e-01
-1.393300000000000094e-01
-2.598419999999999896e-02
6.040729999999999711e-02
8.158590000000000286e-02
-3.333649999999999808e-02
-1.147050000000000014e-01
-9.508229999999999460e-02
-1.171529999999999933e-01
-9.901590000000000391e-02
-9.838959999999999373e-02
-6.362579999999999625e-02
-1.969339999999999979e-01
-3.066650000000000209e-01
-9.870520000000000682e-02
5.051820000000000269e-03
-1.140189999999999954e-01
-5.065360000000000001e-02
1.712249999999999883e-01
1.833450000000000080e-01
1.949829999999999897e-01
1.815900000000000014e-01
3.407840000000000175e-02
-6.809070000000000400e-02
-1.127859999999999974e-01
-8.772489999999999455e-02
3.960299999999999931e-02
5.996920000000000028e-02
1.526620000000000060e-02
4.696580000000000199e-02
6.296509999999999607e-02
1.788150000000000017e-01
1.253160000000000107e-01
-1.765440000000000065e-01
-1.891400000000000026e-01
5.169669999999999821e-02
1.372049999999999936e-01
-2.842350000000000085e-02
-7.813440000000000663e-02
4.199930000000000330e-02
-4.445860000000000090e-02
-1.517120000000000135e-01
-2.543449999999999878e-01
-1.992770000000000097e-01
1.158109999999999973e-01
2.085960000000000036e-01
3.015189999999999815e-01
3.447160000000000224e-01
1.031870000000000009e-01
-7.865250000000000019e-02
-5.871930000000000205e-02
1.099829999999999974e-01
3.052739999999999898e-01
3.758009999999999962e-01
2.883709999999999885e-01
1.791470000000000007e-01
8.755649999999999544e-02
-1.183559999999999994e-02
1.309659999999999991e-01
3.075339999999999741e-01
-5.599749999999999867e-02
-2.867199999999999749e-01
-1.616120000000000057e-01
-2.200270000000000004e-01
-2.900110000000000188e-01
-2.767910000000000093e-01
-3.127340000000000120e-01
-2.058679999999999954e-01
3.334680000000000283e-02
2.539690000000000003e-01
2.814119999999999955e-01
2.714409999999999878e-01
4.110170000000000212e-01
3.896850000000000036e-01
2.796950000000000269e-01
1.438470000000000026e-01
-5.760459999999999886e-02
-3.336440000000000239e-02
1.183239999999999986e-01
-1.255529999999999979e-01
-2.733149999999999746e-01
-7.968189999999999995e-02
4.651670000000000110e-02
1.712589999999999946e-01
1.730480000000000074e-01
-4.533770000000000161e-02
-2.648639999999999883e-01
-2.590520000000000045e-01
-1.157600000000000018e-01
2.026429999999999898e-02
1.513720000000000065e-01
2.225219999999999976e-01
1.688800000000000023e-01
-4.315419999999999673e-02
-2.340200000000000058e-01
-3.205779999999999741e-01
-4.326990000000000003e-01
-4.567640000000000033e-01
-4.265570000000000195e-01
-2.804039999999999866e-01
1.535920000000000063e-01
1.522179999999999922e-01
-2.353780000000000039e-01
-2.108220000000000094e-01
2.457719999999999905e-01
2.449759999999999993e-01
-3.037650000000000072e-01
-2.349990000000000134e-01
1.514860000000000095e-01
5.515360000000000401e-04
-1.650780000000000025e-01
-3.465529999999999999e-01
-3.714230000000000032e-01
-9.866679999999999201e-03
9.704279999999999851e-02
-1.958080000000000098e-01
-3.058429999999999760e-01
7.178589999999999971e-02
1.180989999999999956e-01
-3.322519999999999918e-01
-2.161599999999999910e-01
2.980720000000000036e-01
4.368790000000000173e-01
3.683670000000000000e-01
3.275399999999999978e-01
3.897599999999999953e-01
3.922579999999999956e-01
1.875479999999999925e-01
-2.043590000000000129e-01
-1.110949999999999993e-01
1.864909999999999901e-01
1.624200000000000088e-01
3.445889999999999787e-01
2.810110000000000108e-01
-5.835889999999999828e-02
-1.895409999999999873e-01
6.240029999999999882e-02
3.174239999999999839e-01
4.164680000000000049e-01
2.516849999999999921e-01
-1.717410000000000048e-01
-3.268789999999999751e-01
-2.723220000000000085e-01
-2.668389999999999929e-01
2.245230000000000142e-02
2.518029999999999990e-01
-3.371230000000000060e-02
-1.549629999999999896e-01
-5.334679999999999978e-02
2.080819999999999892e-01
4.028740000000000099e-01
4.624730000000000230e-01
4.041569999999999885e-01
1.805370000000000030e-01
-4.488129999999999897e-02
-1.204699999999999938e-01
-1.647059999999999913e-01
-7.587720000000000575e-02
3.397009999999999752e-01
8.368250000000000688e-02
-1.679630000000000012e-01
-3.873530000000000029e-02
6.376859999999999473e-02
1.822270000000000001e-01
7.664819999999999967e-02
7.866929999999999756e-02
-7.940949999999999398e-02
-2.453870000000000010e-02
1.184680000000000039e-01
1.659920000000000007e-01
1.221099999999999963e-01
-2.374249999999999972e-01
-3.170749999999999957e-01
1.394240000000000063e-02
-2.282769999999999938e-02
-4.529670000000000085e-01
-2.508279999999999954e-01
1.882989999999999942e-01
1.454739999999999922e-01
1.455289999999999917e-01
1.887669999999999904e-01
2.690580000000000194e-01
2.191649999999999987e-01
-1.234269999999999951e-01
-2.520850000000000035e-01
-2.616829999999999989e-01
-2.501990000000000047e-01
-2.862739999999999729e-01
-3.383169999999999789e-01
-7.800609999999999489e-02
1.664599999999999969e-01
1.381149999999999878e-01
-1.103589999999999988e-01
-2.343959999999999932e-01
-5.292800000000000282e-02
-1.248139999999999944e-01
-2.331139999999999879e-01
-2.638920000000000154e-01
-6.024249999999999744e-02
1.776179999999999981e-01
1.564949999999999952e-01
2.260010000000000074e-01
2.966260000000000008e-01
1.280920000000000114e-01
-6.230020000000000176e-03
-5.934930000000000067e-02
8.916720000000000201e-02
1.979200000000000126e-01
4.198049999999999699e-02
-1.656650000000000067e-01
-4.409839999999999871e-01
-2.934300000000000241e-01
-7.498739999999999573e-02
-1.444439999999999891e-01
-7.121109999999999940e-02
-9.902769999999999628e-02
-1.782519999999999938e-01
8.565190000000000303e-02
4.322530000000000122e-02
-3.942050000000000276e-01
-4.963520000000000154e-01
-1.312580000000000136e-01
4.020800000000000068e-02
-2.219710000000000016e-01
-1.088340000000000002e-01
3.408449999999999935e-03
-3.673019999999999757e-02
5.825740000000000085e-02
1.303040000000000032e-01
1.438079999999999914e-01
2.536959999999999910e-02
-1.075809999999999961e-01
-1.351279999999999981e-01
-3.639649999999999830e-02
3.181790000000000312e-02
6.546029999999999904e-02
6.985700000000000243e-02
-1.130399999999999981e-02
-2.096550000000000080e-01
-2.412700000000000122e-01
9.586469999999999714e-02
2.746520000000000072e-01
2.495600000000000041e-01
3.203989999999999876e-03
-8.307889999999999719e-02
1.099699999999999983e-01
-1.837540000000000007e-02
7.694660000000000388e-02
1.037229999999999958e-01
-3.130140000000000144e-01
-1.747390000000000054e-01
7.422070000000000056e-02
2.141830000000000123e-01
3.643120000000000247e-01
3.658870000000000178e-01
2.769400000000000195e-01
-8.299860000000000571e-02
-2.598369999999999846e-01
1.155299999999999938e-01
1.405500000000000083e-01
-1.328120000000000134e-01
4.105059999999999959e-02
1.930060000000000109e-01
1.647710000000000008e-01
-2.565479999999999844e-02
-5.118009999999999921e-02
2.116270000000000095e-01
2.991739999999999955e-01
2.208660000000000068e-01
-7.693850000000000688e-02
-1.432900000000000007e-01
1.654349999999999987e-01
2.166939999999999977e-01
1.038260000000000016e-01
-5.599189999999999723e-02
-9.981200000000000835e-03
1.592790000000000039e-01
-5.673319999999999752e-02
-1.562439999999999940e-01
-8.763060000000000294e-02
5.314569999999999711e-02
1.711260000000000003e-01
5.523720000000000192e-03
-1.639559999999999906e-01
-2.117080000000000073e-01
-1.111570000000000058e-01
-2.241780000000000161e-02
1.747690000000000007e-02
9.216409999999999880e-02
1.347980000000000012e-01
1.863920000000000021e-01
2.055460000000000065e-01
1.045760000000000023e-01
-9.342549999999999813e-03
-9.908649999999999403e-02
-1.038649999999999990e-01
-2.239160000000000109e-02
6.281159999999999521e-02
8.258350000000000413e-02
6.130059999999999676e-02
1.466729999999999978e-01
2.152169999999999916e-01
2.085190000000000099e-01
3.303389999999999799e-03
-1.738059999999999883e-01
2.365570000000000173e-02
1.282040000000000124e-01
1.800080000000000083e-02
-1.467459999999999945e-02
1.771609999999999852e-02
2.502969999999999848e-02
2.420320000000000110e-02
-9.244600000000000040e-02
-1.350939999999999919e-01
3.471339999999999842e-02
9.800939999999999652e-02
2.887279999999999881e-03
-6.889369999999999696e-03
-5.044819999999999860e-02
-1.044130000000000058e-01
1.162709999999999959e-02
3.579399999999999943e-02
1.318940000000000112e-01
1.731769999999999976e-01
-6.639019999999999644e-02
-2.933919999999999861e-01
-3.105950000000000100e-01
-1.954410000000000036e-01
-1.688500000000000001e-01
-1.161230000000000040e-01
7.685100000000000264e-02
1.935459999999999958e-01
1.432150000000000090e-01
-9.899130000000000429e-02
-2.411570000000000102e-01
-1.023680000000000007e-01
7.423639999999999406e-02
1.855420000000000125e-01
9.067310000000000647e-02
-6.776820000000000066e-02
-1.609180000000000055e-01
-2.787890000000000090e-01
-2.042940000000000034e-01
-1.285189999999999944e-01
-2.230880000000000085e-01
-2.126730000000000009e-01
-5.653360000000000329e-02
2.517230000000000162e-02
1.282129999999999936e-01
1.289430000000000021e-01
-6.380360000000000198e-02
1.961270000000000027e-02
-1.801130000000000092e-02
-3.031479999999999730e-01
-3.268429999999999946e-01
9.371660000000000407e-03
9.462089999999999390e-02
-1.540719999999999867e-01
5.001409999999999884e-02
1.646670000000000078e-01
-2.009350000000000025e-03
-1.452249999999999930e-01
-1.627629999999999910e-01
1.311609999999999998e-01
1.897240000000000038e-01
1.311450000000000116e-01
1.171100000000000058e-01
-3.233199999999999963e-01
-3.005070000000000241e-01
1.590499999999999969e-01
-2.231259999999999841e-02
-1.649420000000000053e-01
3.130440000000000306e-02
-7.648480000000000556e-02
-1.535499999999999921e-01
-6.989120000000000055e-02
-6.579970000000000090e-03
4.361899999999999805e-02
1.761019999999999947e-02
5.399290000000000339e-02
8.035979999999999512e-02
3.073789999999999856e-02
-1.054220000000000027e-03
-1.165030000000000059e-02
3.602919999999999734e-02
6.081120000000000275e-02
-1.960659999999999833e-02
-2.664760000000000045e-02
7.931190000000000462e-02
9.664939999999999642e-02
-3.647439999999999710e-02
-2.480210000000000053e-02
9.984369999999999357e-02
-3.344359999999999694e-02
-1.081280000000000019e-01
-2.528100000000000139e-02
6.702679999999999749e-02
1.196249999999999952e-01
1.501929999999999932e-01
1.828750000000000098e-01
2.072710000000000108e-01
1.395460000000000034e-01
-4.961190000000000044e-02
-6.647229999999999805e-02
3.352639999999999787e-02
6.211409999999999848e-02
3.134270000000000111e-02
2.930649999999999922e-02
8.375900000000000012e-02
9.185840000000000671e-02
4.390349999999999808e-02
-3.170950000000000071e-03
-5.632279999999999925e-02
-5.414469999999999700e-02
1.485079999999999950e-03
2.477940000000000004e-02
-1.178399999999999934e-02
-1.054660000000000042e-01
-1.724940000000000084e-01
-1.757519999999999916e-01
-4.421049999999999980e-02
9.176919999999999522e-02
1.728190000000000004e-01
1.205800000000000066e-01
-1.182229999999999948e-01
-2.673940000000000206e-01
-2.015979999999999994e-01
-5.964349999999999909e-05
6.731339999999999546e-02
4.030059999999999892e-02
-9.442480000000000318e-02
-1.852930000000000132e-01
-4.110540000000000027e-02
8.529970000000000607e-02
1.880449999999999899e-01
2.671399999999999886e-01
1.652760000000000062e-01
-9.336229999999999529e-02
-2.943709999999999938e-01
-2.938129999999999908e-01
-1.321749999999999869e-01
-2.243240000000000164e-02
2.482169999999999863e-02
5.175119999999999720e-02
6.073869999999999963e-02
1.206190000000000040e-01
7.806209999999999538e-02
-9.322400000000000131e-02
-5.440649999999999653e-02
1.111869999999999942e-01
1.242660000000000015e-01
6.819590000000000374e-02
1.280079999999999933e-02
-2.229070000000000010e-02
-8.437309999999999949e-03
8.475459999999999938e-02
1.227150000000000046e-01
5.899540000000000339e-02
-6.460139999999999633e-03
-6.575050000000000339e-02
-4.928659999999999985e-02
2.670669999999999988e-02
6.996370000000000366e-02
8.548260000000000580e-02
5.974539999999999712e-02
-3.752559999999999837e-03
-2.583649999999999836e-02
-1.946929999999999841e-02
-3.257199999999999679e-02
1.948779999999999957e-02
8.706909999999999650e-02
1.368300000000000072e-01
1.083979999999999944e-01
-2.607100000000000042e-02
-1.369620000000000004e-01
-1.070659999999999945e-01
2.878369999999999887e-02
1.013909999999999950e-01
1.364219999999999877e-01
1.353989999999999916e-01
3.525160000000000099e-02
-8.497580000000000411e-02
-1.778289999999999871e-01
-1.463629999999999931e-01
1.808900000000000004e-03
8.977119999999999544e-02
8.468849999999999989e-02
1.222299999999999949e-02
-6.940739999999999410e-02
-1.755529999999999868e-01
-1.270070000000000088e-01
1.701199999999999934e-02
4.864580000000000293e-02
3.859169999999999962e-02
8.763619999999999743e-03
-5.093190000000000044e-03
-6.315210000000000268e-02
-4.455669999999999770e-02
6.655569999999999542e-02
7.108589999999999354e-02
6.588570000000000537e-02
7.061929999999999596e-02
-8.391520000000000186e-04
-9.983989999999999532e-02
-1.459169999999999912e-01
-9.305439999999999545e-02
-1.136850000000000013e-02
2.163640000000000008e-02
2.540320000000000078e-02
-8.687290000000000506e-04
-9.566489999999999716e-02
-9.241929999999999590e-02
-1.658319999999999933e-02
2.216840000000000130e-02
6.657140000000000279e-02
5.182080000000000020e-02
-4.700610000000000205e-02
-3.750869999999999899e-02
7.332279999999999354e-02
3.570210000000000050e-02
-1.306509999999999963e-02
2.390880000000000088e-02
3.044890000000000183e-03
-1.353479999999999961e-02
-1.003109999999999939e-02
-2.715489999999999918e-02
-3.172219999999999901e-03
4.379310000000000147e-02
5.185469999999999663e-02
5.231600000000000139e-02
3.819850000000000328e-02
-1.049399999999999986e-02
-3.716389999999999971e-02
5.478990000000000422e-03
5.605589999999999878e-02
4.262930000000000191e-02
1.504920000000000042e-02
-2.371679999999999969e-02
-2.938920000000000074e-02
-1.738309999999999855e-02
3.060720000000000107e-02
8.525230000000000308e-02
8.406120000000000259e-02
8.508530000000000260e-03
-8.304010000000000558e-02
-8.161609999999999698e-02
-8.851740000000000302e-03
6.658219999999999417e-02
1.249050000000000021e-01
1.258589999999999987e-01
8.985750000000000681e-02
1.567239999999999909e-03
-3.822749999999999759e-02
-4.867709999999999919e-04
-1.520770000000000064e-03
-1.561290000000000074e-02
2.253919999999999882e-02
2.871040000000000050e-02
-4.682309999999999944e-02
-3.620170000000000332e-02
-2.050180000000000058e-02
4.706069999999999698e-03
8.675320000000000253e-02
5.535820000000000324e-02
1.545960000000000042e-02
-6.214820000000000066e-02
-7.008830000000000615e-02
6.052079999999999960e-02
9.099690000000000556e-02
1.274200000000000055e-01
1.764989999999999892e-01
6.077199999999999963e-02
-7.539569999999999605e-02
-1.136839999999999934e-01
-1.422190000000000121e-01
-8.964139999999999608e-02
1.201249999999999957e-01
1.383729999999999960e-01
7.181230000000000252e-03
-6.654830000000000467e-02
-4.848070000000000157e-02
1.838549999999999907e-02
2.022360000000000130e-02
1.324529999999999978e-02
3.711269999999999847e-02
6.296110000000000595e-02
4.307779999999999943e-02
1.886869999999999867e-02
-9.258130000000000526e-02
-4.743540000000000256e-02
7.843569999999999709e-02
7.833360000000000323e-02
7.084020000000000594e-02
-3.982970000000000260e-02
-4.455110000000000320e-02
-5.512409999999999706e-03
-2.682060000000000000e-02
1.519260000000000055e-02
2.469119999999999995e-02
6.730300000000000171e-02
6.870829999999999993e-02
2.467490000000000135e-03
-2.730569999999999872e-02
-1.800169999999999895e-02
6.586090000000000173e-03
-1.299209999999999948e-02
1.027729999999999963e-02
3.168200000000000183e-02
3.149749999999999772e-02
4.645479999999999748e-02
2.401819999999999997e-02
-6.910340000000000059e-03
-5.412859999999999894e-02
-5.822480000000000017e-02
-9.158450000000000271e-03
-3.813439999999999972e-03
-2.834240000000000023e-02
-6.539280000000000093e-02
-5.298300000000000232e-02
-5.048620000000000191e-02
-7.920370000000000188e-02
-2.303329999999999961e-02
2.743100000000000052e-02
4.511760000000000184e-04
-9.140030000000000376e-02
-9.282150000000000123e-02
-1.292899999999999952e-02
-2.113340000000000010e-02
-4.271799999999999903e-02
-1.174880000000000022e-02
-2.199770000000000197e-03
4.842960000000000320e-03
4.891779999999999740e-02
4.392309999999999964e-02
-3.279370000000000202e-02
-6.119209999999999927e-02
-7.049599999999999617e-03
3.544619999999999715e-02
3.488059999999999772e-02
1.302360000000000019e-03
-3.220680000000000071e-02
-2.213789999999999855e-02
-4.442709999999999888e-03
-1.254979999999999984e-02
-2.798389999999999905e-02
-6.713270000000000348e-02
-1.199029999999999957e-01
-7.895699999999999941e-02
1.411470000000000086e-02
-5.004850000000000271e-02
-8.572710000000000052e-02
-3.576519999999999699e-02
-5.924579999999999604e-03
3.131880000000000080e-02
4.631699999999999706e-02
4.521220000000000100e-02
5.442439999999999778e-02
7.299319999999999420e-02
7.256849999999999412e-02
3.202109999999999679e-02
-1.243709999999999954e-02
-4.832419999999999598e-03
4.823340000000000266e-02
4.859839999999999993e-02
2.497500000000000154e-03
-7.506870000000000209e-02
-8.629000000000000559e-02
2.329459999999999864e-02
5.970469999999999944e-02
3.659099999999999853e-02
-3.043929999999999813e-03
-2.254280000000000173e-02
-3.826600000000000140e-02
-7.983079999999999343e-02
-5.840959999999999902e-02
-1.649760000000000115e-02
-1.133050000000000029e-02
-9.345130000000000103e-03
4.158339999999999953e-02
5.478299999999999836e-02
-1.001669999999999991e-02
-6.221669999999999978e-02
-6.487740000000000173e-02
1.052600000000000107e-03
4.328570000000000334e-02
4.516270000000000007e-02
1.332230000000000046e-02
-3.038970000000000213e-03
3.821619999999999878e-02
2.139749999999999985e-02
-4.788219999999999976e-02
-3.584539999999999949e-02
2.713360000000000077e-02
5.222419999999999840e-02
3.188780000000000087e-02
4.995059999999999951e-03
5.278210000000000193e-03
7.378410000000000177e-03
2.852060000000000012e-02
3.377310000000000034e-02
-1.269069999999999964e-03
-3.862879999999999960e-03
-7.248590000000000068e-03
-6.669029999999999403e-02
-7.619299999999999684e-02
-1.570449999999999971e-02
3.993420000000000303e-02
9.279300000000000048e-02
6.220889999999999753e-02
-4.720930000000000265e-02
-7.685899999999999677e-02
-8.408709999999999796e-02
-7.269839999999999636e-02
-1.370970000000000001e-02
1.460260000000000030e-02
-5.117639999999999689e-03
-3.165130000000000027e-02
-9.051649999999999627e-03
3.820040000000000241e-02
4.813429999999999792e-02
-8.706469999999999140e-03
-5.655570000000000042e-02
-4.656199999999999922e-02
1.321319999999999960e-02
2.443659999999999929e-02
1.923360000000000044e-03
1.057289999999999966e-02
-6.083869999999999903e-03
-3.392699999999999882e-02
-2.003229999999999941e-02
3.471939999999999749e-02
7.382769999999999611e-02
5.276610000000000328e-02
1.295669999999999981e-02
6.989979999999999805e-03
2.247289999999999878e-03
3.537760000000000210e-02
5.413930000000000131e-02
2.870030000000000150e-02
9.563419999999999560e-03
-4.205319999999999913e-04
7.605630000000000376e-03
-9.700949999999999851e-03
-5.074490000000000250e-02
-6.603009999999999435e-02
-3.229320000000000107e-02
8.347479999999999137e-03
4.967259999999999731e-02
5.936559999999999754e-02
3.015690000000000037e-02
-3.472030000000000255e-02
-8.623160000000000547e-02
-4.817910000000000248e-02
-1.090879999999999975e-02
2.211820000000000105e-02
5.323959999999999804e-02
4.059549999999999964e-02
-1.078949999999999961e-04
-4.452690000000000120e-02
-4.322249999999999703e-02
1.020240000000000036e-02
1.027330000000000083e-02
-2.158229999999999871e-02
1.789970000000000103e-02
9.935950000000000337e-02
1.081499999999999961e-01
4.706250000000000017e-02
-1.246539999999999974e-02
-7.012960000000000027e-02
-5.755310000000000287e-02
1.769630000000000161e-02
4.439099999999999990e-02
5.528219999999999662e-02
4.433709999999999735e-02
-2.579230000000000064e-02
-1.164929999999999993e-01
-1.329190000000000094e-01
-8.493850000000000011e-02
-9.986989999999999756e-02
-6.727690000000000059e-02
3.217310000000000308e-02
8.587590000000000501e-02
8.297179999999999833e-02
-3.722249999999999864e-02
-1.275979999999999892e-01
-1.147220000000000045e-01
-1.035670000000000063e-01
-2.767930000000000043e-02
5.555650000000000172e-02
1.045699999999999963e-01
7.454109999999999903e-02
-2.914069999999999855e-02
-7.606179999999999886e-02
-4.149100000000000010e-02
2.346739999999999937e-02
-3.525519999999999869e-03
-2.146620000000000125e-02
-2.103949999999999917e-02
-2.809980000000000117e-02
2.631589999999999971e-02
7.303039999999999532e-02
5.957119999999999777e-02
2.684310000000000168e-02
3.817299999999999860e-02
3.006560000000000135e-02
2.355739999999999917e-02
2.959859999999999922e-02
3.580740000000000312e-02
3.461949999999999750e-02
-9.718199999999999755e-03
-5.065259999999999901e-02
-5.605770000000000197e-02
-6.229410000000000112e-04
9.985900000000000679e-03
-2.473840000000000067e-02
-5.199360000000000093e-02
-5.375529999999999892e-02
-5.996330000000000236e-03
4.307620000000000199e-02
7.821269999999999611e-02
3.032189999999999885e-02
-6.921839999999999937e-02
-1.361630000000000063e-01
-1.349440000000000084e-01
-4.189230000000000037e-02
3.555210000000000314e-02
9.482809999999999850e-02
1.068820000000000048e-01
3.340680000000000038e-02
-2.717160000000000061e-02
-8.081049999999999345e-02
-7.198160000000000669e-02
3.219029999999999808e-02
9.834759999999999336e-02
1.492809999999999970e-01
1.055370000000000058e-01
-1.621329999999999993e-02
-1.136940000000000034e-01
-1.208570000000000061e-01
-4.817690000000000167e-02
-6.197310000000000318e-02
-3.572960000000000025e-02
3.743839999999999668e-02
5.623450000000000323e-03
-5.612149999999999778e-02
5.655559999999999581e-03
7.046529999999999461e-02
5.910119999999999957e-02
4.881390000000000035e-02
9.438320000000000043e-03
-5.092309999999999892e-02
-3.435740000000000322e-02
-3.804389999999999855e-02
-3.927710000000000229e-02
2.811169999999999988e-02
9.019489999999999452e-02
1.070600000000000024e-01
9.533579999999999832e-02
6.125169999999999920e-02
-3.614900000000000058e-02
-3.635530000000000012e-02
4.118909999999999932e-02
2.170590000000000019e-02
1.554089999999999985e-02
2.381590000000000096e-02
2.320019999999999895e-03
8.613759999999999820e-03
-4.664640000000000279e-03
-6.800779999999999759e-04
2.511769999999999975e-02
2.152700000000000100e-02
1.457909999999999935e-02
1.346639999999999990e-02
3.171890000000000126e-02
4.673029999999999892e-03
-5.202779999999999905e-02
-4.581879999999999981e-02
1.206310000000000021e-02
1.454560000000000054e-02
9.546330000000000440e-03
-7.388490000000000162e-03
-3.456549999999999900e-02
1.924939999999999984e-02
6.538850000000000218e-02
1.372869999999999924e-01
8.247999999999999776e-02
-1.318969999999999865e-01
-2.380269999999999886e-01
-1.815720000000000112e-01
-3.516269999999999812e-02
6.674190000000000678e-02
1.494979999999999920e-01
1.268440000000000123e-01
1.634539999999999951e-02
-4.990870000000000029e-02
-4.187860000000000193e-02
1.069960000000000008e-02
7.805249999999999688e-03
1.831390000000000101e-02
2.301150000000000070e-02
1.499849999999999968e-02
5.455850000000000283e-02
9.487329999999999375e-02
9.024469999999999714e-02
3.948190000000000033e-02
3.126260000000000150e-02
7.461729999999999752e-03
-9.414880000000000471e-02
-7.210540000000000005e-02
4.084739999999999899e-02
1.109149999999999997e-01
3.308189999999999742e-02
-1.643830000000000013e-01
-1.484910000000000119e-01
-3.266719999999999867e-03
7.213279999999999692e-02
1.343540000000000012e-01
1.268360000000000043e-01
2.036819999999999950e-02
-6.986399999999999555e-02
-1.487340000000000051e-01
-1.865449999999999886e-01
-9.525720000000000021e-02
-2.248999999999999957e-02
6.760090000000000543e-02
8.526129999999999820e-02
-7.157389999999999586e-02
-1.558690000000000075e-01
-1.884919999999999929e-01
-1.163980000000000015e-01
7.090180000000000093e-02
1.657170000000000032e-01
1.549439999999999984e-01
7.248540000000000538e-02
-1.707900000000000043e-02
-3.665589999999999821e-02
2.139289999999999942e-02
2.245700000000000127e-02
-8.028369999999999951e-03
-2.393220000000000069e-02
-2.066319999999999962e-02
-5.812409999999999799e-02
6.579090000000000112e-03
1.170609999999999984e-01
2.365389999999999854e-02
3.226620000000000182e-02
-1.388810000000000044e-02
-5.240729999999999694e-02
5.025870000000000337e-02
6.775979999999999503e-02
5.864960000000000312e-02
6.213069999999999704e-02
3.701270000000000254e-02
-8.392010000000000094e-03
-3.707420000000000160e-02
-8.027499999999999913e-03
2.476349999999999992e-03
-4.124100000000000335e-03
3.242960000000000027e-03
6.499440000000000425e-03
2.022459999999999796e-03
-8.539170000000000441e-03
-2.707170000000000062e-02
-5.670519999999999727e-02
-5.877580000000000304e-02
-1.000589999999999986e-02
8.041550000000000087e-02
6.143579999999999874e-02
-3.070290000000000172e-02
-2.130030000000000118e-02
3.693069999999999686e-02
1.309249999999999997e-02
1.248100000000000077e-02
3.196279999999999955e-02
1.360459999999999968e-02
1.621430000000000093e-02
-9.850090000000000581e-03
-8.932539999999999231e-03
4.929759999999999698e-02
3.236080000000000206e-02
7.520480000000000394e-03
-1.626160000000000105e-02
4.870130000000000292e-03
1.595219999999999971e-01
6.559940000000000215e-02
-1.870960000000000123e-01
-1.584150000000000003e-01
5.143929999999999683e-03
2.993780000000000052e-02
1.084809999999999941e-02
3.128580000000000250e-02
-6.363060000000000244e-03
-3.844650000000000151e-02
3.386809999999999821e-02
5.312859999999999805e-02
4.020550000000000339e-03
5.664259999999999955e-03
5.718979999999999897e-02
4.675610000000000183e-02
-3.119519999999999932e-02
-2.035850000000000160e-02
-1.123429999999999915e-02
7.630200000000000177e-03
1.864120000000000013e-02
1.278199999999999953e-03
-3.648450000000000304e-02
-1.382390000000000008e-02
5.449389999999999790e-02
8.986289999999999556e-02
6.771489999999999454e-02
-8.150390000000000412e-03
-5.906920000000000226e-02
1.052190000000000070e-02
1.162559999999999982e-01
1.430220000000000102e-01
4.853750000000000425e-03
-1.981469999999999898e-01
-1.635079999999999867e-01
-8.482449999999999712e-02
-7.311529999999999418e-02
-5.205669999999999742e-02
1.787959999999999897e-02
2.848449999999999940e-02
-5.428779999999999717e-02
-1.312719999999999998e-01
-1.407799999999999885e-01
-4.659619999999999734e-02
-2.862079999999999833e-02
1.167849999999999965e-02
1.276309999999999945e-01
1.532360000000000111e-01
9.021980000000000277e-02
-2.049259999999999797e-03
-4.459539999999999793e-04
3.642530000000000073e-02
2.973860000000000045e-02
-1.381360000000000053e-02
-5.470919999999999950e-02
-3.318209999999999910e-02
2.410369999999999874e-02
2.782139999999999960e-02
-3.073779999999999915e-02
-4.621669999999999945e-02
2.876369999999999968e-02
3.486050000000000260e-02
-3.179150000000000031e-02
-6.168259999999999715e-02
-9.656030000000000169e-02
-1.207659999999999983e-01
-6.313839999999999730e-02
8.908199999999999452e-02
7.731399999999999384e-02
-1.319210000000000001e-02
1.553840000000000082e-02
1.877240000000000159e-02
3.292359999999999731e-02
4.729150000000000020e-02
7.531469999999999831e-02
8.361520000000000064e-02
6.167469999999999897e-02
5.479769999999999780e-02
3.176820000000000338e-02
-4.662190000000000084e-03
-2.193940000000000126e-02
8.928649999999999564e-04
2.735020000000000159e-02
5.178569999999999701e-02
8.363710000000000588e-02
5.585299999999999987e-02
-4.927499999999999936e-02
-1.248849999999999960e-01
-9.368700000000000638e-02
9.408879999999999674e-04
1.007079999999999954e-02
-2.228350000000000036e-03
4.294409999999999894e-02
6.353179999999999938e-02
4.650989999999999985e-02
-3.590749999999999866e-04
-5.790010000000000295e-02
-8.380600000000000549e-02
-4.429049999999999654e-02
-1.987049999999999927e-02
2.913900000000000171e-02
1.213540000000000035e-01
1.647589999999999888e-01
1.274419999999999997e-01
1.911600000000000105e-02
-5.273640000000000272e-02
-1.112759999999999999e-01
-6.933519999999999961e-02
4.326030000000000153e-02
1.642719999999999944e-02
-6.471970000000000500e-02
-5.070489999999999720e-02
1.687019999999999839e-02
2.490500000000000005e-02
-1.664840000000000070e-02
-1.258699999999999923e-02
-3.098100000000000159e-02
-5.989669999999999717e-02
-4.203470000000000123e-02
-7.612259999999999860e-02
-5.531439999999999968e-02
1.052469999999999968e-02
-1.010600000000000040e-02
-6.961960000000000370e-02
-2.432689999999999853e-02
6.783500000000000640e-02
1.022450000000000025e-01
2.715180000000000024e-02
-1.891609999999999958e-01
-2.516050000000000231e-01
-1.659779999999999867e-01
-9.882799999999999918e-02
-1.731229999999999922e-02
4.608949999999999853e-02
7.179829999999999546e-02
1.171350000000000030e-01
9.981239999999999557e-02
-5.526739999999999604e-03
-1.064029999999999976e-01
-1.108340000000000020e-01
-3.607830000000000065e-02
-1.423649999999999916e-02
2.131790000000000074e-02
-4.440099999999999776e-03
-2.869160000000000156e-04
4.508489999999999720e-02
3.023889999999999911e-02
3.479510000000000242e-02
5.057029999999999859e-02
-1.018789999999999973e-02
-8.129609999999999614e-02
-6.204000000000000313e-03
4.019729999999999831e-02
2.526060000000000111e-02
1.831999999999999948e-02
-1.290949999999999910e-03
-6.320960000000000467e-02
-5.800190000000000207e-02
-1.207130000000000052e-03
-2.472550000000000095e-02
-2.645590000000000094e-02
1.787410000000000040e-02
2.620209999999999900e-02
-1.476220000000000093e-03
-1.403680000000000032e-02
-3.092090000000000116e-02
-3.533460000000000073e-02
1.047189999999999926e-02
6.733680000000000221e-02
6.181520000000000070e-02
-2.123859999999999984e-02
-8.288500000000000034e-02
-5.444279999999999953e-02
2.359949999999999895e-02
6.536669999999999980e-02
4.155269999999999797e-02
-1.763719999999999871e-02
-5.785209999999999658e-02
-3.100599999999999884e-02
4.163229999999999709e-02
4.217470000000000246e-02
-5.907660000000000342e-03
-4.870209999999999817e-02
-8.897410000000000041e-02
-6.627669999999999395e-02
1.622089999999999990e-02
8.575409999999999977e-02
8.080679999999999807e-02
1.723859999999999976e-02
-2.799969999999999890e-02
1.693959999999999997e-03
6.307139999999999969e-02
7.587869999999999338e-02
6.154799999999999854e-02
1.734039999999999887e-02
-3.961280000000000183e-03
-3.521559999999999968e-03
-3.352829999999999699e-02
-1.557109999999999918e-02
5.744620000000000282e-02
7.221030000000000504e-02
1.367559999999999956e-02
-4.201690000000000286e-02
-4.033849999999999936e-02
1.459439999999999999e-03
-9.886070000000000708e-04
-7.384509999999999685e-02
-7.175829999999999709e-02
1.396840000000000061e-02
3.441870000000000346e-02
2.306690000000000129e-02
-1.811369999999999994e-02
-3.486140000000000072e-02
-1.525800000000000073e-02
-3.461659999999999737e-02
-5.842569999999999708e-02
-8.975080000000000557e-02
-7.616889999999999772e-02
-2.191359999999999836e-02
2.472689999999999957e-02
1.009739999999999943e-01
1.444469999999999921e-01
5.180789999999999701e-02
-1.197759999999999936e-01
-1.083270000000000066e-01
4.314309999999999673e-02
1.297319999999999862e-01
1.128330000000000027e-01
1.553900000000000073e-02
-4.848140000000000088e-02
-8.373210000000000375e-02
-4.587789999999999924e-02
8.910460000000000602e-02
5.093749999999999667e-02
-1.335669999999999913e-01
-2.195340000000000069e-01
-1.469389999999999863e-01
-2.566500000000000031e-02
-1.773100000000000023e-02
-4.970909999999999912e-02
-5.174959999999999977e-02
3.814870000000000066e-02
1.190719999999999973e-01
9.573210000000000053e-02
3.730060000000000320e-02
-2.962699999999999969e-03
-5.600700000000000123e-03
4.904180000000000345e-02
9.918889999999999652e-02
1.389710000000000112e-01
1.233120000000000049e-01
5.758370000000000155e-02
3.882319999999999868e-03
-2.974649999999999864e-02
1.798639999999999961e-02
7.805789999999999951e-02
1.229569999999999969e-01
6.943359999999999810e-02
-9.212230000000000418e-02
-2.280500000000000027e-01
-2.324630000000000030e-01
-1.157159999999999994e-01
-3.496300000000000102e-02
4.547250000000000077e-03
2.422859999999999944e-02
-2.709819999999999937e-02
-1.544629999999999892e-01
-1.765960000000000030e-01
-4.783520000000000133e-02
3.189419999999999755e-02
1.319440000000000057e-01
2.372950000000000059e-01
1.701030000000000042e-01
9.059949999999999948e-02
6.415730000000000044e-02
7.908460000000000489e-02
1.363910000000000122e-01
1.499949999999999894e-01
1.477080000000000060e-01
2.456929999999999878e-02
-2.190380000000000105e-01
-4.982369999999999854e-02
5.730640000000000039e-02
-2.523449999999999860e-01
-2.434099999999999875e-01
-8.554810000000000192e-02
6.554250000000000353e-02
2.164939999999999920e-01
5.675949999999999745e-02
-9.723829999999999280e-03
4.937659999999999966e-02
3.919029999999999736e-02
7.440009999999999679e-02
-1.850610000000000102e-02
9.482519999999999838e-02
2.048740000000000006e-01
1.118849999999999983e-01
-7.527979999999999394e-02
-1.266420000000000046e-01
-1.015139999999999966e-02
7.489220000000000599e-02
1.294069999999999943e-01
8.182680000000000509e-02
-9.174409999999999510e-02
-1.099180000000000018e-01
3.768029999999999990e-02
1.113920000000000049e-01
1.204520000000000035e-01
5.294089999999999907e-02
-4.758410000000000244e-03
-1.781759999999999941e-02
-4.344820000000000106e-03
-2.212530000000000052e-02
-5.277239999999999709e-02
-7.387000000000000510e-02
-1.373520000000000019e-01
-1.486429999999999974e-01
-1.198929999999999996e-01
-5.415709999999999968e-02
3.910450000000000037e-02
1.068980000000000069e-01
1.899810000000000110e-01
2.291549999999999976e-01
2.235260000000000025e-01
1.668719999999999926e-01
3.226009999999999989e-02
-5.507820000000000077e-02
-8.481760000000000688e-02
-3.868139999999999773e-02
-3.421769999999999673e-02
-4.186310000000000031e-02
4.496300000000000296e-02
1.198250000000000010e-01
1.806830000000000103e-01
1.605900000000000105e-01
-2.341919999999999939e-03
-1.251299999999999912e-01
-1.627790000000000070e-01
-1.490519999999999901e-01
-1.050569999999999976e-01
-9.380410000000000137e-02
-5.719579999999999803e-02
-2.298330000000000164e-02
1.070370000000000002e-02
4.835930000000000090e-02
5.093360000000000248e-02
6.795360000000000289e-02
6.549480000000000579e-02
-2.464840000000000086e-02
-7.726239999999999497e-02
-1.106039999999999940e-01
-1.266990000000000061e-01
-1.303729999999999889e-01
-9.986219999999999819e-02
4.449150000000000327e-02
1.307300000000000129e-01
3.911640000000000256e-02
-1.514639999999999875e-01
-1.773540000000000116e-01
-6.050320000000000004e-02
3.261959999999999860e-02
9.561609999999999554e-02
7.129820000000000602e-02
-5.722920000000000090e-02
-6.376389999999999836e-02
4.642219999999999680e-02
2.301510000000000014e-02
2.571309999999999915e-02
6.233419999999999933e-02
2.935969999999999899e-02
-1.991839999999999930e-02
-7.525700000000000445e-02
-1.343660000000000132e-01
-1.323779999999999957e-01
-5.179779999999999801e-02
1.565609999999999918e-02
7.071940000000000170e-02
5.632059999999999844e-02
-4.505920000000000064e-02
-8.317810000000000481e-02
-2.110880000000000048e-02
1.972479999999999980e-03
8.574870000000000062e-03
1.664459999999999898e-02
-4.284120000000000289e-02
-5.867420000000000274e-02
-1.203049999999999953e-02
1.361039999999999993e-02
2.563829999999999928e-02
4.903049999999999770e-02
4.281999999999999695e-02
9.750639999999999872e-04
-2.366920000000000135e-02
-3.918289999999999967e-02
-2.769929999999999962e-02
1.236310000000000013e-02
1.211770000000000035e-03
-5.040510000000000129e-02
-2.980419999999999944e-02
3.855120000000000074e-02
5.876970000000000111e-02
4.524999999999999856e-02
-7.037990000000000045e-03
-5.810640000000000249e-02
-2.915859999999999980e-02
4.790889999999999732e-02
6.193049999999999944e-02
4.220539999999999708e-02
3.856040000000000162e-02
1.448279999999999923e-03
-4.616660000000000208e-02
-3.669340000000000102e-02
2.330190000000000039e-02
8.951439999999999744e-03
-3.037919999999999857e-02
-3.835360000000000158e-02
-9.668659999999999755e-02
-7.932140000000000024e-02
-1.703100000000000100e-02
5.973440000000000000e-03
4.804950000000000193e-02
3.444759999999999836e-03
-3.287140000000000201e-02
-6.434740000000000425e-03
-3.317110000000000197e-02
-9.024480000000000002e-02
-8.743589999999999696e-02
-2.939009999999999886e-02
1.817589999999999831e-02
3.568410000000000332e-02
5.901719999999999883e-02
6.150280000000000330e-02
2.243269999999999986e-02
4.074490000000000056e-03
7.074210000000000047e-03
3.764639999999999653e-02
4.695470000000000199e-02
3.042140000000000122e-02
4.551680000000000309e-02
5.284269999999999939e-02
5.499409999999999715e-02
6.997480000000000366e-02
9.410609999999999808e-02
2.966709999999999833e-02
-1.010069999999999996e-01
-1.773959999999999981e-01
-1.906589999999999951e-01
-1.054179999999999978e-01
-4.292100000000000082e-02
-1.088159999999999995e-02
2.747600000000000042e-02
4.031889999999999780e-02
3.251449999999999913e-03
-2.174210000000000031e-02
3.898770000000000013e-02
1.156890000000000002e-01
9.702130000000000476e-02
5.333019999999999948e-03
-5.386750000000000045e-03
2.280050000000000132e-02
-1.236360000000000063e-02
-5.276659999999999684e-02
-3.820960000000000328e-02
-2.203379999999999922e-02
-4.118349999999999789e-02
-3.852660000000000112e-02
-6.063500000000000140e-02
-1.685209999999999833e-02
1.143109999999999959e-01
1.758049999999999891e-01
1.130120000000000013e-01
-1.681020000000000084e-02
-8.017069999999999752e-02
-7.877359999999999918e-02
-2.177149999999999919e-02
3.066450000000000078e-02
6.836240000000000372e-02
7.370730000000000337e-02
3.168329999999999758e-02
8.526300000000000545e-03
6.925910000000000399e-02
1.099419999999999981e-01
3.755119999999999986e-02
-1.805839999999999876e-02
-3.377159999999999884e-02
3.336539999999999818e-03
2.147980000000000028e-02
1.059599999999999952e-02
5.175249999999999989e-02
1.002269999999999966e-01
1.147750000000000020e-01
6.004240000000000271e-02
-8.528739999999999932e-03
-5.902749999999999664e-02
-8.453610000000000291e-02
-9.957180000000000197e-02
-9.871259999999999757e-02
-1.343079999999999968e-02
6.606689999999999785e-02
1.195739999999999997e-01
8.669340000000000379e-02
-3.111960000000000073e-02
-1.048209999999999975e-01
-8.449130000000000529e-02
1.730840000000000156e-02
2.778819999999999901e-02
-2.473749999999999907e-02
-3.704539999999999916e-02
-2.777490000000000167e-02
4.819230000000000042e-02
1.151439999999999964e-01
9.147299999999999875e-02
6.151710000000000338e-03
-7.355670000000000264e-02
-8.701440000000000563e-02
-6.714239999999999792e-03
4.647520000000000123e-02
5.306629999999999681e-02
2.649719999999999853e-02
-2.814689999999999900e-02
-5.477470000000000255e-02
-2.933499999999999996e-02
1.433579999999999924e-02
2.627900000000000028e-02
2.929379999999999831e-02
7.127590000000000314e-02
3.078349999999999836e-02
-9.630160000000000109e-02
-1.042290000000000022e-01
4.214599999999999770e-03
4.804080000000000156e-02
-5.934260000000000229e-03
-6.923890000000000600e-02
-5.545540000000000191e-02
1.172430000000000000e-02
5.682740000000000014e-02
5.027240000000000181e-02
-3.522000000000000131e-02
-5.138639999999999874e-02
3.347839999999999844e-02
9.032740000000000213e-02
7.952170000000000072e-02
3.057520000000000029e-02
-1.121750000000000004e-02
-6.572970000000000201e-02
-8.036020000000000663e-02
-7.876909999999999468e-02
-9.179350000000000009e-02
-1.000950000000000034e-01
-7.326570000000000304e-02
3.179880000000000206e-02
9.501139999999999586e-02
5.723969999999999753e-02
-3.136110000000000286e-02
-8.946460000000000523e-02
-9.846389999999999310e-02
-7.151109999999999411e-02
-4.672799999999999870e-02
-4.082210000000000005e-02
-4.337289999999999895e-02
-2.461230000000000015e-02
5.053590000000000165e-03
4.018669999999999881e-02
7.089940000000000131e-02
6.050479999999999747e-02
-3.357810000000000026e-04
-4.523150000000000087e-02
-5.898590000000000083e-02
-6.139270000000000144e-02
2.694109999999999994e-03
4.588260000000000255e-02
4.607379999999999809e-02
3.306619999999999698e-02
4.520600000000000313e-02
5.671729999999999827e-02
2.349769999999999984e-02
1.928130000000000122e-02
3.640410000000000174e-02
-1.023259999999999968e-02
-3.876709999999999878e-02
5.144029999999999957e-03
2.636589999999999854e-03
-3.001430000000000070e-02
-6.819559999999999685e-03
2.448260000000000020e-02
3.593910000000000160e-02
3.315930000000000266e-02
6.239680000000000226e-02
7.666839999999999766e-02
2.439420000000000130e-02
-2.246969999999999870e-02
-3.219740000000000102e-02
1.293520000000000086e-02
1.679989999999999956e-02
-3.308599999999999736e-02
-5.484599999999999892e-02
-4.183649999999999869e-02
1.927819999999999881e-02
4.624589999999999951e-02
-1.748649999999999857e-02
-5.811120000000000174e-02
-2.089610000000000078e-02
-8.780930000000000376e-04
-3.295170000000000043e-02
-3.113379999999999967e-02
3.596459999999999935e-02
9.458919999999999828e-02
7.450110000000000066e-02
-1.063590000000000022e-02
-4.713830000000000103e-02
7.474540000000000003e-03
6.130789999999999851e-02
4.419019999999999893e-02
-5.459780000000000232e-04
-4.800190000000000012e-02
-6.308179999999999343e-02
-4.495960000000000234e-02
-4.496429999999999871e-02
-2.649340000000000028e-02
-2.652880000000000169e-02
-2.325500000000000136e-02
5.958070000000000206e-03
3.283889999999999726e-02
2.278739999999999932e-02
-3.836330000000000295e-02
-3.669200000000000239e-02
1.912470000000000142e-02
3.848619999999999819e-02
2.032660000000000022e-02
2.878150000000000153e-02
3.918420000000000236e-02
1.461800000000000078e-02
3.502860000000000001e-02
4.904639999999999694e-02
7.590839999999999740e-03
-8.841190000000000507e-03
3.587629999999999986e-02
5.040200000000000236e-02
2.354419999999999864e-03
-6.534170000000000256e-02
-7.213379999999999792e-02
-3.721639999999999671e-02
-1.276259999999999981e-03
5.900500000000000189e-02
1.159000000000000030e-01
1.205029999999999990e-01
4.082910000000000011e-02
-4.789439999999999843e-03
-3.481440000000000229e-02
-4.823999999999999816e-02
-1.129100000000000069e-02
-4.917769999999999780e-02
-6.488380000000000536e-02
1.732960000000000056e-02
8.720880000000000298e-02
7.256819999999999937e-02
-3.340280000000000332e-02
-1.414420000000000122e-01
-1.227800000000000002e-01
7.561290000000000025e-03
7.908260000000000289e-02
9.095630000000000381e-02
3.861309999999999742e-02
-7.497330000000000660e-02
-6.769730000000000192e-02
2.739520000000000149e-02
8.516719999999999846e-02
8.795780000000000265e-02
8.871020000000000294e-03
-9.316679999999999406e-02
-1.212580000000000047e-01
-2.984660000000000091e-02
2.058690000000000173e-02
5.167839999999999934e-02
4.112190000000000289e-02
-3.570009999999999850e-02
-8.357760000000000189e-02
-7.293479999999999408e-02
-1.982449999999999837e-02
-1.570020000000000096e-02
1.575839999999999880e-02
6.381829999999999448e-02
5.576899999999999913e-02
3.522839999999999800e-07
-4.737969999999999682e-02
-2.605560000000000168e-02
2.129160000000000080e-02
2.385390000000000080e-02
2.766659999999999953e-02
4.470199999999999868e-02
5.738990000000000063e-02
7.157669999999999658e-03
-5.118750000000000036e-03
7.739020000000000621e-02
9.613779999999999548e-02
8.012959999999999527e-03
-9.613080000000000236e-02
-1.136609999999999981e-01
-4.438570000000000015e-02
2.702210000000000029e-03
2.894619999999999832e-02
4.474349999999999855e-02
1.946279999999999885e-02
-6.585860000000000325e-02
-7.384920000000000373e-02
5.238720000000000182e-02
7.525619999999999532e-02
-1.493689999999999992e-03
-2.846610000000000112e-02
7.007580000000000232e-03
2.800880000000000036e-02
2.602180000000000118e-02
2.533790000000000174e-03
-2.374060000000000059e-02
-2.013469999999999843e-02
-3.769929999999999809e-02
-5.070059999999999845e-02
-2.416870000000000129e-02
-1.851420000000000149e-02
-2.834120000000000042e-02
-4.387239999999999890e-02
-5.338049999999999740e-02
-1.346499999999999954e-02
1.232890000000000028e-02
2.997860000000000195e-03
-4.833069999999999727e-02
-4.373549999999999660e-02
3.311100000000000154e-02
3.090810000000000085e-02
-3.354519999999999724e-02
-3.988959999999999728e-02
1.103349999999999990e-02
3.560640000000000333e-02
2.298089999999999855e-02
7.181350000000000407e-03
1.331730000000000066e-02
1.527169999999999916e-02
-1.365369999999999952e-02
-7.568609999999999921e-03
1.590240000000000056e-02
1.027269999999999919e-02
-4.504779999999999895e-03
2.194629999999999845e-02
3.015680000000000097e-02
2.705700000000000119e-02
1.082739999999999918e-02
-7.464669999999999639e-02
-9.597469999999999613e-02
-4.073960000000000081e-02
-8.001070000000000751e-03
2.144010000000000013e-02
1.223409999999999949e-02
-2.698410000000000045e-02
-1.845089999999999914e-04
3.540539999999999660e-02
4.862480000000000274e-02
7.772779999999999967e-02
7.353060000000000151e-02
-1.254539999999999995e-02
-7.404560000000000308e-02
-5.649300000000000155e-02
1.543710000000000047e-02
7.286230000000000484e-02
9.783329999999999804e-02
8.665920000000000567e-02
-3.691869999999999874e-03
-4.448069999999999802e-02
-1.666820000000000064e-03
-1.025900000000000076e-02
-8.525410000000000627e-03
6.674889999999999990e-02
7.368370000000000475e-02
-2.774700000000000083e-02
-5.941219999999999835e-02
-2.397439999999999988e-02
-2.951109999999999844e-02
-2.268059999999999868e-02
2.366089999999999947e-03
-1.476739999999999997e-02
-6.421060000000000656e-02
-8.597159999999999525e-02
-7.592350000000000487e-02
-3.412040000000000212e-02
3.842920000000000103e-03
3.358400000000000274e-02
1.947650000000000076e-02
-9.411909999999999721e-02
-1.079320000000000002e-01
3.646039999999999698e-02
9.542899999999999994e-02
5.750229999999999925e-02
2.550439999999999999e-02
-4.604199999999999959e-02
-6.601909999999999723e-02
1.331549999999999921e-02
5.365410000000000318e-02
6.196100000000000219e-02
4.271350000000000147e-02
1.259839999999999918e-02
-7.066659999999999782e-03
-3.095929999999999863e-02
-3.160759999999999958e-02
-1.267910000000000044e-02
9.970190000000000302e-03
4.988829999999999654e-02
6.764720000000000455e-02
2.807420000000000054e-02
-4.834979999999999833e-02
-7.137400000000000688e-02
-2.023089999999999958e-02
-1.926289999999999990e-03
8.596289999999999487e-03
9.433949999999999975e-03
-9.833160000000000511e-03
-1.881330000000000155e-02
-8.464640000000000705e-03
-2.677989999999999884e-02
-3.951029999999999820e-02
-1.294069999999999943e-02
6.685090000000000303e-03
3.662750000000000034e-02
4.838359999999999883e-02
2.729760000000000172e-02
-8.247310000000000751e-03
-4.039210000000000023e-02
-2.356179999999999820e-03
7.431599999999999318e-02
1.023430000000000034e-01
5.885979999999999684e-02
-2.586000000000000104e-02
-5.780489999999999934e-02
7.224949999999999732e-04
6.148170000000000024e-02
8.275280000000000136e-02
4.749880000000000074e-02
-1.733760000000000162e-02
-5.259239999999999748e-02
-2.978890000000000010e-02
-1.483060000000000021e-03
2.070260000000000156e-02
2.386550000000000130e-02
-2.400189999999999962e-02
-3.994829999999999909e-02
-1.289299999999999951e-03
2.754679999999999976e-02
3.118059999999999929e-02
-1.227110000000000006e-02
-3.139449999999999880e-02
2.603559999999999902e-02
3.432910000000000128e-02
-6.294209999999999736e-03
2.737579999999999875e-03
2.901449999999999863e-02
-1.013159999999999929e-02
-3.147939999999999766e-02
7.614880000000000086e-03
4.018179999999999669e-02
2.795179999999999887e-02
-4.478109999999999730e-02
-1.055360000000000048e-01
-8.311469999999999969e-02
1.492070000000000028e-02
6.512500000000000233e-02
5.156340000000000229e-02
-1.263049999999999937e-02
-1.002730000000000010e-01
-9.596430000000000238e-02
-1.254519999999999941e-02
2.207579999999999959e-02
1.245379999999999925e-02
1.997109999999999858e-02
-2.201670000000000016e-02
-5.985660000000000286e-02
-2.997939999999999980e-02
1.230669999999999898e-03
7.427699999999999754e-03
-2.841460000000000166e-02
-4.998249999999999915e-02
-8.010369999999999296e-03
3.299350000000000199e-02
3.945019999999999777e-02
1.610980000000000051e-02
-8.559930000000000316e-03
-3.518659999999999843e-02
-4.449960000000000027e-02
-4.334600000000000085e-03
3.600420000000000009e-02
4.446549999999999808e-02
1.148519999999999923e-02
-3.303919999999999774e-02
-2.979489999999999916e-02
2.544220000000000162e-02
7.157209999999999961e-02
6.410470000000000057e-02
1.557580000000000076e-02
-2.896059999999999954e-02
-2.464109999999999912e-02
2.437429999999999979e-03
4.046440000000000106e-03
3.216469999999999746e-02
5.415240000000000331e-02
2.331870000000000123e-02
-1.973779999999999979e-02
-3.907309999999999950e-02
-4.391339999999999653e-03
1.909740000000000049e-02
-2.213239999999999999e-02
-5.318830000000000086e-02
-1.396550000000000048e-02
5.421220000000000205e-02
7.277139999999999997e-02
1.465939999999999951e-02
-1.446219999999999971e-02
-1.349859999999999949e-02
-1.042709999999999991e-02
2.928000000000000047e-02
4.268170000000000297e-02
1.782620000000000038e-02
6.871989999999999696e-03
