-6.078420000000000394e-04
-5.704450000000000449e-04
-6.028070000000000173e-04
-5.714230000000000481e-04
-5.962580000000000094e-04
-5.443730000000000140e-04
-5.655919999999999611e-04
-5.450890000000000119e-04
-5.879470000000000139e-04
-5.641869999999999568e-04
-6.185350000000000266e-04
-5.940449999999999680e-04
-6.196990000000000311e-04
-5.268770000000000311e-04
-4.239809999999999781e-04
-3.344350000000000057e-04
-3.533389999999999860e-04
-3.816579999999999973e-04
-5.244209999999999584e-04
-4.967230000000000213e-04
-5.415510000000000332e-04
-3.314880000000000083e-04
-7.969139999999999395e-05
3.150359999999999836e-04
5.930280000000000013e-04
2.986399999999999732e-04
5.368749999999999716e-05
2.157869999999999992e-04
2.363389999999999881e-04
2.017529999999999909e-04
3.584159999999999918e-05
1.135360000000000053e-04
2.033399999999999878e-04
1.996950000000000049e-04
-4.598979999999999800e-05
-5.432390000000000482e-04
-5.450620000000000204e-04
-1.567589999999999945e-04
-1.079389999999999977e-04
-3.389660000000000069e-04
-7.267719999999999866e-04
-8.033520000000000157e-04
-8.442589999999999817e-04
-8.147169999999999586e-04
-8.164170000000000541e-04
-7.991190000000000446e-04
5.091969999999999971e-05
1.542879999999999946e-03
2.597089999999999815e-03
3.658629999999999955e-03
4.481190000000000347e-03
5.126539999999999743e-03
4.086779999999999927e-03
4.212819999999999933e-03
2.780570000000000003e-03
1.553850000000000066e-03
9.858799999999999595e-04
7.827090000000000306e-04
3.906350000000000165e-04
-6.675799999999999746e-04
-1.672180000000000107e-03
-2.517740000000000082e-03
-2.853469999999999878e-03
-2.735829999999999859e-03
-3.022410000000000114e-03
-2.859360000000000027e-03
-1.034350000000000070e-03
1.869739999999999944e-03
2.777350000000000044e-03
2.487730000000000063e-03
1.150439999999999970e-03
-4.274710000000000142e-04
-3.135849999999999922e-03
-4.931989999999999812e-03
-6.772399999999999601e-03
-7.292640000000000407e-03
-5.899609999999999577e-03
-2.266289999999999798e-03
-4.630670000000000034e-04
7.773100000000000506e-05
1.011479999999999931e-03
2.170829999999999895e-03
3.383370000000000127e-03
3.932240000000000041e-03
3.724240000000000189e-03
3.965630000000000370e-03
2.796040000000000070e-03
1.715240000000000037e-03
-1.217020000000000081e-03
-5.263480000000000068e-03
-8.635669999999999805e-03
-9.580530000000000296e-03
-9.996939999999999299e-03
-1.063880000000000034e-02
-1.197450000000000077e-02
-1.121280000000000020e-02
-9.616430000000000464e-03
-8.536570000000000269e-03
-7.748670000000000037e-03
-5.633209999999999607e-03
-1.817290000000000051e-03
2.618130000000000197e-03
5.505529999999999799e-03
7.460210000000000105e-03
1.071779999999999955e-02
1.414340000000000042e-02
1.335159999999999993e-02
1.027789999999999954e-02
5.618230000000000099e-03
-1.856449999999999886e-04
-4.864209999999999888e-03
-5.756429999999999880e-03
-3.783190000000000077e-03
-3.298759999999999974e-04
3.410990000000000029e-03
7.896190000000000847e-03
1.100920000000000024e-02
1.094419999999999941e-02
9.205780000000000213e-03
7.411169999999999911e-03
6.148060000000000330e-03
5.292370000000000234e-03
3.292660000000000205e-03
5.329220000000000181e-04
-3.219140000000000109e-03
-7.411280000000000125e-03
-1.039849999999999976e-02
-1.223289999999999968e-02
-1.209539999999999921e-02
-8.671780000000000460e-03
-6.133770000000000194e-03
-4.348229999999999804e-03
-7.636290000000000439e-04
3.282530000000000083e-03
6.004849999999999945e-03
6.400489999999999999e-03
4.413689999999999627e-03
1.895219999999999978e-03
2.872610000000000267e-04
-1.081329999999999921e-03
-1.674649999999999967e-03
-9.854689999999999155e-07
3.091340000000000147e-03
5.401150000000000395e-03
5.793480000000000157e-03
5.826360000000000046e-03
4.635410000000000398e-03
2.001320000000000009e-03
-5.895670000000000424e-04
-2.735440000000000007e-03
-3.139489999999999989e-03
-3.068120000000000135e-03
-2.374849999999999964e-03
-1.407620000000000052e-03
-1.746289999999999952e-03
-2.646599999999999821e-03
-2.628489999999999820e-03
4.073829999999999856e-04
1.612780000000000073e-03
-2.136470000000000122e-03
-6.442899999999999669e-03
-7.839630000000000210e-03
-8.652699999999999281e-03
-1.064329999999999964e-02
-1.312390000000000084e-02
-1.495119999999999956e-02
-1.229760000000000054e-02
-4.427190000000000118e-03
3.512669999999999855e-03
1.037030000000000070e-02
1.685000000000000039e-02
2.172260000000000163e-02
2.259519999999999931e-02
2.095620000000000122e-02
1.793209999999999943e-02
1.516490000000000025e-02
1.251400000000000082e-02
1.123180000000000012e-02
1.258940000000000059e-02
1.555959999999999982e-02
1.678999999999999937e-02
1.491950000000000047e-02
8.953400000000000247e-03
1.174029999999999952e-03
-5.695770000000000173e-03
-8.451639999999999847e-03
-9.171890000000000251e-03
-1.308639999999999977e-02
-1.829400000000000123e-02
-2.289710000000000009e-02
-2.789350000000000163e-02
-3.418120000000000186e-02
-3.887750000000000233e-02
-3.887070000000000108e-02
-3.275050000000000183e-02
-2.052129999999999926e-02
-6.104159999999999968e-03
4.097619999999999735e-03
8.874659999999999493e-03
8.742250000000000021e-03
5.326110000000000219e-03
1.993180000000000212e-03
-9.422080000000000429e-04
-1.893799999999999954e-03
-3.068640000000000083e-04
1.831780000000000084e-03
4.309559999999999606e-03
5.494780000000000324e-03
4.128709999999999845e-03
2.700380000000000055e-03
-8.306649999999999624e-04
-5.968160000000000132e-03
-1.247520000000000052e-02
-1.895600000000000063e-02
-2.511429999999999912e-02
-3.106820000000000068e-02
-3.718989999999999796e-02
-4.178189999999999682e-02
-4.496760000000000340e-02
-4.388090000000000046e-02
-3.890790000000000221e-02
-3.145389999999999991e-02
-2.424830000000000041e-02
-1.674379999999999966e-02
-7.554090000000000284e-03
2.296900000000000157e-03
8.491530000000000605e-03
1.124550000000000029e-02
9.691470000000000640e-03
5.643849999999999735e-03
1.868220000000000080e-03
5.383840000000000413e-04
4.461370000000000093e-03
1.170619999999999994e-02
2.365540000000000004e-02
3.695530000000000342e-02
4.563989999999999714e-02
4.882620000000000016e-02
4.614870000000000083e-02
3.986119999999999941e-02
3.337330000000000158e-02
2.733469999999999997e-02
2.174830000000000166e-02
1.766370000000000093e-02
1.985469999999999943e-02
2.208730000000000068e-02
1.630629999999999927e-02
6.244959999999999921e-03
-1.976309999999999786e-03
-9.603360000000000021e-03
-1.196820000000000002e-02
-6.282470000000000068e-03
-2.553130000000000135e-04
6.387269999999999580e-03
5.104870000000000067e-03
3.996409999999999720e-03
1.088749999999999961e-02
1.620140000000000122e-02
1.514309999999999962e-02
1.003509999999999992e-02
3.838010000000000206e-03
1.028330000000000043e-03
5.570570000000000382e-03
1.011220000000000001e-02
1.111599999999999915e-02
5.890750000000000153e-03
9.800029999999999072e-04
-7.243050000000000009e-03
-1.839949999999999919e-02
-2.529740000000000114e-02
-2.335390000000000035e-02
-1.427729999999999971e-02
-3.531739999999999901e-04
1.136350000000000034e-02
1.796009999999999968e-02
2.242320000000000077e-02
2.361250000000000154e-02
2.001750000000000057e-02
5.668799999999999881e-03
-1.301410000000000067e-02
-2.710179999999999881e-02
-3.005290000000000045e-02
-1.936289999999999886e-02
-7.165659999999999911e-03
4.085199999999999769e-03
1.525499999999999946e-02
1.942369999999999861e-02
1.543369999999999985e-02
1.062800000000000029e-02
1.110829999999999977e-02
1.723509999999999973e-02
2.458400000000000168e-02
2.948289999999999939e-02
3.034560000000000035e-02
2.532080000000000095e-02
1.560689999999999994e-02
9.392150000000000151e-03
2.490360000000000056e-03
-2.728630000000000118e-03
-3.592629999999999869e-03
-1.939849999999999908e-03
5.164089999999999653e-03
1.457460000000000006e-02
2.155960000000000168e-02
2.375460000000000071e-02
2.180139999999999856e-02
1.866740000000000066e-02
1.506500000000000027e-02
7.662880000000000386e-03
-1.586520000000000118e-04
-8.790569999999999287e-03
-1.649089999999999931e-02
-2.240220000000000058e-02
-2.707230000000000053e-02
-2.840689999999999882e-02
-2.312490000000000032e-02
-1.200870000000000062e-02
1.921560000000000108e-03
1.304289999999999963e-02
2.378129999999999827e-02
3.359659999999999730e-02
3.942099999999999771e-02
4.043929999999999747e-02
3.455600000000000338e-02
2.389919999999999892e-02
8.926339999999999622e-03
-6.564399999999999749e-03
-2.101779999999999968e-02
-3.453359999999999763e-02
-3.836180000000000145e-02
-3.101680000000000062e-02
-2.406190000000000065e-02
-2.658169999999999977e-02
-3.552029999999999771e-02
-4.308929999999999705e-02
-4.736420000000000213e-02
-4.805770000000000181e-02
-4.402550000000000213e-02
-3.598160000000000247e-02
-2.594399999999999831e-02
-1.531549999999999925e-02
-5.211010000000000295e-03
2.327140000000000111e-03
4.940660000000000364e-03
3.447309999999999762e-04
-8.495050000000000517e-03
-1.941939999999999986e-02
-2.841810000000000169e-02
-3.091709999999999944e-02
-3.032079999999999845e-02
-2.785989999999999994e-02
-2.514519999999999950e-02
-2.343819999999999931e-02
-1.992520000000000055e-02
-1.594809999999999978e-02
-1.111119999999999990e-02
-5.949150000000000271e-03
3.226269999999999832e-03
1.340960000000000069e-02
2.193559999999999954e-02
2.724009999999999973e-02
2.904560000000000128e-02
2.793659999999999893e-02
2.740110000000000115e-02
2.707949999999999940e-02
2.947599999999999873e-02
3.519100000000000006e-02
4.407169999999999838e-02
5.313749999999999724e-02
6.425260000000000693e-02
7.297009999999999608e-02
7.798800000000000177e-02
8.194060000000000232e-02
8.289489999999999359e-02
8.013420000000000265e-02
6.252510000000000012e-02
2.181960000000000149e-02
-2.050309999999999980e-02
-5.337540000000000340e-02
-7.711229999999999474e-02
-9.215500000000000080e-02
-1.004290000000000044e-01
-1.025869999999999976e-01
-9.847290000000000210e-02
-9.134309999999999652e-02
-7.104359999999999842e-02
-3.518489999999999812e-02
-5.777219999999999578e-03
9.552460000000000465e-03
1.363909999999999949e-02
6.648689999999999635e-03
-1.504929999999999983e-02
-4.063239999999999907e-02
-6.397390000000000021e-02
-8.551279999999999992e-02
-9.761730000000000407e-02
-1.045620000000000022e-01
-1.023120000000000002e-01
-9.124519999999999853e-02
-3.963300000000000156e-02
3.380709999999999965e-02
1.054810000000000053e-01
1.552010000000000056e-01
1.656100000000000072e-01
1.615189999999999959e-01
1.373139999999999916e-01
8.523310000000000608e-02
2.538719999999999866e-02
-3.903269999999999657e-02
-8.038670000000000537e-02
-8.796420000000000627e-02
-7.766699999999999993e-02
-4.644670000000000049e-02
-2.809160000000000216e-03
3.782130000000000214e-02
7.928789999999999449e-02
1.012740000000000029e-01
7.820720000000000449e-02
2.294449999999999962e-02
-3.283110000000000195e-02
-8.125860000000000027e-02
-1.160869999999999957e-01
-1.446870000000000100e-01
-1.668979999999999908e-01
-1.751459999999999961e-01
-1.642220000000000069e-01
-1.113399999999999945e-01
-2.143799999999999872e-02
4.271069999999999728e-02
8.596139999999999337e-02
1.042020000000000030e-01
1.060590000000000005e-01
9.447479999999999767e-02
8.385560000000000236e-02
8.672570000000000279e-02
9.302080000000000071e-02
9.621359999999999635e-02
9.713430000000000675e-02
9.795800000000000340e-02
9.734120000000000272e-02
9.327929999999999555e-02
8.520110000000000183e-02
7.327949999999999742e-02
5.474529999999999674e-02
3.174470000000000069e-02
1.790589999999999890e-02
1.925160000000000066e-02
2.866859999999999895e-02
4.605100000000000166e-02
6.381860000000000310e-02
8.909340000000000315e-02
1.110130000000000006e-01
1.168949999999999989e-01
1.113500000000000045e-01
1.006029999999999980e-01
9.437800000000000356e-02
9.712270000000000625e-02
1.035350000000000020e-01
1.091280000000000028e-01
1.143060000000000048e-01
1.134089999999999959e-01
1.060159999999999991e-01
8.972199999999999620e-02
6.803950000000000276e-02
4.131789999999999768e-02
1.220380000000000076e-02
-1.404670000000000050e-02
-3.142459999999999698e-02
-4.736710000000000226e-02
-6.061590000000000034e-02
-6.020849999999999813e-02
-5.626710000000000045e-02
-6.707630000000000536e-02
-8.324940000000000118e-02
-1.087370000000000003e-01
-1.385369999999999935e-01
-1.698379999999999890e-01
-1.939599999999999935e-01
-2.147459999999999924e-01
-2.371850000000000069e-01
-2.549170000000000047e-01
-2.753140000000000032e-01
-2.997710000000000097e-01
-3.126789999999999847e-01
-3.248170000000000224e-01
-3.391489999999999783e-01
-3.545249999999999790e-01
-3.635399999999999743e-01
-3.700439999999999841e-01
-3.728279999999999927e-01
-3.844380000000000019e-01
-3.959949999999999859e-01
-4.008700000000000041e-01
-3.853329999999999811e-01
-3.249079999999999746e-01
-1.018519999999999981e-01
1.423770000000000036e-01
2.735380000000000034e-01
3.701099999999999945e-01
4.337909999999999822e-01
4.620170000000000110e-01
4.676420000000000021e-01
4.764959999999999751e-01
4.820019999999999860e-01
4.741349999999999731e-01
4.534699999999999842e-01
4.198509999999999742e-01
3.376089999999999924e-01
2.366320000000000090e-01
1.155209999999999987e-01
-9.592240000000000141e-03
-7.696039999999999826e-02
-1.219839999999999952e-01
-1.325870000000000104e-01
-1.153249999999999970e-01
-4.404999999999999888e-02
8.180270000000000596e-02
1.720629999999999937e-01
2.247760000000000036e-01
2.614070000000000005e-01
2.740580000000000238e-01
2.666080000000000116e-01
2.432789999999999953e-01
2.036650000000000127e-01
1.575080000000000091e-01
1.048110000000000014e-01
4.548769999999999897e-02
-1.839309999999999903e-02
-8.211659999999999793e-02
-1.456759999999999999e-01
-1.935830000000000051e-01
-2.327220000000000122e-01
-2.606680000000000108e-01
-2.709409999999999874e-01
-2.729090000000000127e-01
-2.676339999999999830e-01
-2.516360000000000263e-01
-2.362090000000000023e-01
-2.193980000000000097e-01
-2.039140000000000119e-01
-1.942210000000000047e-01
-1.811139999999999972e-01
-1.711110000000000131e-01
-1.730490000000000084e-01
-1.652399999999999980e-01
-1.488949999999999996e-01
-1.139679999999999999e-01
-5.002199999999999702e-02
-5.579810000000000152e-03
3.202089999999999798e-02
5.929799999999999655e-02
6.783100000000000240e-02
7.060550000000000159e-02
7.052840000000000498e-02
6.980290000000000106e-02
6.380189999999999473e-02
5.242820000000000119e-02
3.587549999999999767e-02
1.845019999999999993e-02
2.104739999999999910e-03
-2.143590000000000079e-02
-4.813810000000000311e-02
-6.470370000000000288e-02
-7.173179999999999834e-02
-6.575090000000000101e-02
-4.222200000000000258e-02
-3.956300000000000268e-03
3.020789999999999934e-02
6.602399999999999936e-02
9.744350000000000234e-02
1.198509999999999992e-01
1.312190000000000023e-01
1.373759999999999981e-01
1.385399999999999965e-01
1.318680000000000130e-01
1.280070000000000097e-01
1.326440000000000119e-01
1.302470000000000017e-01
1.203300000000000064e-01
1.075009999999999993e-01
9.167740000000000611e-02
7.719040000000000623e-02
6.029310000000000225e-02
4.427969999999999823e-02
3.401069999999999788e-02
3.415920000000000067e-02
3.823920000000000097e-02
3.455910000000000232e-02
2.710569999999999993e-02
2.042110000000000106e-02
1.587679999999999994e-02
1.477009999999999955e-02
2.127189999999999984e-02
2.527889999999999998e-02
2.233459999999999959e-02
1.963619999999999949e-02
1.841140000000000138e-02
2.132389999999999980e-02
3.097679999999999878e-02
3.694329999999999836e-02
3.030029999999999876e-02
2.199190000000000172e-02
1.650449999999999834e-02
1.713610000000000133e-02
1.505890000000000006e-02
7.454620000000000343e-03
-3.665240000000000165e-03
-1.926670000000000119e-02
-4.315429999999999960e-02
-6.525859999999999994e-02
-8.380719999999999836e-02
-9.897129999999999816e-02
-1.044609999999999983e-01
-1.047140000000000015e-01
-9.544379999999999531e-02
-7.274519999999999598e-02
-4.176610000000000045e-02
-1.664059999999999845e-02
-4.682689999999999769e-03
-4.853610000000000389e-03
-1.586020000000000138e-02
-3.275909999999999933e-02
-5.140859999999999874e-02
-6.290429999999999633e-02
-7.210740000000000205e-02
-8.149119999999999975e-02
-8.308659999999999657e-02
-7.976310000000000344e-02
-7.108689999999999454e-02
-5.689349999999999963e-02
-3.406599999999999906e-02
-7.423529999999999582e-04
4.119280000000000164e-02
7.991310000000000080e-02
1.109330000000000038e-01
1.339539999999999897e-01
1.519919999999999882e-01
1.682210000000000094e-01
1.850259999999999960e-01
2.024390000000000078e-01
2.161599999999999910e-01
2.244190000000000074e-01
2.260119999999999907e-01
2.199029999999999874e-01
2.072249999999999925e-01
1.974339999999999984e-01
1.942969999999999975e-01
1.965359999999999885e-01
1.997369999999999979e-01
2.024309999999999998e-01
2.035800000000000110e-01
2.042039999999999966e-01
2.016209999999999947e-01
1.935030000000000083e-01
1.689579999999999971e-01
1.415780000000000094e-01
1.041900000000000048e-01
5.068559999999999732e-02
-3.725659999999999996e-03
-4.933370000000000116e-02
-9.288989999999999747e-02
-1.317599999999999882e-01
-1.610129999999999895e-01
-1.898410000000000097e-01
-2.127969999999999862e-01
-2.335210000000000063e-01
-2.530529999999999724e-01
-2.663800000000000057e-01
-2.744920000000000138e-01
-2.773039999999999949e-01
-2.723990000000000022e-01
-2.564100000000000268e-01
-2.296860000000000013e-01
-2.006660000000000110e-01
-1.731769999999999976e-01
-1.450929999999999997e-01
-1.168529999999999985e-01
-9.303140000000000021e-02
-8.483179999999999887e-02
-8.641390000000000182e-02
-8.674980000000000191e-02
-8.930369999999999975e-02
-9.101349999999999718e-02
-9.613140000000000573e-02
-1.061119999999999980e-01
-1.201750000000000040e-01
-1.313159999999999883e-01
-1.457289999999999974e-01
-1.603229999999999933e-01
-1.683590000000000086e-01
-1.576039999999999941e-01
-1.362160000000000037e-01
-1.138429999999999997e-01
-9.689960000000000240e-02
-7.587280000000000413e-02
-5.481810000000000155e-02
-3.069809999999999900e-02
1.067220000000000018e-03
2.895280000000000076e-02
3.896560000000000301e-02
3.671370000000000189e-02
3.238599999999999812e-02
2.095870000000000025e-02
1.981249999999999938e-03
-1.517680000000000071e-02
-2.080910000000000051e-02
-1.668199999999999891e-02
-6.871610000000000218e-03
1.413370000000000078e-02
4.151780000000000054e-02
6.504880000000000384e-02
8.946079999999999310e-02
1.133249999999999952e-01
1.376940000000000108e-01
1.558249999999999913e-01
1.653249999999999997e-01
1.764709999999999890e-01
1.901930000000000009e-01
2.089290000000000036e-01
2.242349999999999899e-01
2.407310000000000005e-01
2.562440000000000273e-01
2.709469999999999934e-01
2.800599999999999756e-01
2.841940000000000022e-01
2.838289999999999980e-01
2.850460000000000216e-01
2.858809999999999962e-01
2.881119999999999792e-01
2.879630000000000245e-01
2.853040000000000020e-01
2.791950000000000265e-01
2.686049999999999827e-01
2.458239999999999870e-01
2.159339999999999871e-01
1.868170000000000108e-01
1.581430000000000058e-01
1.277040000000000119e-01
9.683519999999999628e-02
7.268189999999999373e-02
4.815420000000000117e-02
1.602369999999999836e-02
-5.005749999999999783e-03
-4.198489999999999861e-02
-8.741909999999999958e-02
-1.236030000000000045e-01
-1.561690000000000023e-01
-1.792320000000000024e-01
-1.938950000000000118e-01
-1.998399999999999899e-01
-1.983260000000000023e-01
-1.935570000000000068e-01
-1.863819999999999921e-01
-1.842249999999999999e-01
-1.878529999999999922e-01
-1.945840000000000070e-01
-1.977770000000000084e-01
-1.999029999999999974e-01
-1.983119999999999883e-01
-1.936599999999999988e-01
-1.841379999999999961e-01
-1.652369999999999950e-01
-1.147669999999999940e-01
-5.225060000000000121e-02
6.219729999999999703e-03
4.387800000000000034e-02
6.226050000000000334e-02
6.905730000000000202e-02
6.890789999999999416e-02
6.693209999999999438e-02
6.112940000000000040e-02
5.465620000000000200e-02
4.750100000000000156e-02
4.137040000000000162e-02
3.453690000000000232e-02
2.461529999999999968e-02
1.038170000000000065e-02
-9.619370000000000351e-03
-3.487919999999999909e-02
-5.806970000000000187e-02
-8.282599999999999685e-02
-1.033489999999999964e-01
-1.176409999999999956e-01
-1.280270000000000019e-01
-1.352250000000000119e-01
-1.410099999999999965e-01
-1.449729999999999908e-01
-1.477469999999999895e-01
-1.487529999999999963e-01
-1.521329999999999905e-01
-1.557540000000000036e-01
-1.595979999999999899e-01
-1.622979999999999978e-01
-1.665490000000000026e-01
-1.708389999999999909e-01
-1.770879999999999954e-01
-1.825539999999999941e-01
-1.860370000000000079e-01
-1.624039999999999928e-01
-1.205490000000000034e-01
-7.806219999999999826e-02
-4.066600000000000076e-02
2.930809999999999839e-03
3.843400000000000288e-02
6.201349999999999918e-02
7.424709999999999643e-02
8.285430000000000572e-02
9.192190000000000083e-02
9.972780000000000533e-02
1.051699999999999996e-01
1.085679999999999978e-01
1.038209999999999966e-01
9.385309999999999486e-02
8.439760000000000317e-02
8.113040000000000529e-02
8.510360000000000147e-02
8.734069999999999334e-02
7.083920000000000494e-02
5.070840000000000070e-02
8.028369999999999951e-03
-3.602099999999999747e-02
-8.006439999999999391e-02
-1.172030000000000016e-01
-1.427769999999999873e-01
-1.603030000000000010e-01
-1.755770000000000108e-01
-1.815549999999999942e-01
-1.764560000000000017e-01
-1.622309999999999863e-01
-1.380790000000000073e-01
-1.142859999999999987e-01
-9.042619999999999825e-02
-7.413480000000000070e-02
-6.974170000000000369e-02
-7.632239999999999858e-02
-9.246200000000000252e-02
-1.108200000000000018e-01
-1.184759999999999980e-01
-1.202300000000000035e-01
-1.093279999999999946e-01
-9.236600000000000366e-02
-5.670920000000000127e-02
-1.536290000000000051e-02
1.796709999999999974e-02
4.234129999999999838e-02
5.572400000000000270e-02
6.245869999999999894e-02
6.407599999999999407e-02
6.423130000000000506e-02
6.544569999999999554e-02
6.774750000000000216e-02
7.150389999999999524e-02
7.693490000000000051e-02
8.461409999999999765e-02
9.580950000000000577e-02
1.112619999999999998e-01
1.288980000000000126e-01
1.428919999999999912e-01
1.497709999999999875e-01
1.427720000000000100e-01
1.316549999999999943e-01
1.225920000000000065e-01
1.164199999999999957e-01
1.162190000000000029e-01
1.196279999999999982e-01
1.234979999999999967e-01
1.209279999999999938e-01
9.494859999999999411e-02
5.751860000000000306e-02
2.091310000000000044e-02
-2.279079999999999995e-02
-5.791099999999999720e-02
-8.960269999999999346e-02
-1.158880000000000049e-01
-1.335060000000000136e-01
-1.446999999999999953e-01
-1.472660000000000080e-01
-1.417180000000000106e-01
-1.155049999999999966e-01
-6.563589999999999702e-02
-2.365849999999999898e-02
3.340670000000000011e-03
2.150869999999999865e-02
3.754559999999999842e-02
5.116579999999999739e-02
6.103619999999999879e-02
6.615959999999999896e-02
6.783530000000000115e-02
6.920170000000000488e-02
6.831510000000000360e-02
6.122530000000000333e-02
4.996180000000000065e-02
3.861760000000000193e-02
3.530609999999999998e-02
4.016249999999999681e-02
4.955470000000000014e-02
6.266510000000000136e-02
7.006909999999999528e-02
6.768259999999999554e-02
5.833390000000000103e-02
4.092780000000000029e-02
2.064320000000000044e-02
8.985529999999999603e-04
-1.874670000000000156e-02
-3.111670000000000061e-02
-3.636899999999999855e-02
-3.809080000000000105e-02
-3.582060000000000105e-02
-3.202760000000000329e-02
-2.786579999999999960e-02
-2.131579999999999933e-02
-9.380329999999999224e-03
9.346890000000000059e-03
2.736030000000000059e-02
4.625220000000000026e-02
6.218769999999999853e-02
7.234939999999999427e-02
7.781029999999999891e-02
7.974069999999999769e-02
7.844460000000000321e-02
7.235750000000000515e-02
6.372940000000000549e-02
4.275679999999999759e-02
1.603790000000000077e-02
-9.877610000000000209e-03
-3.435450000000000309e-02
-5.943129999999999941e-02
-7.235890000000000377e-02
-7.392469999999999597e-02
-6.845969999999999833e-02
-4.996219999999999828e-02
-2.532270000000000007e-02
-3.924699999999999717e-03
1.911929999999999880e-02
3.398199999999999832e-02
3.976199999999999873e-02
4.250899999999999818e-02
4.207500000000000129e-02
4.035960000000000242e-02
3.604179999999999884e-02
3.149350000000000066e-02
2.780919999999999920e-02
2.692390000000000061e-02
2.877029999999999865e-02
3.179549999999999738e-02
3.872810000000000141e-02
4.586640000000000161e-02
5.451729999999999771e-02
6.229830000000000090e-02
6.737490000000000145e-02
7.185729999999999895e-02
7.458180000000000365e-02
7.529109999999999969e-02
7.383439999999999448e-02
6.926809999999999912e-02
5.923849999999999949e-02
4.390890000000000071e-02
2.489250000000000143e-02
5.998540000000000122e-03
-8.166359999999999245e-03
-1.418280000000000061e-02
-1.658549999999999955e-02
-1.315209999999999990e-02
-4.945240000000000052e-03
4.090279999999999958e-03
1.551579999999999973e-02
2.715269999999999836e-02
3.376950000000000091e-02
3.649410000000000154e-02
3.489760000000000084e-02
2.671029999999999932e-02
9.808559999999999154e-03
-9.604599999999999596e-03
-2.788819999999999841e-02
-4.653609999999999691e-02
-6.311410000000000631e-02
-7.221710000000000629e-02
-7.497560000000000335e-02
-7.483420000000000349e-02
-7.136069999999999913e-02
-6.475880000000000525e-02
-5.895999999999999852e-02
-5.198579999999999868e-02
-4.594020000000000048e-02
-4.437499999999999778e-02
-4.733980000000000132e-02
-5.322369999999999879e-02
-6.094759999999999761e-02
-6.955290000000000084e-02
-7.668519999999999504e-02
-8.010960000000000303e-02
-8.229269999999999641e-02
-8.479820000000000413e-02
-8.565240000000000353e-02
-8.691309999999999314e-02
-8.742500000000000271e-02
-8.506249999999999922e-02
-8.052969999999999573e-02
-6.849239999999999495e-02
-4.526510000000000256e-02
-2.268939999999999846e-02
-4.632670000000000082e-04
1.837739999999999860e-02
2.572079999999999853e-02
2.858780000000000002e-02
2.759150000000000144e-02
2.458530000000000090e-02
2.321950000000000056e-02
2.358139999999999889e-02
2.574169999999999930e-02
2.875049999999999828e-02
3.201539999999999941e-02
3.937680000000000347e-02
4.828369999999999884e-02
5.503510000000000346e-02
5.718089999999999978e-02
5.232350000000000195e-02
3.695339999999999736e-02
1.793499999999999955e-02
2.944789999999999973e-04
-1.022020000000000046e-02
-1.629579999999999917e-02
-2.343920000000000031e-02
-3.169679999999999720e-02
-4.367879999999999679e-02
-5.763080000000000286e-02
-7.187989999999999657e-02
-8.435259999999999980e-02
-9.324699999999999656e-02
-9.956929999999999947e-02
-1.044400000000000051e-01
-1.058410000000000045e-01
-1.043410000000000032e-01
-1.002650000000000069e-01
-9.128010000000000290e-02
-7.887760000000000604e-02
-6.564380000000000215e-02
-5.433230000000000004e-02
-4.573189999999999894e-02
-3.842410000000000270e-02
-3.443059999999999871e-02
-3.109019999999999839e-02
-2.750680000000000139e-02
-2.241490000000000149e-02
-1.568129999999999871e-02
-5.965510000000000257e-03
4.925780000000000262e-03
1.441599999999999999e-02
2.328639999999999877e-02
3.540390000000000204e-02
5.144189999999999874e-02
6.598089999999999511e-02
7.657690000000000330e-02
8.863020000000000620e-02
9.840720000000000023e-02
1.055520000000000069e-01
1.093790000000000040e-01
1.101379999999999998e-01
1.074579999999999980e-01
9.963370000000000559e-02
8.533119999999999594e-02
6.488789999999999836e-02
4.363550000000000068e-02
2.288739999999999872e-02
2.436859999999999894e-03
-1.768180000000000099e-02
-3.315739999999999660e-02
-4.331270000000000259e-02
-4.986779999999999685e-02
-5.219800000000000134e-02
-5.154809999999999948e-02
-4.604409999999999753e-02
-3.610010000000000302e-02
-1.927639999999999909e-02
-1.253959999999999927e-03
1.280749999999999944e-02
1.921849999999999947e-02
2.098710000000000159e-02
1.879940000000000083e-02
1.516340000000000049e-02
1.168059999999999932e-02
7.662500000000000040e-03
3.441189999999999787e-03
2.966630000000000157e-04
-2.129619999999999983e-04
2.998289999999999809e-03
1.086480000000000085e-02
2.211679999999999896e-02
3.183190000000000325e-02
3.645299999999999929e-02
3.857689999999999730e-02
3.971979999999999955e-02
3.919220000000000342e-02
3.652910000000000185e-02
3.069099999999999953e-02
2.249479999999999882e-02
1.342490000000000003e-02
4.188850000000000039e-03
-3.497160000000000026e-03
-7.904100000000000709e-03
-7.524000000000000306e-03
6.370699999999999974e-04
2.065900000000000028e-02
4.277940000000000215e-02
5.866760000000000030e-02
6.770740000000000092e-02
7.352630000000000277e-02
7.567590000000000428e-02
7.297639999999999683e-02
6.681710000000000427e-02
5.488919999999999910e-02
4.099900000000000072e-02
2.997800000000000117e-02
2.524370000000000086e-02
2.436570000000000055e-02
2.437430000000000152e-02
2.646089999999999900e-02
2.955349999999999991e-02
3.185360000000000275e-02
3.330530000000000296e-02
3.187709999999999849e-02
2.850559999999999899e-02
2.504610000000000170e-02
2.189030000000000142e-02
1.880120000000000055e-02
1.596430000000000071e-02
1.600439999999999849e-02
1.702180000000000012e-02
1.824829999999999855e-02
1.662960000000000133e-02
1.286179999999999962e-02
7.410820000000000254e-03
2.220779999999999890e-03
-1.598770000000000009e-03
-5.054669999999999823e-03
-7.927039999999999781e-03
-1.074609999999999975e-02
-1.367039999999999922e-02
-1.689409999999999870e-02
-1.857829999999999898e-02
-1.881129999999999955e-02
-1.926809999999999981e-02
-1.898040000000000144e-02
-1.872640000000000068e-02
-1.744899999999999923e-02
-1.585430000000000172e-02
-1.552629999999999982e-02
-1.628260000000000124e-02
-1.877850000000000005e-02
-2.393079999999999860e-02
-3.019269999999999940e-02
-3.545340000000000297e-02
-3.765749999999999653e-02
-3.792369999999999769e-02
-3.603159999999999696e-02
-3.290280000000000288e-02
-2.949879999999999863e-02
-2.639189999999999939e-02
-2.465039999999999940e-02
-2.298940000000000011e-02
-2.054759999999999920e-02
-1.636750000000000010e-02
-9.095360000000000250e-03
8.040729999999999839e-04
1.150050000000000031e-02
2.344109999999999944e-02
3.420360000000000067e-02
4.260769999999999835e-02
4.766809999999999797e-02
4.979870000000000130e-02
4.845529999999999976e-02
4.421610000000000124e-02
3.849810000000000038e-02
3.300039999999999918e-02
2.613700000000000051e-02
1.874589999999999937e-02
1.348560000000000036e-02
1.146849999999999953e-02
1.433889999999999991e-02
2.091490000000000016e-02
2.801359999999999961e-02
3.311700000000000060e-02
3.599759999999999766e-02
3.690960000000000074e-02
3.501379999999999770e-02
3.197860000000000286e-02
2.843619999999999828e-02
2.397979999999999903e-02
1.897149999999999878e-02
1.475940000000000064e-02
1.021150000000000009e-02
5.604930000000000155e-03
-6.797459999999999798e-05
-6.379629999999999850e-03
-1.181049999999999982e-02
-1.438060000000000033e-02
-1.494559999999999986e-02
-1.596440000000000012e-02
-1.641199999999999951e-02
-1.778369999999999951e-02
-2.049590000000000092e-02
-2.242509999999999989e-02
-2.558269999999999988e-02
-2.907140000000000071e-02
-3.402550000000000019e-02
-4.102469999999999728e-02
-4.683559999999999807e-02
-5.129589999999999844e-02
-5.542190000000000311e-02
-5.576749999999999763e-02
-5.483790000000000192e-02
-5.046049999999999841e-02
-4.410619999999999818e-02
-3.664039999999999658e-02
-3.069840000000000069e-02
-2.626689999999999928e-02
-2.269349999999999840e-02
-2.015350000000000127e-02
-1.952600000000000169e-02
-1.998580000000000148e-02
-1.942489999999999842e-02
-1.896230000000000138e-02
-1.817689999999999931e-02
-1.720220000000000082e-02
-1.715300000000000158e-02
-1.806030000000000135e-02
-1.835559999999999969e-02
-1.862269999999999898e-02
-1.847000000000000031e-02
-1.758759999999999837e-02
-1.707360000000000128e-02
-1.582110000000000113e-02
-1.440139999999999997e-02
-1.286829999999999918e-02
-1.229099999999999984e-02
-1.181880000000000083e-02
-9.711330000000000656e-03
-8.390649999999999498e-03
-6.529079999999999606e-03
-4.587830000000000207e-03
-2.758860000000000132e-03
-4.062679999999999937e-04
3.374310000000000156e-03
6.760940000000000005e-03
9.345090000000000341e-03
1.205649999999999951e-02
1.308239999999999924e-02
1.280899999999999921e-02
1.259039999999999986e-02
1.037949999999999984e-02
7.160930000000000246e-03
1.656029999999999959e-03
-3.459620000000000056e-03
-6.659690000000000228e-03
-8.042439999999999659e-03
-6.228049999999999732e-03
-2.132690000000000074e-04
7.767590000000000432e-03
1.640470000000000123e-02
2.270809999999999843e-02
2.554500000000000173e-02
2.602060000000000137e-02
2.436790000000000136e-02
2.149080000000000087e-02
1.741639999999999855e-02
1.386159999999999996e-02
1.162260000000000029e-02
9.882939999999999781e-03
8.690420000000000783e-03
7.073750000000000177e-03
5.417739999999999882e-03
4.163919999999999774e-03
2.889060000000000152e-03
1.543770000000000081e-03
-1.204329999999999984e-03
-3.353329999999999853e-03
-4.130759999999999814e-03
-1.856449999999999941e-03
2.023399999999999851e-03
8.868680000000000313e-03
1.585900000000000157e-02
2.222750000000000073e-02
2.782659999999999995e-02
3.329030000000000183e-02
3.760190000000000060e-02
3.844340000000000257e-02
3.872509999999999841e-02
3.735589999999999744e-02
3.525670000000000193e-02
3.154490000000000072e-02
2.899519999999999875e-02
2.666589999999999933e-02
2.666260000000000158e-02
2.973490000000000161e-02
3.354420000000000318e-02
3.973279999999999867e-02
4.720160000000000328e-02
5.187060000000000282e-02
5.349550000000000138e-02
5.182160000000000238e-02
4.693859999999999699e-02
3.943680000000000102e-02
2.922929999999999973e-02
1.712989999999999999e-02
6.418769999999999858e-03
-5.222680000000000378e-03
-1.947530000000000094e-02
-3.141279999999999767e-02
-4.058189999999999714e-02
-4.761279999999999679e-02
-5.128239999999999882e-02
-5.202049999999999730e-02
-5.028280000000000249e-02
-4.659069999999999878e-02
-4.190159999999999718e-02
-3.771340000000000109e-02
-3.158470000000000028e-02
-2.567320000000000019e-02
-2.203950000000000006e-02
-1.854300000000000045e-02
-1.620910000000000059e-02
-1.428369999999999987e-02
-1.184669999999999994e-02
-8.765459999999999224e-03
-7.843170000000000003e-03
-6.473819999999999922e-03
-4.109329999999999580e-03
-2.241159999999999854e-03
6.114539999999999906e-04
4.518399999999999674e-03
7.037909999999999652e-03
9.878750000000000378e-03
1.162009999999999953e-02
9.755849999999999939e-03
3.058350000000000044e-03
-5.622620000000000048e-03
-1.755160000000000053e-02
-2.730930000000000163e-02
-3.376730000000000009e-02
-3.592170000000000085e-02
-3.313880000000000298e-02
-2.627639999999999837e-02
-1.559400000000000022e-02
-5.095790000000000215e-03
2.093230000000000177e-03
6.320560000000000241e-03
6.013310000000000009e-03
1.105869999999999900e-03
-5.947850000000000185e-03
-1.284760000000000069e-02
-1.945900000000000060e-02
-2.429140000000000119e-02
-2.710339999999999971e-02
-2.840430000000000038e-02
-2.891169999999999851e-02
-2.863409999999999914e-02
-2.883169999999999830e-02
-2.856109999999999899e-02
-2.813099999999999976e-02
-2.693929999999999936e-02
-2.465639999999999846e-02
-1.937480000000000105e-02
-1.275120000000000073e-02
-4.806480000000000127e-03
2.407020000000000166e-03
8.368550000000000641e-03
1.241450000000000019e-02
1.447269999999999980e-02
1.509049999999999975e-02
1.543220000000000008e-02
1.690799999999999942e-02
1.737170000000000034e-02
1.837599999999999997e-02
1.950179999999999969e-02
1.852650000000000130e-02
1.643910000000000163e-02
1.319689999999999926e-02
1.108810000000000004e-02
7.880959999999999355e-03
5.703709999999999856e-03
5.224780000000000049e-03
5.097820000000000303e-03
4.263519999999999810e-03
3.330529999999999949e-03
1.732529999999999921e-03
6.167730000000000391e-04
6.724829999999999783e-04
7.419879999999999575e-04
-8.209730000000000152e-04
-2.376699999999999820e-03
-4.496459999999999867e-03
-6.629819999999999811e-03
-8.135210000000000358e-03
-9.272610000000000574e-03
-8.965239999999999321e-03
-8.652419999999999209e-03
-5.998169999999999717e-03
-3.079909999999999939e-03
-1.265400000000000075e-03
2.444540000000000146e-04
2.279530000000000044e-04
6.614149999999999684e-05
-1.154440000000000067e-03
-3.030960000000000078e-03
-4.591940000000000084e-03
-5.497939999999999772e-03
-4.423490000000000408e-03
-1.179900000000000003e-03
3.403180000000000007e-03
8.032650000000000554e-03
1.183960000000000047e-02
1.309390000000000033e-02
1.346860000000000071e-02
1.239840000000000039e-02
9.680779999999999941e-03
7.251439999999999622e-03
6.172669999999999893e-03
5.820020000000000401e-03
6.459089999999999797e-03
8.221420000000000117e-03
1.003639999999999914e-02
1.252589999999999953e-02
1.630509999999999945e-02
2.165589999999999876e-02
2.772169999999999843e-02
3.283470000000000139e-02
3.737010000000000332e-02
4.087389999999999773e-02
4.171330000000000177e-02
3.900080000000000213e-02
3.322030000000000122e-02
2.388219999999999926e-02
1.538649999999999914e-02
8.528259999999999313e-03
4.463489999999999645e-03
1.904700000000000056e-03
-5.325630000000000034e-04
-3.552410000000000203e-03
-7.291119999999999893e-03
-1.064099999999999942e-02
-1.208610000000000066e-02
-1.198620000000000067e-02
-9.333779999999999855e-03
-3.478179999999999987e-03
2.002240000000000183e-03
6.573240000000000159e-03
9.944220000000000143e-03
1.131949999999999970e-02
9.937949999999999215e-03
8.553440000000000695e-03
8.705360000000000528e-03
8.235040000000000762e-03
9.338870000000000851e-03
1.025410000000000037e-02
1.037800000000000007e-02
9.586519999999999417e-03
6.075180000000000337e-03
5.645659999999999611e-04
-4.985060000000000359e-03
-1.142750000000000016e-02
-1.623899999999999996e-02
-2.033679999999999863e-02
-2.368340000000000029e-02
-2.623450000000000087e-02
-2.765899999999999956e-02
-2.890370000000000092e-02
-2.781439999999999954e-02
-2.581550000000000164e-02
-2.343220000000000025e-02
-2.153450000000000156e-02
-2.007259999999999947e-02
-2.047699999999999868e-02
-2.210459999999999856e-02
-2.502719999999999945e-02
-2.858439999999999939e-02
-3.318909999999999916e-02
-3.809049999999999936e-02
-4.234249999999999819e-02
-4.563330000000000164e-02
-4.774280000000000190e-02
-4.867260000000000336e-02
-4.689349999999999768e-02
-4.164269999999999777e-02
-3.305799999999999711e-02
-2.041640000000000121e-02
-7.877969999999999764e-03
2.804000000000000069e-03
1.032349999999999934e-02
1.381879999999999914e-02
1.502649999999999993e-02
1.433070000000000004e-02
1.176860000000000059e-02
7.239859999999999872e-03
2.271159999999999932e-03
-3.770799999999999933e-03
-8.577049999999999258e-03
-1.247269999999999976e-02
-1.308229999999999983e-02
-1.282630000000000055e-02
-1.200889999999999944e-02
-1.008429999999999917e-02
-7.174319999999999656e-03
-3.709780000000000195e-03
-1.884660000000000011e-05
3.866150000000000055e-03
8.659329999999999805e-03
1.340069999999999976e-02
1.690030000000000004e-02
1.838570000000000135e-02
1.841920000000000016e-02
1.687709999999999905e-02
1.606080000000000008e-02
1.554159999999999917e-02
1.533510000000000081e-02
1.426140000000000047e-02
1.203760000000000073e-02
8.758200000000000707e-03
5.116220000000000316e-03
2.628660000000000111e-03
7.310510000000000315e-04
1.486169999999999982e-03
3.176360000000000034e-03
5.436940000000000349e-03
9.020510000000000680e-03
1.210890000000000057e-02
1.431170000000000012e-02
1.640310000000000032e-02
1.804199999999999901e-02
1.800919999999999951e-02
1.762319999999999859e-02
1.737910000000000149e-02
1.774109999999999923e-02
2.012200000000000100e-02
2.365570000000000173e-02
2.757549999999999932e-02
3.119600000000000151e-02
3.384469999999999840e-02
3.650500000000000272e-02
3.732180000000000220e-02
3.676829999999999682e-02
3.549279999999999796e-02
3.255949999999999817e-02
2.707400000000000084e-02
2.101669999999999927e-02
1.296130000000000025e-02
5.215889999999999936e-03
-8.709329999999999503e-04
-4.935949999999999713e-03
-4.313370000000000398e-03
-9.061779999999999965e-04
4.501830000000000068e-03
1.034909999999999997e-02
1.523949999999999957e-02
1.874800000000000078e-02
2.062690000000000010e-02
2.057909999999999948e-02
1.938109999999999833e-02
1.567259999999999834e-02
1.118309999999999964e-02
6.390889999999999765e-03
1.419200000000000019e-03
-2.854049999999999903e-03
-6.501780000000000406e-03
-8.927229999999999541e-03
-9.406909999999999231e-03
-1.114279999999999958e-02
-1.153999999999999991e-02
-1.184980000000000061e-02
-1.233560000000000038e-02
-1.317250000000000018e-02
-1.294410000000000005e-02
-1.393190000000000053e-02
-1.472189999999999957e-02
-1.448269999999999939e-02
-1.422780000000000052e-02
-1.432420000000000047e-02
-1.314590000000000029e-02
-1.161399999999999932e-02
-1.150840000000000023e-02
-1.084189999999999980e-02
-9.789549999999999294e-03
-8.979410000000000169e-03
-9.221570000000000114e-03
-1.095630000000000041e-02
-1.310180000000000025e-02
-1.715739999999999973e-02
-2.092089999999999922e-02
-2.480160000000000003e-02
-2.756959999999999966e-02
-2.755039999999999920e-02
-2.535120000000000082e-02
-1.942570000000000061e-02
-1.212219999999999964e-02
-4.857229999999999707e-03
6.805980000000000319e-04
6.339280000000000088e-03
1.155750000000000006e-02
1.655950000000000130e-02
2.080320000000000086e-02
2.420189999999999841e-02
2.514620000000000050e-02
2.393170000000000019e-02
2.076079999999999939e-02
1.450010000000000014e-02
8.046080000000000593e-03
2.855859999999999996e-03
-2.059699999999999812e-03
-5.282410000000000404e-03
-7.724990000000000155e-03
-8.742230000000000140e-03
-1.046350000000000058e-02
-1.082259999999999993e-02
-1.197269999999999932e-02
-1.423149999999999936e-02
-1.652309999999999890e-02
-1.982319999999999915e-02
-2.355350000000000152e-02
-2.750779999999999892e-02
-3.191669999999999924e-02
-3.382700000000000290e-02
-3.432829999999999909e-02
-3.351309999999999706e-02
-3.081410000000000052e-02
-2.534029999999999963e-02
-2.023799999999999905e-02
-1.371110000000000037e-02
-6.323610000000000342e-03
8.039269999999999619e-04
7.821609999999999674e-03
1.413009999999999960e-02
1.798840000000000161e-02
1.921350000000000141e-02
1.892280000000000004e-02
1.480579999999999917e-02
9.436850000000000099e-03
4.239549999999999916e-03
6.313970000000000129e-04
-2.592899999999999979e-03
-3.423740000000000203e-03
-2.852490000000000060e-04
5.217000000000000283e-03
1.283950000000000022e-02
2.023679999999999923e-02
2.489560000000000037e-02
2.712739999999999943e-02
2.675369999999999832e-02
2.377369999999999831e-02
1.910639999999999908e-02
1.373169999999999946e-02
9.146269999999999747e-03
5.394170000000000215e-03
3.039019999999999916e-03
1.660140000000000053e-03
2.805460000000000072e-03
5.318830000000000086e-03
8.429459999999999731e-03
1.144739999999999994e-02
1.453879999999999929e-02
1.700399999999999828e-02
1.964000000000000121e-02
1.984709999999999946e-02
1.734099999999999878e-02
1.298700000000000028e-02
5.418110000000000287e-03
-4.649969999999999798e-03
-1.497150000000000043e-02
-2.261739999999999931e-02
-2.787769999999999831e-02
-3.129730000000000012e-02
-3.226649999999999657e-02
-2.991210000000000049e-02
-2.712099999999999927e-02
-2.342450000000000088e-02
-1.946639999999999829e-02
-1.578680000000000014e-02
-1.260909999999999982e-02
-9.381789999999999227e-03
-6.562130000000000220e-03
-6.965999999999999970e-03
-1.025719999999999930e-02
-1.539809999999999963e-02
-2.197220000000000076e-02
-2.797399999999999887e-02
-3.239659999999999762e-02
-3.472929999999999767e-02
-3.518389999999999712e-02
-3.454759999999999776e-02
-3.179440000000000044e-02
-2.635300000000000142e-02
-2.143079999999999985e-02
-1.655080000000000093e-02
-1.425240000000000014e-02
-1.422430000000000049e-02
-1.536810000000000086e-02
-1.595960000000000087e-02
-1.738409999999999955e-02
-1.749179999999999832e-02
-1.499699999999999991e-02
-1.225290000000000060e-02
-8.641760000000000067e-03
-3.730639999999999911e-03
1.378029999999999923e-03
5.726069999999999771e-03
9.396379999999999316e-03
1.222340000000000058e-02
1.345849999999999998e-02
1.236310000000000013e-02
9.218820000000000833e-03
6.268379999999999612e-03
3.132939999999999857e-03
4.021070000000000178e-04
-1.632470000000000015e-03
-1.903350000000000051e-03
-2.925699999999999829e-03
-4.973349999999999646e-03
-5.443210000000000409e-03
-4.634730000000000100e-03
-1.528379999999999973e-03
2.075899999999999881e-03
4.876499999999999758e-03
6.856059999999999759e-03
8.230480000000000088e-03
9.405900000000000025e-03
9.762820000000000178e-03
9.811179999999999207e-03
8.797289999999999277e-03
7.770069999999999581e-03
6.490189999999999848e-03
6.345980000000000197e-03
6.430540000000000214e-03
8.809259999999999313e-03
1.139139999999999944e-02
1.413780000000000071e-02
1.684110000000000121e-02
1.897410000000000069e-02
1.919480000000000144e-02
1.822479999999999933e-02
1.607420000000000029e-02
1.208060000000000037e-02
6.049660000000000107e-03
-5.806540000000000009e-04
-6.578020000000000395e-03
-1.238520000000000072e-02
-1.637059999999999904e-02
-2.004219999999999960e-02
-2.148030000000000078e-02
-2.266309999999999852e-02
-2.171520000000000047e-02
-1.966419999999999974e-02
-1.756270000000000053e-02
-1.692110000000000142e-02
-1.525499999999999946e-02
-1.408670000000000061e-02
-1.570279999999999940e-02
-1.589820000000000122e-02
-1.634040000000000145e-02
-1.634060000000000026e-02
-1.388960000000000021e-02
-1.100119999999999917e-02
-6.551659999999999949e-03
-2.067170000000000064e-04
6.248909999999999881e-03
1.276380000000000049e-02
1.729369999999999866e-02
1.957419999999999993e-02
1.970680000000000001e-02
1.910090000000000052e-02
1.887089999999999948e-02
1.899930000000000022e-02
1.874419999999999906e-02
1.909740000000000049e-02
1.935869999999999952e-02
1.948189999999999991e-02
1.903809999999999877e-02
1.716250000000000067e-02
1.626150000000000165e-02
1.668460000000000082e-02
1.799840000000000120e-02
1.897969999999999866e-02
1.947449999999999876e-02
1.875009999999999871e-02
1.752259999999999929e-02
1.604569999999999955e-02
1.396569999999999930e-02
1.126459999999999961e-02
8.283969999999999875e-03
5.613929999999999615e-03
3.051359999999999923e-03
1.113119999999999995e-03
-1.788590000000000058e-03
-2.882469999999999824e-03
-1.648219999999999937e-03
-3.268069999999999764e-04
1.255180000000000054e-03
3.342669999999999843e-03
5.942410000000000400e-03
6.969079999999999893e-03
8.030360000000000276e-03
8.693799999999999792e-03
8.129890000000000727e-03
6.419799999999999812e-03
3.552630000000000197e-03
8.806929999999999923e-04
-1.927930000000000008e-03
-4.833709999999999743e-03
-6.804029999999999974e-03
-8.085909999999999972e-03
-8.059580000000000216e-03
-8.070340000000000499e-03
-9.595170000000000088e-03
-1.220650000000000034e-02
-1.438880000000000020e-02
-1.666350000000000123e-02
-1.787899999999999906e-02
-1.823630000000000043e-02
-1.813299999999999981e-02
-1.637490000000000126e-02
-1.382949999999999978e-02
-1.086160000000000077e-02
-7.709749999999999590e-03
-5.074740000000000327e-03
-3.792610000000000078e-03
-2.310599999999999894e-03
-1.379989999999999993e-03
-1.681460000000000073e-03
-9.241880000000000494e-04
6.204539999999999925e-04
2.599460000000000052e-03
6.612899999999999681e-03
1.078319999999999973e-02
1.529660000000000047e-02
2.016700000000000090e-02
2.379480000000000137e-02
2.654470000000000093e-02
2.839370000000000088e-02
2.902420000000000000e-02
2.824039999999999884e-02
2.663760000000000086e-02
2.383149999999999852e-02
1.896760000000000113e-02
1.485069999999999966e-02
1.010289999999999973e-02
5.317520000000000059e-03
2.785259999999999906e-03
1.612139999999999971e-03
1.470500000000000019e-03
2.087530000000000201e-03
3.482709999999999972e-03
3.349759999999999804e-03
2.836739999999999921e-03
2.020979999999999912e-03
9.042670000000000482e-04
1.193299999999999976e-04
-4.497149999999999997e-04
-4.821569999999999849e-04
-4.960179999999999798e-04
-7.263610000000000205e-04
-1.054489999999999941e-03
-1.542559999999999895e-03
-2.779859999999999883e-03
-3.884869999999999903e-03
-5.049760000000000359e-03
-4.566530000000000068e-03
-2.497319999999999922e-03
-2.778570000000000063e-04
1.804559999999999975e-03
4.479590000000000308e-03
6.097189999999999728e-03
6.762759999999999605e-03
6.412540000000000427e-03
6.038439999999999953e-03
4.321440000000000177e-03
2.599979999999999999e-03
9.939809999999999011e-04
-1.525029999999999919e-03
-4.837740000000000096e-03
-7.040870000000000288e-03
-8.858380000000000767e-03
-1.035289999999999995e-02
-1.204449999999999965e-02
-1.301839999999999942e-02
-1.335440000000000065e-02
-1.324200000000000030e-02
-1.184059999999999974e-02
-1.038829999999999962e-02
-8.744170000000000761e-03
-6.889270000000000289e-03
-5.359130000000000144e-03
-3.872720000000000069e-03
-1.821410000000000086e-03
2.284169999999999918e-04
7.326099999999999670e-04
8.678560000000000473e-05
-9.305119999999999841e-04
-3.061279999999999991e-03
-6.348829999999999751e-03
-8.693630000000000801e-03
-9.842389999999999473e-03
-9.897730000000000417e-03
-9.740729999999999528e-03
-8.474620000000000417e-03
-6.505790000000000010e-03
-4.037780000000000362e-03
-1.171830000000000007e-03
2.051540000000000134e-03
5.671769999999999590e-03
8.166970000000000826e-03
9.590029999999999388e-03
1.036040000000000051e-02
9.905330000000000384e-03
9.224660000000000845e-03
8.924329999999999416e-03
8.665590000000000792e-03
8.083440000000000764e-03
6.817550000000000346e-03
5.509830000000000283e-03
4.453109999999999707e-03
3.647969999999999945e-03
3.380989999999999950e-03
3.427910000000000158e-03
3.605660000000000115e-03
3.470870000000000032e-03
3.427610000000000205e-03
2.715799999999999985e-03
1.661909999999999950e-03
5.701490000000000464e-04
-2.922479999999999978e-04
-9.276739999999999682e-04
-1.259700000000000099e-03
-1.309840000000000049e-03
-1.127009999999999904e-03
-5.122430000000000082e-04
7.892570000000000228e-05
7.342530000000000324e-04
1.326619999999999926e-03
1.740180000000000025e-03
2.032149999999999929e-03
2.278490000000000203e-03
2.289610000000000083e-03
2.230999999999999910e-03
1.949900000000000071e-03
1.610670000000000027e-03
1.315470000000000007e-03
1.024930000000000068e-03
9.140980000000000156e-04
1.030069999999999901e-03
1.138820000000000023e-03
1.270810000000000039e-03
1.349579999999999964e-03
1.349289999999999951e-03
1.298789999999999971e-03
1.257129999999999966e-03
1.133729999999999894e-03
9.927889999999999979e-04
8.646689999999999845e-04
7.146709999999999478e-04
5.253869999999999894e-04
2.931829999999999744e-04
8.490879999999999587e-05
-1.202389999999999985e-04
-3.096880000000000206e-04
-4.805330000000000018e-04
-6.447140000000000076e-04
-8.113940000000000041e-04
-9.846650000000000194e-04
-1.142369999999999974e-03
-1.282979999999999971e-03
-1.408229999999999899e-03
-1.507510000000000100e-03
-1.596999999999999895e-03
-1.685910000000000099e-03
-1.769439999999999945e-03
-1.854720000000000023e-03
-1.935990000000000063e-03
-2.011039999999999963e-03
-2.085590000000000013e-03
-2.152030000000000089e-03
-2.211449999999999787e-03
-2.265490000000000212e-03
-2.312820000000000153e-03
-2.354569999999999840e-03
-2.388710000000000052e-03
-2.415619999999999833e-03
-2.436810000000000191e-03
-2.451379999999999965e-03
-2.460679999999999812e-03
-2.464749999999999927e-03
-2.463460000000000216e-03
-2.456999999999999983e-03
-2.445459999999999995e-03
-2.429150000000000146e-03
-2.408180000000000216e-03
-2.382920000000000177e-03
-2.353520000000000004e-03
-2.320210000000000067e-03
-2.283120000000000028e-03
-2.242399999999999862e-03
-2.198170000000000159e-03
-2.150490000000000127e-03
