5.000000000000000000e+00
6.200000000000000000e+01
6.500000000000000000e+01
7.400000000000000000e+01
7.600000000000000000e+01
2.390000000000000000e+02
2.430000000000000000e+02
3.280000000000000000e+02
3.430000000000000000e+02
4.060000000000000000e+02
4.120000000000000000e+02
4.520000000000000000e+02
4.580000000000000000e+02
5.930000000000000000e+02
6.750000000000000000e+02
7.330000000000000000e+02
9.000000000000000000e+02
1.056000000000000000e+03
1.291000000000000000e+03
1.741000000000000000e+03
1.820000000000000000e+03
1.980000000000000000e+03
