5.164570000000000549e-01
4.820019999999999860e-01
8.224289999999999656e-01
3.367689999999999850e-01
3.511190000000000144e-01
3.795789999999999997e-01
5.027490000000000014e-01
2.119159999999999933e-01
3.447200000000000264e-01
3.578760000000000274e-01
1.499000000000000055e-01
1.515279999999999960e-01
4.168899999999999828e-01
2.840309999999999779e-01
4.432929999999999926e-01
3.673620000000000219e-01
1.773780000000000079e-01
4.963520000000000154e-01
2.583320000000000061e-01
3.002920000000000034e-01
2.108589999999999909e-01
5.489270000000000538e-01
4.401030000000000220e-01
5.120190000000000019e-01
7.116320000000000423e-01
1.686749999999999916e-01
1.741790000000000005e-01
3.148090000000000055e-01
6.221994100000000083e-02
1.051873499999999989e-01
1.250393900000000003e-01
4.370445500000000316e-02
9.095526199999999506e-02
1.887848799999999883e-01
1.961471999999999938e-01
1.543725499999999973e-01
6.800850699999999582e-02
4.827440699999999835e-02
6.808798600000000312e-02
2.816907100000000039e-02
5.771695799999999876e-02
5.238129200000000152e-01
3.727120999999999906e-01
6.259135900000000197e-01
1.466492299999999915e-01
2.856104799999999999e-01
5.526936099999999463e-01
1.090466400000000002e-01
3.714997600000000122e-01
6.904600400000000526e-01
