4.157830000000000137e-01
4.100409999999999888e-01
7.275810000000000333e-01
2.655799999999999828e-01
2.377589999999999981e-01
3.639780000000000237e-01
5.093379999999999574e-01
2.432330000000000048e-01
2.514469999999999761e-01
3.121280000000000165e-01
2.188360000000000027e-01
2.448029999999999928e-01
2.828249999999999931e-01
2.736970000000000236e-01
5.285189999999999610e-01
5.550239999999999618e-01
3.705399999999999805e-01
5.145619999999999639e-01
3.578549999999999787e-01
4.463260000000000005e-01
1.718379999999999908e-01
3.854199999999999848e-01
3.528870000000000062e-01
4.743519999999999959e-01
3.785120000000000151e-01
2.552409999999999957e-01
2.098760000000000070e-01
3.513290000000000024e-01
5.486855300000000046e-02
1.048211399999999932e-01
1.240217200000000020e-01
6.193111400000000238e-02
7.993964900000000151e-02
1.425861499999999948e-01
2.172600299999999929e-01
1.930081200000000052e-01
6.715293099999999904e-02
4.484335500000000141e-02
5.676369800000000132e-02
3.975746299999999983e-02
7.771800700000000561e-02
4.640825599999999773e-01
4.126389200000000201e-01
5.376884100000000055e-01
1.542473299999999881e-01
3.618298300000000189e-01
5.225941499999999795e-01
1.198003200000000018e-01
4.203655000000000030e-01
5.718262600000000306e-01
