6.276952351592554047e-01
4.491050207082489809e-01
6.210121171830771392e-01
4.174335589616775533e-01
3.300330637609785733e-01
4.214461499532991540e-01
3.662252853695591170e-01
2.789660730633614638e-01
2.766305851380041481e-01
4.640085515441563779e-01
3.956869464382883339e-01
2.970936371583000057e-01
4.234720905830536841e-01
4.305512395436399964e-01
2.921663281009410085e-01
4.466498457322620186e-01
2.911385043014085849e-01
5.208929511696003267e-01
4.086984531816898469e-01
3.278056655037601685e-01
3.101258761056447932e-01
4.187514995319600031e-01
1.150359600162482732e+00
3.907471731739877718e-01
4.915004322077033971e-01
6.229206673055002197e-01
1.484854304342400344e-01
3.079683674899199586e-01
9.361904504621379464e-02
2.695497587633133851e-01
1.704203229861512014e-01
8.109412186930170519e-02
4.712871566807192575e-02
1.519616557795041845e-01
3.060618046608062359e-01
3.183361382781999538e-01
1.128147304540474127e-01
8.383989084641359224e-02
1.490832274313111383e-01
3.148449262244683300e-02
2.367370112885734124e-01
2.050661069445623708e-01
8.911360251672750810e-01
6.861083104910201680e-01
2.807268467076001750e-01
1.992144132519466371e-01
3.062384058627437566e-01
4.081774728920194162e-02
3.847767095200403942e-01
3.061748240592064296e-01
