5.894778331644300318e-01
4.297295296737001502e-01
5.644404677724631503e-01
2.855726493332428340e-01
2.600090541672479549e-01
3.443646184668090471e-01
3.728814488327350518e-01
3.779497802958100006e-01
1.873654798194125948e-01
5.885286069298993894e-01
1.769456218084726196e-01
5.140820739049200006e-01
2.564772316853993761e-01
2.745557451862199461e-01
3.501415421819051299e-01
3.568440040566733251e-01
6.235323529374299234e-01
4.246797251466000733e-01
4.635976588774738949e-01
3.571074947881350270e-01
2.346921289517636122e-01
4.380507704502000221e-01
7.065297147955644785e-01
3.670014236717960565e-01
6.203436101637851419e-01
5.215576164989909058e-01
1.887376425384600376e-01
2.203652802769131835e-01
8.782714688881397558e-02
2.978451476888255289e-01
1.051340424400200313e-01
1.875233994422815798e-01
5.268431230343555149e-02
2.257339345739443059e-01
4.180848581360236405e-01
3.576917033293947057e-01
1.105120982376315564e-01
7.217734450306279026e-02
1.361716982461748104e-01
3.069455173165916428e-02
2.789452947762373625e-01
2.768758088563382236e-01
7.443746812145944913e-01
4.332828555102443135e-01
2.062105160823223537e-01
2.812459682746888401e-01
4.425474344551715289e-01
7.331310946892273528e-02
2.874329980267294471e-01
2.624771783361189992e-01
