1.629460782332470048e+00
1.309374788528500977e+00
1.793469182317726007e+00
8.387436430256748343e-01
1.253212796411367069e+00
1.284727042803434527e+00
1.057387351326902758e+00
9.741033560183804951e-01
7.309688983715425525e-01
2.003976868240573417e+00
4.145831766541759889e-01
1.412467841554359449e+00
7.096007840756120011e-01
9.317944030149096779e-01
1.166446912161528182e+00
7.973243583579679994e-01
2.038553067375481920e+00
1.285431263886552156e+00
1.202032925528477181e+00
1.022887638056642290e+00
8.841090822003401239e-01
9.561435031745986191e-01
2.663793721055683683e+00
9.174066220928415172e-01
1.210307293908639670e+00
1.766505447181616173e+00
9.531258508243684036e-01
4.977219104281446205e-01
4.283812328047726381e-01
1.290120641366955923e+00
3.654699146989167091e-01
6.224003029684903598e-01
1.858233791649023803e-01
6.584925573793538600e-01
1.542386058163424556e+00
1.454763418878896930e+00
3.582871637153632327e-01
2.700721002577391450e-01
5.472272486227874877e-01
1.152985101508986893e-01
9.309016878289989583e-01
6.274255808140175583e-01
2.845678108614889457e+00
1.590774008252383354e+00
9.825618782149193597e-01
4.723302324515342154e-01
9.959989929248811436e-01
1.896592839936130093e-01
8.091498145476330173e-01
8.170459310411287701e-01
