1.635143714642169011e+00
1.163933711554219208e+00
1.620308540894623395e+00
1.213264189803874959e+00
1.478124858374308292e+00
1.015451942937100283e+00
1.071172715694441058e+00
8.018067460946705083e-01
9.474267522854652457e-01
1.759602419221047098e+00
8.833868120632960563e-01
9.855241720983026754e-01
9.995104270543081482e-01
1.400903644369797085e+00
7.798204205930554522e-01
1.353906920956519988e+00
1.274438194674119895e+00
2.045020851537906470e+00
1.399819873387771141e+00
1.098815706914043400e+00
1.261466335389377136e+00
8.333315963787444325e-01
3.744112279277879818e+00
8.723853008169254464e-01
9.383068700296945952e-01
2.102053776111707961e+00
5.317978647107786117e-01
6.086738185283350200e-01
4.279317054848466584e-01
1.205174218890234572e+00
6.118303748940917552e-01
3.215730144086901832e-01
1.752262367079766570e-01
7.682863202266156932e-01
1.404983450074514195e+00
1.803617148431833517e+00
4.647412839535606799e-01
2.730043060799517973e-01
6.441801725463893735e-01
1.382389342008904232e-01
1.103112807704527798e+00
5.217985980796403522e-01
2.974003872140953852e+00
2.487685571315526811e+00
1.024680406666322430e+00
4.145325470181202565e-01
8.944514150272512287e-01
1.470761017821344829e-01
1.413159828506496796e+00
7.448416665288646321e-01
